0.822415
-0.0670304
0.21045999999999998
0.300354
2.025
1.09372
0.385851
-0.267496
0.640782
0.5859880000000001
1.55155
1.01781
0.17515799999999998
-0.525939
-0.0017096
3.1207599999999998
1.47269
-0.629075
0.518374
0.6644680000000001
0.34628400000000004
0.246745
-0.7790100000000001
0.607843
0.556747
3.1151400000000002
0.636139
0.040675499999999996
0.427045
0.715059
-0.00263071
-0.318379
1.34301
0.9301799999999999
1.47928
2.9385
-0.0167069
-0.188902
1.3671799999999998
-0.5905239999999999
-0.296681
1.7426599999999999
0.0137218
0.35325700000000004
0.962089
0.798754
0.562768
0.506849
1.02512
-0.140032
1.97963
0.454541
1.01393
-0.126217
-0.0215775
0.6125619999999999
1.73963
0.649439
1.63095
0.954842
0.004854
0.46808900000000003
0.291908
1.60045
0.07274789999999999
1.39544
1.12176
0.425041
-0.052699
-0.143591
-0.26004099999999997
0.634664
2.5053799999999997
1.07796
2.59207
1.1880600000000001
2.62244
3.30352
0.043831300000000004
2.77536
2.18622
-0.037314
0.9586709999999999
-0.202375
0.6015199999999999
-0.401233
0.46553100000000003
0.175128
0.24696500000000002
-0.09011210000000001
0.619265
0.361777
0.571538
1.75242
3.1137599999999996
-0.17840599999999998
0.24552399999999996
-0.481968
-0.24983200000000003
1.8897700000000002
0.388425
1.55316
1.6929400000000001
0.709234
0.8932889999999999
0.291829
-0.106357
1.0112700000000001
1.2232299999999998
0.48279700000000003
1.7414900000000002
-0.07071210000000001
0.672397
1.6042399999999999
0.0140172
1.0228700000000002
0.550776
-0.26770700000000003
0.00803811
0.417108
1.2588
0.707923
0.7161850000000001
-0.0911902
0.032723300000000004
1.14534
0.658022
4.08954
1.46644
0.349584
3.5068900000000003
-0.07150369999999999
1.75427
-0.24915700000000002
-0.861951
0.540198
0.537902
1.36399
1.30871
-0.101502
-0.104154
0.170372
0.09224389999999999
1.6402700000000001
1.20652
3.50696
-1.44086
-0.49713100000000005
2.41283
3.4794099999999997
-0.429109
-0.00929203
-1.9136900000000001
0.616785
0.866458
2.4997700000000003
-0.696048
2.56082
-0.9736940000000001
3.40585
-1.34589
0.9275040000000001
4.0176
1.59158
-1.14642
-0.146774
2.90972
1.16575
1.36405
2.53211
-0.391997
0.201378
0.179306
1.6258
2.2149099999999997
2.3828099999999997
-0.933592
4.46603
-0.812897
0.391368
2.5796099999999997
0.20136199999999999
2.02376
2.1703200000000002
-0.9018889999999999
1.05609
0.233396
0.310743
0.873764
1.1427200000000002
-1.00159
2.28729
0.31555300000000003
-0.774598
2.96834
0.991366
-0.726917
-0.309048
-0.0431961
2.1863900000000003
0.0730176
1.45851
1.3029600000000001
1.4976200000000002
2.4815099999999997
2.9058
2.8820900000000003
1.4344299999999999
1.1324100000000001
0.8452360000000001
2.3305
1.98662
-0.671438
-0.537778
1.94292
-0.652055
2.11727
-0.9939120000000001
0.349028
0.8942370000000001
-0.0559437
2.6577599999999997
-1.34837
2.47887
1.42154
3.46507
-0.685079
1.31122
0.976182
0.461271
0.109545
1.9946700000000002
-0.232658
0.864382
0.26116999999999996
4.0312
-0.7598060000000001
-0.70025
-0.166482
0.626958
0.054434199999999995
1.81503
2.2935
2.66301
-0.144397
-0.858459
1.7735299999999998
1.57997
-0.225633
-0.234537
0.830282
3.2645299999999997
2.6654299999999997
0.805936
0.332571
2.5953
2.78661
-0.336323
-0.7731020000000001
1.50314
1.71965
3.06122
3.47022
2.594
2.27502
0.093296
0.0701423
0.385635
1.44662
0.744202
1.41359
-1.2934
0.515951
2.23999
2.98343
1.90536
-1.0956
-1.9679799999999998
2.49494
0.331463
-0.874338
0.642678
-0.0605812
0.156594
-1.22533
0.302054
-0.880555
-0.771145
-1.76942
-0.997006
-0.355273
-0.464257
-0.531991
-0.219827
0.299702
-0.580379
-0.42210299999999995
-0.131442
-1.65885
0.0527231
0.704974
0.0
0.0
0.0
-1.01088
-1.11148
-2.54313
-0.8502930000000001
-0.465107
-1.3129
-0.025908799999999996
-1.26231
0.0
0.201216
-0.0741054
-1.63372
-0.418829
0.07202289999999999
-2.49822
0.0
-0.743035
-0.329936
-0.0760036
-0.374219
-1.38305
-1.06714
0.0207319
0.013788
0.625541
-1.41634
-0.566174
0.725562
-0.542331
-0.274338
0.0
0.534459
0.6157100000000001
-0.2818
-0.44706999999999997
-0.81665
-1.07587
0.438586
-0.0946336
-0.23453400000000002
0.160584
-0.486256
0.143628
-0.34152
-0.8659450000000001
0.241011
0.6547390000000001
-0.24821500000000002
-1.26401
-0.439266
-0.272227
0.0553181
0.0
-0.386779
-0.486759
-2.8759900000000003
-0.7408600000000001
0.374612
-1.314
0.254181
-0.24925799999999998
-0.829885
0.5194449999999999
-0.898547
0.698503
-1.59189
-0.952365
0.10142999999999999
0.815657
-0.855348
-0.592356
-0.11917
-0.167527
0.314192
-0.616418
-0.990024
-1.4310100000000001
-0.945965
-0.752278
-0.66828
0.17213
-2.44544
0.344583
-0.0679862
0.47628400000000004
-2.32309
-0.813749
-0.8002630000000001
0.525505
-0.460088
0.44505100000000003
0.720939
0.12745
0.6822199999999999
0.0
0.0996864
0.169074
-0.519007
-0.275052
0.232396
0.270569
0.0
-0.217284
-1.19164
-1.76056
0.610545
0.535193
0.7945220000000001
-1.0768799999999998
-0.32517199999999996
-0.225931
-0.0930193
-1.42234
-1.79615
0.0
0.8539629999999999
-1.65655
-0.753853
0.0
-0.752467
0.978816
-0.5776060000000001
0.0227054
-1.0006
0.46708
-0.0779429
0.287833
0.20711300000000002
-1.9356400000000002
0.906897
-0.336989
0.654572
0.293414
-0.6239210000000001
0.107852
0.0
-0.267358
-0.4014
-0.818573
0.567645
0.353073
0.813543
-2.23367
-1.2705799999999998
0.20058199999999998
0.400281
-0.5316069999999999
0.0265491
0.43944700000000003
0.385548
-0.655718
-0.104484
0.28023899999999996
0.73428
-1.23469
0.0
-0.06664149999999999
-0.954601
-2.2428
0.563319
-0.174623
-1.6636900000000001
0.301241
-0.6982689999999999
-0.8302360000000001
-1.24729
-0.236186
-2.4281900000000003
-0.886043
0.1618
-0.681701
0.0221451
0.245579
-1.2353299999999998
-0.321633
0.40275700000000003
0.0717299
-1.27488
-0.5154
-0.20005699999999998
-0.29775999999999997
-0.74295
-0.45568500000000006
-2.44713
-0.0931403
0.042082999999999995
0.225571
0.13819700000000001
0.393975
0.20816500000000002
0.8876139999999999
0.359967
-0.9097940000000001
-0.21807800000000002
0.386419
-0.48957399999999995
-0.09875410000000001
-0.39359299999999997
0.0
-1.6935799999999999
-0.00748384
-1.1619700000000002
-0.133973
-0.695495
-0.269321
-0.797801
0.17674700000000002
0.209407
-0.291603
0.686348
-0.29467
-0.25708200000000003
0.548696
-0.693602
-0.397431
-0.0522976
-0.00401114
0.543407
0.7187279999999999
-0.829976
0.827623
-0.9841129999999999
-0.477761
-1.0804
-1.00498
-0.63002
-0.778917
0.0
0.17465
0.0459554
0.34037199999999995
0.6190869999999999
-0.14069700000000002
0.34510799999999997
0.0
0.680608
-0.767415
0.0335364
-0.0411663
0.646039
0.156063
-1.57037
-0.21255900000000003
-0.439263
0.0281834
-0.98283
-1.2439799999999999
-0.38066700000000003
-0.27536700000000003
-0.523878
-0.173481
-0.8540760000000001
-2.69749
0.0120988
-0.878008
0.0
-1.2599
-1.06229
-1.27305
-1.3635899999999999
-1.92281
-1.4212799999999999
0.0
0.857024
-0.116791
-0.295358
0.0
-1.12439
-0.716268
0.871367
0.0
-0.57796
0.302673
-0.57276
-0.8873840000000001
0.025840199999999997
-0.6259060000000001
-1.12303
-0.294223
-0.45890600000000004
-0.976242
-0.370462
-0.555187
0.394115
-0.29194699999999996
-1.7208599999999998
-0.0578865
0.468321
-0.275223
0.0406923
-0.34557899999999997
-0.192954
-0.1749
-0.09003589999999999
0.354889
-0.704096
-0.408511
0.137443
0.34284899999999996
-0.286018
0.16181600000000002
0.11126099999999998
0.285643
-0.757875
-0.631512
-2.7298
-0.616261
-1.74291
-0.9315
-0.6850430000000001
-1.32344
-0.9104270000000001
-0.0123874
-0.651476
0.11646
-1.07206
0.538321
-0.159847
-0.58726
-0.261472
-1.20195
0.0
-1.30687
-0.32069000000000003
0.71091
0.0736235
-0.169441
0.0
0.0
0.5969270000000001
1.07627
0.0405306
-0.7433069999999999
1.38463
0.0224767
0.385027
-0.0570509
-0.190727
-0.9687530000000001
0.11871199999999998
-1.23929
0.000174899
0.848002
0.6682939999999999
0.0
-0.150223
-0.226611
0.625683
-0.31209499999999996
-0.46666
-0.294747
-0.453988
-0.9207549999999999
-0.649003
-1.51749
0.622405
0.341115
-0.051369500000000005
0.0928707
-1.3432
-0.05157869999999999
-0.0703289
0.12299500000000001
0.7620319999999999
-0.0335797
-1.40749
-0.470555
-1.09914
-0.9241510000000001
-1.05168
0.558167
-0.244732
0.0
-1.68113
0.45171999999999995
-0.21556199999999998
0.246908
0.107964
-0.7609319999999999
-0.308397
-1.69997
0.0
-0.509458
0.0
-0.549567
0.12499400000000001
-1.8887599999999998
-0.381787
-0.170773
-0.18314
0.111626
-0.24443299999999998
0.249877
-0.496093
0.571433
-1.3304799999999999
-0.19917
-0.49805699999999997
0.744182
-0.132945
-0.347296
-0.31993699999999997
-1.3455
0.374291
-0.305779
0.749907
-0.33729699999999996
-0.982569
-0.113212
0.96706
0.0911453
0.65991
0.392192
-0.367806
0.0
0.133347
0.477047
0.23028800000000002
0.00856616
1.91198
0.287877
-0.696338
-1.05694
0.171977
-1.0851
-0.517437
-0.00605276
-0.41889099999999996
-0.0929054
-0.382565
-1.37191
-1.3336299999999999
-0.280634
-0.191502
-0.717615
-0.8893840000000001
-0.838405
-0.921269
0.293783
0.0291546
-0.742343
-0.559987
0.07501569999999999
0.362577
0.38319000000000003
0.0
-0.19031199999999998
0.23737800000000003
-0.143494
-0.46291899999999997
-1.0536
0.200775
-0.245734
0.134978
0.516149
1.02597
0.6074229999999999
0.362072
-0.32777399999999995
-0.420044
0.0
-1.26031
-1.02158
-0.585676
-0.120683
-1.04589
0.0385844
-0.290781
-0.159771
-1.40124
0.11746600000000001
-0.123655
1.03605
-0.40933
-0.90845
0.22927899999999998
-1.36553
-1.058
-0.0028355999999999998
0.0
0.00100572
0.41553900000000005
0.0
-0.41733000000000003
-0.601115
-0.384984
0.0519687
-0.40724299999999997
-0.529205
0.205591
-1.38294
-1.21042
-0.0632266
0.290865
0.606299
0.0103228
1.11313
-0.8659450000000001
-1.27785
0.010811
-1.04623
-0.168378
-0.69944
0.0
-0.196926
-0.677571
0.0122156
0.293298
0.18621
-0.5382680000000001
0.703523
0.0
0.0
-0.319522
-0.26824000000000003
0.0584929
-0.616117
0.043631300000000005
-0.982232
-0.6915859999999999
-0.204018
0.08279689999999999
0.0
-0.100988
-0.480993
-0.7129479999999999
-2.3357200000000002
0.0
0.266718
-0.188883
-0.629781
0.118335
-0.168458
0.19659000000000001
-0.145484
-0.5003920000000001
-1.58502
0.128183
-0.177782
-0.657307
-0.0958771
-0.845567
0.750976
0.124224
-0.772884
0.23279299999999997
-0.204814
-0.06623480000000001
0.552712
-0.48166000000000003
-0.364104
0.272502
-0.760085
-1.5641
-0.196588
0.239481
0.7055819999999999
0.0
-0.978757
-1.15812
-0.614045
-0.323293
-0.26347600000000004
0.783065
0.592234
0.0912215
0.15846400000000002
0.557963
0.329266
-0.19448800000000002
-1.34656
0.114222
0.101605
0.717214
-0.302875
0.566055
0.23872600000000002
-0.306716
-0.0019715
0.301744
0.419574
-0.154032
-1.27541
0.0932903
-0.765881
0.167972
0.030636700000000003
0.6381140000000001
-0.16423800000000002
-0.37695300000000004
-0.796247
-0.353848
-1.01213
0.532381
-0.8378329999999999
-0.0202564
0.0
-0.06755169999999999
-0.368946
-0.454798
0.0388974
-0.03730119999999999
-0.217651
0.485903
0.152219
-0.155777
0.744765
-0.219588
0.0603842
-1.46199
0.16841199999999998
-0.787764
0.5414439999999999
-0.511594
-1.09799
-0.594529
-0.87175
0.174752
0.9030299999999999
0.0
-0.799146
0.214075
0.0
-0.42620399999999997
-0.503159
-0.0525751
-0.5097079999999999
0.445474
0.0
0.0261538
0.570854
0.5853430000000001
-0.388065
-0.485229
-0.5755319999999999
-0.67101
-0.352956
0.24765
-1.1156
0.0
0.0
-0.38307199999999997
-1.55542
0.0
-0.514602
-0.9732879999999999
-0.296536
0.21380500000000002
0.0806463
-0.372871
0.6605439999999999
-0.23140700000000003
-1.63962
