1.19729
2.2497599999999998
0.729495
1.21363
-0.276306
0.0226434
1.37695
0.325015
-0.673317
0.0715133
2.202
0.09176419999999999
-0.759109
1.00241
0.597734
-0.347356
0.288719
0.31144
0.11768900000000002
-0.610399
1.1103399999999999
0.20031400000000002
-0.109667
0.9526629999999999
0.845565
-1.3000399999999999
1.36545
1.8398599999999998
0.129551
-0.32962800000000003
0.61552
0.140495
1.00316
0.167532
0.0863639
0.241655
0.117318
-0.466077
0.7795920000000001
0.355414
0.441499
-0.781158
0.216162
-0.32949
-0.15987
1.0623
1.24957
0.7585270000000001
0.586454
0.159178
-0.349436
0.389449
1.09958
0.290132
-0.412509
0.199206
0.253855
1.4318799999999998
-0.30897600000000003
1.06316
0.6491600000000001
0.126917
0.527518
1.62591
0.500069
1.40016
0.448065
0.425429
-0.29785100000000003
0.5335850000000001
0.342498
0.25936
-0.734243
1.7545400000000002
-0.38160700000000003
0.447007
-0.6764399999999999
-0.42874300000000004
-0.541533
0.47175600000000006
0.179027
0.538655
0.41447799999999996
-0.08333860000000001
0.08684689999999999
1.4959799999999999
-0.357736
0.49363500000000005
0.624451
0.5831609999999999
0.956636
-0.48425799999999997
2.0322400000000003
1.9456200000000001
-0.49772700000000003
1.02155
0.00883322
-0.26168800000000003
0.143025
0.425646
0.8736379999999999
0.325764
0.26753699999999997
0.7850050000000001
1.8817099999999998
-0.140698
-0.185083
0.6120359999999999
-0.0104152
0.311612
0.40035
-0.48929799999999996
1.39157
0.341003
-0.138211
2.07572
1.89619
-0.5604140000000001
0.148369
2.64537
-0.15770399999999998
-0.00230083
0.231677
0.463704
0.345825
1.70123
-0.255173
0.5041100000000001
-0.533667
1.09449
0.013887100000000001
-0.455031
0.737747
0.06635139999999999
-0.497467
-0.407236
0.181231
0.9765940000000001
1.14252
0.399397
-0.106599
0.131212
-0.23563499999999998
1.6490900000000002
1.44534
0.879144
-0.540871
-0.000285185
0.125654
0.17162
-0.1644
-0.08837189999999999
0.103824
3.50464
0.533981
0.202934
1.26908
-0.026525099999999996
-0.00396031
-1.16334
-0.0799294
0.0433176
0.17171
2.1143099999999997
-0.111599
0.8952040000000001
-0.46735299999999996
2.1644200000000002
0.271254
-0.949942
-0.521291
0.482833
0.5036930000000001
0.266228
0.36283899999999997
0.180779
-1.12378
0.39349
-0.801918
-0.152044
0.41320500000000004
-0.512423
-0.737627
0.537381
2.86755
2.51142
-0.178808
1.24006
3.3885300000000003
1.57308
0.503734
-0.049899400000000003
0.902647
-0.139459
-0.27908099999999997
0.0433567
-0.132054
-0.16999
0.456955
0.583915
0.642915
-0.472386
0.357838
0.3522
1.85483
-0.145812
-0.08860470000000001
-0.782687
2.04053
0.0366528
2.10886
0.502429
-0.863492
0.060618
-0.133902
0.18668900000000002
-0.680542
-0.825895
-0.0477985
2.9333299999999998
-0.627629
0.301135
0.21286799999999997
0.262125
0.196498
0.736987
-1.12361
1.79253
-0.736158
0.610298
0.49186499999999994
-0.177794
-0.8593959999999999
0.908091
0.683133
0.023800599999999998
-0.984035
0.9019530000000001
-0.419745
0.0208216
1.1791399999999999
1.94402
0.505622
-0.330935
-0.45363000000000003
-0.13073900000000002
0.6966600000000001
1.02004
0.48941599999999996
-0.794927
0.44615
-0.5756819999999999
1.02583
2.4493400000000003
0.8005760000000001
-0.7509520000000001
0.231102
-0.645616
0.354962
-0.180579
1.21499
0.08115739999999999
-0.689176
-0.60763
0.308529
0.787159
0.693786
0.61851
1.23684
1.19164
1.9457
0.699329
0.716069
-0.0288384
0.5301140000000001
-0.043015
-0.659996
-0.00301245
-0.0732467
0.9311959999999999
0.00104563
0.408746
0.229527
1.11369
-0.542797
0.347202
0.21692399999999998
-0.540399
-0.0890408
-0.707364
-0.8991469999999999
0.07756560000000001
-0.39059699999999997
0.444625
0.43520299999999995
-0.26962800000000003
-0.593691
-0.369568
-1.13449
-0.183999
0.296794
0.0
0.0
0.0
-0.06614260000000001
0.918819
-0.560646
-0.145058
0.256658
-0.561037
0.42400600000000005
-0.0836988
0.0
0.5484
-0.0452284
-0.34907
-0.0349649
0.203395
0.12128900000000001
0.0
-0.0249504
0.31045
1.17676
0.165023
-0.633886
0.291573
-0.244121
-0.24862399999999998
-0.413184
-0.7062149999999999
0.296543
0.12929000000000002
-0.33727199999999996
-0.468189
0.0
0.416975
-0.9364120000000001
-0.09410779999999999
1.9215400000000002
-0.28996900000000003
-0.510133
0.47094600000000003
0.3452
-0.237197
-0.490791
-0.344371
0.40915
-0.444276
-0.498688
1.36582
0.919207
-1.11592
-1.43602
0.215187
0.663721
-0.0335087
0.0
-0.0796569
0.490472
0.043142599999999996
0.777907
0.108901
-0.00926829
-0.596159
0.104644
-0.45428599999999997
-0.8778
0.192418
0.650173
0.311407
-0.143774
0.38814299999999996
0.152054
-0.270169
-1.41841
-0.813001
-0.139104
0.31345100000000004
0.024753400000000002
1.27639
0.19888499999999998
0.24997199999999997
-0.199243
-0.652722
-0.213164
0.853433
-0.435532
0.230014
0.286102
-0.98277
-1.00624
2.9665
1.6230200000000001
-0.504921
0.373179
-0.0107676
-0.29034899999999997
-0.14890699999999998
0.0
0.15407300000000002
0.777892
0.435802
-1.26401
0.21935100000000002
-0.325018
0.0
0.508654
-1.03506
-1.0836299999999999
0.276934
1.15041
0.512975
-0.08446310000000001
-0.64055
0.426774
-0.188493
1.8621599999999998
0.9981120000000001
0.0
-0.117237
-1.7500900000000001
-0.220218
0.0
0.6244310000000001
0.748562
-0.570605
-0.0749725
-0.967973
0.169743
1.33051
0.618326
-0.12364800000000001
-1.47868
0.501267
-0.40221799999999996
0.459566
-0.545967
0.08207489999999999
0.038156
0.0
0.0876194
-0.359573
0.15407300000000002
-0.0758607
0.15382
0.181552
0.23030100000000003
0.0827128
0.25319400000000003
-0.552421
0.409734
0.722638
0.157305
0.216718
0.397318
0.489147
0.516648
2.8205400000000003
-0.367168
0.0
0.7376189999999999
0.153271
1.15628
1.44645
0.09872489999999999
-0.675483
0.838626
1.1805700000000001
0.0206843
0.907227
0.0910571
-0.847867
1.41667
0.033451999999999996
0.386322
-0.306794
-0.0372645
-1.3314
0.638464
0.539061
0.44844799999999996
2.0107
-0.41630500000000004
0.302149
0.275173
0.698418
0.556096
0.0889934
0.305004
-0.267602
0.000514835
0.0257433
0.449929
0.716494
0.589118
0.384213
0.041602099999999996
0.00577153
0.49757700000000005
0.49974700000000005
0.305245
-0.0824695
0.0
-0.894834
0.54061
0.179804
-0.185877
-0.504147
-0.214684
-0.634876
1.43469
0.590633
0.204279
0.13704000000000002
-0.447287
-0.07561419999999999
-0.6637609999999999
-0.747962
-0.565561
0.287521
-0.722693
0.432367
0.149857
0.888443
0.357008
0.38155500000000003
0.14768599999999998
-0.43078599999999995
-0.191891
0.371594
-0.431647
0.0
0.657284
0.486598
0.376053
0.527058
0.5083
-0.18471700000000002
0.0
-0.336414
0.40915100000000004
-0.235039
-0.0009608010000000001
0.138826
0.962458
-1.2471299999999998
0.36090300000000003
-0.0208718
-1.3333700000000002
-0.9100209999999999
-0.276341
-0.794741
0.293898
-0.171577
-1.2904200000000001
-1.38162
0.194399
0.850807
-1.47117
0.0
-0.886697
-0.283665
0.56237
0.489854
1.35353
-1.2764
0.0
0.34622600000000003
-0.10969100000000001
-1.18221
0.0
0.723188
-0.145808
1.19289
0.0
-0.504035
-0.41987399999999997
-0.34122600000000003
-0.364248
-0.171556
0.148332
-1.14002
0.471979
-0.680545
0.140073
0.258862
-0.745161
0.617482
-0.571856
-0.12604500000000002
0.294027
-0.317738
0.480034
0.568317
0.14535499999999998
0.584907
0.268253
1.39888
0.283697
-0.126006
-0.0961252
-0.351591
0.356427
-0.786091
0.319075
0.175494
0.5663590000000001
0.475025
-1.36884
0.202703
-0.203812
-0.0355918
0.19281900000000002
0.572218
-1.00052
0.497874
0.129496
-0.523496
1.05695
-0.287877
0.832182
-0.117298
-0.503672
-0.693096
-0.660771
0.0
-0.575443
0.166324
0.8089529999999999
0.244376
0.810917
0.0
0.0
-1.51547
0.694347
-0.0185709
0.5102270000000001
1.60195
-0.817078
-0.036149900000000006
-0.325822
0.346655
-0.387805
-0.5743199999999999
-0.28510599999999997
0.23722600000000002
-0.0379537
-0.46361800000000003
0.0
-0.194145
0.175939
-0.00142359
-0.440696
-0.9089659999999999
0.655053
-0.42576
-0.620975
-0.150786
0.000552496
-0.457458
-0.161437
0.729474
0.337229
-1.04844
0.655032
-0.695063
-0.07675549999999999
2.09127
-0.270176
-1.00987
-0.146091
-0.583802
-0.0127814
-0.05318430000000001
0.0718835
-0.41168599999999994
0.0
-1.4294200000000001
0.0415976
-0.0333406
0.465855
-0.20840100000000003
0.7357060000000001
0.475948
-1.50579
0.0
-0.28193
0.0
-0.41964700000000005
-0.621023
0.106152
0.0682717
-0.659041
0.8533139999999999
-0.378201
-0.602391
1.62449
-0.0874898
-0.0939702
0.43003500000000006
-0.526988
0.352998
0.34345
-0.0773577
-0.7029340000000001
-0.792725
-0.75345
1.43903
0.048049
0.955175
-0.168981
1.52135
-0.331306
-0.367996
0.407816
0.669076
0.05554389999999999
0.185823
0.0
0.356321
-0.625977
-0.174252
-0.8152050000000001
0.546313
-0.0412344
-0.698625
0.6063390000000001
-0.395383
-0.169237
-0.0647961
1.1790200000000002
-0.949298
0.6445569999999999
-0.187315
-0.24316
0.219072
-0.346035
3.25684
-0.035146699999999996
-0.271783
0.978137
-0.8790950000000001
0.775656
0.11538399999999999
0.225879
-0.664972
-0.140403
0.00803677
0.255828
0.0
0.234594
0.11719600000000001
-0.16717100000000001
0.0819482
-0.569663
0.0786758
0.787749
0.12646400000000002
0.701543
-1.00987
0.08045110000000001
0.35438200000000003
-0.21355700000000002
-0.9718899999999999
0.0
-0.567322
-0.269858
-0.223717
0.108421
-1.5407
0.24563200000000002
0.0308003
-0.523733
-1.2590299999999999
0.115122
0.309856
0.556976
0.51281
-0.21241300000000002
-0.19763599999999998
-1.17479
-0.49511499999999997
0.307129
0.0
-0.211385
0.282491
0.0
-0.25814499999999996
-0.287186
-0.109609
0.452725
-0.519099
1.61595
0.184375
-0.468472
-0.00787146
-0.25345500000000004
-0.000878784
-0.16550399999999998
-0.240035
1.6531200000000001
-1.3513899999999999
-0.273742
0.6568510000000001
-0.488071
-0.0334208
-0.19003499999999998
0.0
-0.623909
-0.09330110000000001
0.157809
0.13281700000000002
-0.0770438
1.30646
-0.729463
0.0
0.0
-0.15254600000000001
0.525472
0.137725
0.864067
0.287071
-0.5181600000000001
-0.28028400000000003
0.07299169999999999
1.52655
0.0
0.330877
0.740097
0.26056999999999997
-0.44952299999999995
0.0
-0.0304336
-0.972249
0.807315
-0.5611229999999999
-0.524288
-0.14038699999999998
-0.11477799999999999
0.571259
-0.0330258
0.08889689999999999
1.20415
-0.174152
-0.48640100000000003
0.043261400000000005
0.144567
1.03919
0.590727
0.473405
-0.418313
-0.00143341
0.09777480000000001
-0.0869288
-0.740742
-0.421784
0.0321776
-0.832965
-0.413357
-0.245612
0.221631
0.391642
-0.107879
-0.385533
-0.428591
-0.819996
-0.869812
-1.04585
-0.623448
0.9026290000000001
1.17848
1.3653
0.900384
0.28010300000000005
-0.22003899999999998
-0.8029350000000001
-0.08323710000000001
0.311569
0.815773
0.5046619999999999
-0.0166768
-0.167194
-0.22808499999999998
0.0335201
1.22738
-0.339708
2.08425
-0.21707800000000002
0.325447
-0.6108859999999999
-0.653809
0.591522
-0.172657
-0.102337
-0.139271
0.42073599999999994
-0.413753
0.427845
-0.9203610000000001
-0.773872
0.0
-0.4919
0.276729
0.6219439999999999
-0.722108
-0.271998
-0.39064
0.0398569
0.431864
-0.627058
-0.0428196
2.13203
0.693808
0.724683
1.0318399999999999
-0.234975
0.38715900000000003
-0.486967
-0.23876599999999998
-0.409064
-0.348454
0.297151
1.97985
0.0
-0.575443
1.31199
0.0
-0.6218020000000001
-0.472204
-0.532812
0.037685699999999996
0.129879
0.0
-0.671078
0.981476
-0.6591600000000001
2.9060599999999996
-0.242523
0.37764899999999996
-0.271056
0.244531
0.142765
0.254799
0.0
0.0
-0.161859
-0.601093
0.0
-0.333617
0.397382
-0.374284
2.36585
0.47259700000000004
0.396158
-0.0187043
0.853184
0.769446
