0.417958
-0.47562
-0.916582
0.0116494
-0.518867
-1.0224
3.01134
1.15753
-0.13253299999999998
1.36271
-0.49331800000000003
0.0175362
0.0175362
-0.5190779999999999
1.41395
-0.045784
0.259682
1.4869700000000001
1.33281
2.32645
0.7881779999999999
0.683796
0.173074
1.56677
2.3672299999999997
2.5068599999999996
1.6850900000000002
1.30178
1.06566
1.06566
0.727368
1.50498
1.9678799999999999
0.79293
-0.19153
0.32358600000000004
0.470318
-0.186115
0.111945
0.38454099999999997
0.658678
0.9683860000000001
3.36197
1.9941
2.24598
1.4048
0.867714
-0.434734
-2.59706
0.681905
-1.8464
2.27695
0.127673
2.7589799999999998
-0.855856
-0.830987
0.11480499999999999
0.7651100000000001
0.576079
0.613205
-0.838491
0.5151100000000001
0.8340420000000001
0.19935999999999998
-0.162687
0.6921039999999999
-0.036205
-1.1519
1.13828
-0.17441099999999998
1.36389
-0.346508
0.10903099999999999
-1.0824799999999999
-0.274627
-0.274627
-0.25714899999999996
0.0143335
-1.85565
0.153418
0.169234
0.664849
0.0984323
0.131197
-1.12929
-0.8201229999999999
-1.0833
-1.58355
-1.14283
0.292508
0.21589
0.22094499999999997
-0.8477899999999999
-1.74715
-1.31082
-0.0476856
-1.01096
0.531355
-0.199999
-0.42823900000000004
0.262763
-0.8667440000000001
-1.88315
-1.7127400000000002
-0.606006
-1.24709
-0.017556799999999997
-0.901439
-0.72592
-1.3071700000000002
0.9122399999999999
-0.673258
-0.92981
-0.44308500000000006
-0.05185549999999999
-0.475846
-0.052055899999999995
0.6944640000000001
-0.5650569999999999
-0.58846
2.0623299999999998
1.8228799999999998
0.384874
-0.6616449999999999
-0.740454
-0.565833
-4.32187
-0.500676
-4.2261
-5.34213
-0.345903
-0.5185529999999999
-1.2577399999999999
-0.217662
-0.9903379999999999
1.08323
-0.832404
-2.40675
-2.16819
-0.47225
-1.3125200000000001
2.41905
2.9866
0.182028
0.715707
-0.496566
-0.224014
-1.14814
-0.9679709999999999
-0.946355
-1.5712899999999999
-1.38586
-1.38828
2.34255
-0.561733
0.554705
0.990122
1.17935
2.01213
-0.778325
0.501686
0.130225
-0.483721
-0.540046
1.12914
-0.498183
-0.023613400000000003
-0.294089
0.655217
-0.761112
1.46879
0.734066
0.734066
-1.10961
-1.10961
-3.38153
-0.753215
0.00547547
-1.5489700000000002
0.18620899999999999
-0.561258
-0.406
1.2533
1.42621
0.0519038
-0.255623
-0.564351
-0.9169459999999999
-0.0461526
-0.0602741
-1.55446
0.145626
-0.318243
-0.793624
0.484063
-0.486814
-0.24378200000000003
0.301976
-0.292592
-0.292248
-0.140501
0.11529
-0.811124
-0.368575
0.998193
-2.02521
-0.5860270000000001
-0.402534
-1.42731
0.48240299999999997
-1.7044700000000002
-1.61015
-0.248138
0.49111000000000005
0.555713
-0.323337
-1.84048
0.0650885
1.27111
-0.14963800000000002
-1.42611
-0.535397
-0.986836
-0.9009209999999999
-1.0495299999999999
-0.365446
0.382398
0.09844739999999999
-0.408673
0.514668
-0.619012
0.8731620000000001
-0.461848
0.7942640000000001
-1.30915
-1.20241
-2.04549
-0.45519
-0.488964
-0.492986
-1.55675
-1.6640099999999998
-0.693577
-0.351709
0.0641809
-1.23108
0.716418
-1.29098
-0.75537
-0.600165
0.160723
-1.01725
-1.75807
0.0
-2.42001
-1.08257
-0.323703
-0.42419799999999996
-0.91938
0.58924
-1.4674
-0.714821
-0.41740600000000005
0.165356
-0.9267110000000001
-0.8194469999999999
-0.925738
0.494963
-0.992693
-1.09523
-0.17160899999999998
0.764626
-0.29129099999999997
1.0322
0.516263
0.109547
0.382011
0.117405
0.6647569999999999
0.6647569999999999
-0.41471099999999994
1.84076
1.2082
-0.232019
0.678537
0.447607
0.617157
-1.09256
0.639004
0.639004
0.846592
-0.744263
-0.963585
-0.388499
-0.706176
-0.319949
-0.579466
-1.40042
-2.3995900000000003
-0.0847298
0.5446979999999999
-0.11046900000000001
-0.925977
2.00977
1.49285
0.683614
0.711334
-0.779547
-0.617046
0.632837
-0.0653215
0.496066
0.711192
0.586904
-1.56649
0.20501599999999998
0.335244
0.114724
1.0646
-0.0646061
-0.832348
3.645
1.21876
0.340145
-1.97613
1.6273600000000001
0.696543
0.06987189999999999
-0.411763
0.11045799999999999
-0.6582939999999999
-0.985856
1.36474
0.832728
0.395003
2.84508
2.51048
3.1693
2.94467
0.607758
2.1632
3.0466900000000003
0.527616
-0.179257
0.0425672
-0.38715700000000003
0.825851
-0.874358
-0.23099299999999998
0.0341527
-1.0986799999999999
0.772563
-1.6764299999999999
0.362265
-0.277917
0.369555
-0.027136200000000003
-1.3927100000000001
-1.22196
-0.750661
-0.545154
-1.49127
0.00821832
-1.41755
-1.3985
-1.36578
-0.838667
-2.49175
-0.34367800000000004
0.0771684
-3.20237
0.400916
-0.99105
-1.52183
0.521904
-0.58836
-0.395694
-0.9234450000000001
-0.663552
-3.5563
1.05597
-1.0331
2.1693700000000002
1.11267
1.11267
-0.362577
-0.522273
-0.7412350000000001
0.482655
0.860491
-1.16135
-1.32406
0.5139
0.21837600000000001
-0.38100500000000004
1.54362
2.31332
-0.9540790000000001
-0.703638
0.6186520000000001
-0.9605319999999999
-0.21960700000000002
0.0149486
0.436741
-0.946941
1.40452
-0.11200999999999998
-0.758077
0.471448
-2.46571
-1.8163200000000002
1.35559
0.7438560000000001
-0.109899
0.426957
0.647066
2.75581
0.19351500000000002
0.309638
-0.624272
-0.311368
0.07730089999999999
-0.0577682
-0.394776
-0.492942
-0.9502659999999999
0.0696196
-0.863419
-0.450089
-0.450089
-1.9196900000000001
-0.756649
0.26307600000000003
-1.0384200000000001
-0.602949
-0.7580319999999999
0.719507
-0.684508
-1.09751
-1.17707
-0.475112
-0.6512859999999999
0.8651059999999999
0.461474
0.502577
-0.09100230000000001
0.177765
0.0281704
-2.26878
-0.18833
1.3239
-0.43602799999999997
-1.22525
-0.404828
0.5921310000000001
-2.1890400000000003
-0.0571101
0.8339690000000001
-0.100988
0.24547800000000003
0.20680300000000001
-4.010730000000001
-3.7820199999999997
-1.6287
