0.12668900000000002
0.763404
1.18157
0.0774435
0.49354
0.055117599999999996
3.46832
1.11785
1.59938
1.81149
1.44475
1.1661700000000002
1.1661700000000002
1.6667900000000002
1.5362
2.12868
0.8591469999999999
2.32628
1.1093
2.26289
-0.75084
1.2929
1.9432900000000002
2.6772
2.45729
3.56675
3.42214
2.50232
2.7126200000000003
2.7126200000000003
2.18892
1.35073
0.715005
0.556609
0.39537100000000003
1.08348
1.30426
0.7798069999999999
0.315291
0.933636
0.903568
0.191439
1.73862
2.31996
1.25631
1.71812
0.143062
0.393681
0.74339
-0.43160600000000005
1.28754
4.13799
1.21593
3.65993
0.486496
2.55337
2.5098700000000003
1.73607
2.25475
1.61471
1.34553
2.29684
0.707307
1.35276
1.19287
-0.133914
1.52378
0.3371
0.964361
0.532153
-0.333967
0.910751
0.183319
-0.312546
-1.0427
-1.0427
-0.346242
0.0479419
-0.0281698
-0.515413
1.01627
-0.404922
0.336165
-0.31112
0.568549
-1.8684
-0.00305354
-1.41283
-0.327687
0.168994
-0.497827
-0.0778434
1.11873
-0.12574000000000002
0.470075
0.7221920000000001
1.27814
1.32607
0.323054
1.5605799999999999
1.49532
-0.544032
-0.513472
-1.87025
2.3757
1.85112
1.85133
0.633055
-0.8374799999999999
-1.15313
-1.7286700000000002
1.43792
1.11713
0.777857
0.272437
-0.300464
0.28022800000000003
1.00508
0.0517022
0.23646799999999998
2.28465
2.63307
-0.8990389999999999
0.552828
0.26674699999999996
-0.576362
-4.50443
-0.469235
-0.37062399999999995
-0.154895
0.09862439999999999
-0.7481479999999999
-0.182647
-0.16198800000000002
-0.814241
1.05461
0.828094
0.0782331
-0.462149
-0.74708
-0.0161582
0.617163
1.1383299999999998
0.25801199999999996
-0.9915370000000001
-0.0965914
0.17167000000000002
0.257925
0.742933
0.250014
-0.392878
0.569109
-0.11055999999999999
1.0596700000000001
2.97816
-0.816333
0.784884
0.856237
0.530309
-0.293883
-0.247773
0.8684350000000001
-0.466674
0.814325
2.12474
0.8933110000000001
0.135255
-0.345516
0.679164
0.842612
0.0560114
1.5136
1.5136
-0.0501517
-0.0501517
0.22116999999999998
0.835851
0.49602799999999997
-0.9330069999999999
-0.368875
-0.43868900000000005
-0.00249988
0.7719229999999999
0.00612767
-0.388343
0.685454
-0.0489779
0.14857
0.372197
-0.30437
-0.43648400000000004
2.63752
0.7697510000000001
0.125064
-0.0801463
1.05288
-1.1103
-0.5337
-0.131459
0.277969
-1.2354100000000001
1.07875
-0.270982
0.5523279999999999
0.818238
-0.15518900000000002
-0.121512
0.0977262
-0.15802
1.33103
-0.030272800000000002
-1.09503
-0.557292
1.26799
-0.722673
0.0320961
0.176043
-0.646623
-1.02275
-0.109133
1.1162299999999998
0.16919700000000001
0.337273
1.30187
0.0401523
1.35051
0.666064
0.198918
-0.23247600000000002
-4.31303
1.03847
0.411234
0.898465
-0.413591
-0.37567
0.42142299999999994
1.2242899999999999
0.44441499999999995
-0.122777
0.900207
0.277944
-0.262929
0.402505
-0.028534500000000004
0.819084
0.446237
1.47327
-0.158751
0.381772
1.7767
-0.21088200000000001
-0.11180699999999999
-0.8633549999999999
-3.24363
-2.13144
0.233735
0.187717
1.42113
1.45085
0.28534499999999996
0.165996
0.0724656
0.40536300000000003
-0.164122
0.600846
-1.17866
1.16257
0.48076199999999997
1.02665
0.14027699999999999
0.144859
1.66772
0.199285
-0.036931599999999995
2.5950900000000003
1.09945
-0.236094
-0.5479539999999999
1.32207
1.32207
-0.227649
0.48537299999999994
1.2771299999999999
0.151178
0.38014000000000003
-0.5683020000000001
0.8666280000000001
1.00676
0.231262
0.231262
0.606877
0.383776
-0.0865831
-0.378316
0.019566099999999996
0.47156099999999995
-0.554768
-0.11926199999999999
0.344158
0.682014
1.07712
1.25071
0.235879
2.21175
1.7873700000000001
2.39132
0.531557
0.725132
-1.7501200000000001
0.399483
1.4289100000000001
0.222831
1.12529
0.687127
0.0107643
1.32287
1.49684
1.77738
1.73302
2.3839799999999998
1.50501
3.0562400000000003
1.4090799999999999
1.2065700000000001
0.7674449999999999
2.6152599999999997
1.91762
1.48139
1.1729100000000001
0.48731599999999997
1.01688
0.637595
1.8994099999999998
1.0645
1.08299
-0.402106
-0.014431999999999999
-0.68743
3.8867
2.19692
0.885805
2.10018
1.85034
0.977109
0.396594
0.8178479999999999
0.32295
1.9806400000000002
-0.618152
-0.264374
-2.7931
0.644309
0.8568540000000001
0.46279
-0.838982
-0.029634800000000003
-1.00061
-0.0785173
-1.46116
-0.47357200000000005
0.283957
-1.48623
-0.48198199999999997
-0.6333479999999999
-0.389187
-1.38869
0.42483699999999996
0.00600529
-1.1162
0.5977939999999999
-1.8218
0.39623200000000003
-0.160225
1.04996
-0.0454607
0.8459780000000001
1.08762
0.779503
-0.15621
0.5825100000000001
0.361827
0.612714
0.151104
1.23158
1.23158
1.58281
0.289163
0.428859
0.7474430000000001
-0.537922
-0.365888
-2.21024
0.523241
0.9397530000000001
2.04683
1.02544
1.62629
1.06966
0.738568
0.571365
0.12327300000000001
0.9603309999999999
0.9959629999999999
0.363076
0.7918029999999999
0.716689
1.3175
-0.0360908
-0.76007
0.752948
-0.235343
1.7874
0.5103270000000001
1.57928
1.23091
1.16946
3.73573
0.2997
-0.07555049999999999
0.16714600000000002
0.30299
-0.271499
-0.324758
-0.316671
0.278558
-0.102531
0.743053
-0.44473100000000004
-0.727283
-0.727283
-0.127433
0.592851
0.287552
-0.0700673
0.8912959999999999
-0.572468
0.45791000000000004
-0.152608
0.026185000000000003
0.7945720000000001
0.45426000000000005
-0.07663819999999999
-0.114147
-0.38389
-0.387602
0.49893000000000004
0.317112
0.23250900000000002
0.215398
-1.65146
0.813193
-0.473005
2.03666
0.9071
0.565036
-0.09028480000000001
0.0332471
0.987516
-0.0424333
-0.653195
-1.73617
-0.8718440000000001
-1.3200100000000001
0.36356900000000003
