0.12018399999999999
1.9457799999999998
1.1885700000000001
0.719884
1.40505
1.54595
1.64168
3.02572
0.520204
3.9701
3.7739800000000003
2.3941
2.3941
1.5971899999999999
-0.6688069999999999
-0.0739089
1.20458
0.320102
1.0526
-0.24090999999999999
-0.0563619
0.88023
4.0170900000000005
2.86217
1.98325
3.58572
5.32036
3.6437199999999996
4.54051
4.54051
2.7216299999999998
1.02045
-0.438497
0.639101
-0.140747
0.513641
0.187049
0.374601
-0.16254000000000002
2.7473799999999997
0.503944
1.09271
1.36647
0.991107
3.08935
2.0030799999999997
-0.25396599999999997
3.3540699999999997
-0.9534940000000001
-0.582306
1.057
1.19502
1.07289
2.26716
0.0595735
2.44291
3.7227300000000003
3.8258400000000004
3.77662
2.9986099999999998
0.7620359999999999
3.3106199999999997
1.55379
1.85893
1.25407
-0.39129899999999995
-0.182018
0.490325
1.40765
0.955033
1.78472
-1.59322
2.419
-0.253499
-1.45197
-1.45197
-4.19977
-0.992691
-0.5712520000000001
-2.16403
0.41609700000000005
1.39818
0.316782
-1.03836
0.172626
-0.563181
-0.380075
-0.815299
-0.00385578
-0.8638319999999999
-1.4104700000000001
-0.198761
0.331102
-1.6953200000000002
0.39660700000000004
0.797168
1.42573
1.0007700000000002
0.30234099999999997
0.858835
0.014127100000000002
-1.77315
1.51305
-0.301232
1.12375
0.44057399999999997
0.329928
0.343265
-0.6280319999999999
-0.8296459999999999
-1.69938
-2.61848
0.698946
-1.42072
-0.34113699999999997
-0.43489700000000003
1.53849
-0.0822803
1.5246899999999999
1.16241
1.58743
0.539693
-0.467046
0.056886
-0.05233380000000001
0.0868298
-4.60105
-1.8252400000000002
-3.07123
-0.0799675
0.0590678
-0.171941
0.687345
0.891933
-0.08865
1.5780299999999998
0.407091
0.203451
-1.2486
-1.34379
1.57914
2.16796
2.8247
2.00932
-0.113544
0.0465983
0.638735
0.49451999999999996
-0.379169
0.6878529999999999
-0.94844
-0.0893084
0.6224430000000001
0.8458899999999999
1.5073299999999998
-0.43994799999999995
-0.18801099999999998
2.5943
0.886036
1.9466900000000003
1.18577
1.0483200000000001
-0.0516461
3.02216
0.482545
0.714029
1.87162
-0.578271
0.538211
-0.23682899999999998
0.270441
-0.268737
-0.268737
0.171976
0.171976
-2.19579
-1.04929
0.42008100000000004
-0.764672
-0.591349
-0.552131
-0.119725
0.573555
-2.17711
0.42810600000000004
1.4356200000000001
0.81535
0.27465500000000004
0.716055
-1.26301
0.525475
0.678424
-0.44138900000000003
-0.127566
0.006107199999999999
0.35425500000000004
-2.49113
-0.360347
1.0679
0.903432
-1.28347
2.00867
-0.10782699999999999
-0.335042
0.749649
0.604364
-0.483914
-0.0867063
1.40993
1.7332299999999998
-0.27176300000000003
-0.20258299999999999
-0.137472
0.714777
-0.811448
-0.44716999999999996
0.0902167
-1.0999
0.775911
-0.822528
0.597879
2.9668200000000002
3.9410199999999995
1.44833
0.9859629999999999
0.126066
0.544771
-0.576537
-0.556497
-4.0772699999999995
0.248495
1.35264
0.951298
0.339172
-0.142772
1.04379
1.8479299999999999
-1.3423200000000002
0.686321
1.15134
0.988088
-0.509339
0.280882
0.550946
0.386067
0.081836
-0.233104
-0.287543
0.53805
1.6863599999999999
-0.186659
-1.02399
-1.43906
-3.79419
-0.6543359999999999
0.682106
1.23638
0.8548129999999999
0.9433860000000001
2.72234
0.563909
1.26855
-1.04267
0.57422
-0.423299
0.11811400000000001
0.694479
0.0299361
0.9815309999999999
0.0670742
1.40602
0.988977
0.8608459999999999
1.29085
1.0458100000000001
0.39812
-0.44566999999999996
-0.480113
2.9304200000000002
2.9304200000000002
0.49426800000000004
1.6367399999999999
-0.22147199999999997
0.6222260000000001
0.253325
-1.9642099999999998
0.23853200000000002
0.314394
-0.813575
-0.813575
0.232026
-0.0170525
1.1789399999999999
0.290578
-0.12701099999999999
-0.250225
-0.0506409
0.57767
-0.47439
1.05921
-0.29788600000000004
0.0286481
-1.75784
3.35196
1.87611
4.02545
1.80605
0.20957800000000001
-0.45393599999999995
2.49621
0.675323
1.33418
0.42414700000000005
-0.59135
0.8772780000000001
0.593767
1.78257
2.60645
0.9563950000000001
-0.28782199999999997
-0.137665
2.20456
2.36167
0.149624
0.6458149999999999
0.647779
0.816654
3.31796
0.588625
1.26445
0.274547
0.258603
1.49553
1.2913299999999999
0.9507
-1.50226
-0.7655069999999999
-0.408379
3.1863900000000003
1.5545799999999999
0.207222
1.53126
3.3614800000000002
1.6077
-0.115623
0.791337
1.08584
0.6131949999999999
-0.356799
0.706094
-0.256103
-0.576196
0.0842161
0.929477
0.11539300000000001
0.49402700000000005
-0.127187
0.6567609999999999
0.15507
-0.41794
0.340146
-0.8768819999999999
-2.17168
0.48574399999999995
-0.303935
-0.0670412
-0.280413
-0.34739899999999996
0.23824099999999998
0.0573491
-0.512594
0.566637
-0.71704
0.180609
1.37531
1.08819
0.261608
1.34015
0.515178
0.64741
0.635081
0.679471
0.09339460000000001
0.839988
0.839988
0.5476840000000001
1.12422
0.0472411
0.6535569999999999
0.620873
-0.320331
-1.02711
1.47066
0.134598
0.926385
2.53183
2.16318
0.7814949999999999
0.33925
1.03831
0.849016
1.91281
0.852632
-1.39184
1.26345
0.46490600000000004
-0.06654310000000001
0.46648599999999996
1.20728
1.03255
0.740112
2.12351
0.799504
-0.767494
-0.48048199999999996
0.411889
0.299052
1.31592
0.41752799999999995
-2.33914
-0.208188
-0.125686
0.46595200000000003
0.891608
-0.6052609999999999
0.691584
0.263853
0.9664389999999999
1.3813
1.3813
1.0047700000000002
0.49294399999999994
-0.244377
1.28051
0.8923139999999999
0.534571
1.84181
-0.609455
1.06877
0.953405
-0.300767
0.40344800000000003
-0.155226
-0.48757399999999995
-0.45148900000000003
1.0452
0.554321
-0.7464390000000001
-0.304296
0.925148
-0.604377
0.766618
0.182427
-0.695369
-0.0411451
-1.7189299999999998
-0.8452879999999999
1.42629
1.56602
0.8397190000000001
-0.626147
1.6073600000000001
1.45294
-0.00062968
