-1.09924
-0.929974
-0.35413
1.1551200000000001
-0.175033
0.00732353
2.1745799999999997
-0.6311439999999999
0.971375
-1.19254
-0.00834611
-0.304888
-0.304888
-0.687914
-0.16087200000000001
-0.595179
0.5391130000000001
0.9468780000000001
2.61057
4.05847
-1.38553
0.8850290000000001
1.4503700000000002
2.5735900000000003
1.60007
2.55322
3.24556
1.5872700000000002
1.51745
1.51745
1.0233700000000001
1.81752
1.52898
0.102823
-0.509668
0.0244671
1.09665
0.271828
-0.0697029
0.610999
-1.08361
-0.269779
4.20719
3.88596
2.5341
-0.942498
0.0913559
-0.560714
-0.11941700000000001
-0.5981029999999999
-2.3824099999999997
4.07964
0.94363
4.07316
-1.32412
-0.215943
1.03572
-0.148973
0.5745439999999999
-0.0955755
-0.523016
0.14390899999999998
-0.41458199999999995
0.196425
0.06961469999999999
0.8419139999999999
-1.18565
-0.0823612
0.49446899999999994
0.30132
-0.572754
-0.5246850000000001
-0.6185579999999999
-3.4188300000000003
-1.49377
-1.49377
-0.17668499999999998
0.275831
-2.20966
-0.199972
-0.883609
1.7906
0.827376
0.113803
0.10380999999999999
-1.45036
-1.43363
-0.595694
-1.21411
-0.078202
-1.50573
-0.433569
-0.342014
1.5019
-0.812102
-0.0918581
-0.147375
-1.2455399999999999
0.29147199999999995
-0.35827600000000004
-0.961976
-4.846369999999999
-3.9502099999999998
-1.4499
-0.0196151
-0.7096819999999999
-1.58124
-1.04485
-1.6376899999999999
-1.60469
-2.0669299999999997
-1.07489
-0.832205
-0.870491
-0.865066
0.869664
-0.379492
1.40126
-0.22294
0.0108584
1.25473
2.21773
0.40815799999999997
-3.11355
-1.00981
-0.208396
1.2562200000000001
-0.46244799999999997
-3.6044199999999997
-1.59077
-1.05882
-3.45015
-0.762905
-0.7234550000000001
-1.29891
0.653825
0.814693
-1.77604
-0.7682399999999999
-1.22783
-1.7579900000000002
1.5540200000000002
3.1411
-1.37148
-0.42702799999999996
-1.00397
-0.07492660000000001
-1.1658
0.520953
-0.12656099999999998
-1.35617
0.11218399999999999
0.752041
2.64033
0.696375
-0.301466
-0.499337
1.94195
-2.37252
-1.14604
-0.8537100000000001
-1.17303
-1.5664799999999999
-0.0491519
1.48044
3.06027
-0.28005399999999997
-0.129863
1.27485
1.0219
1.29311
0.48232299999999995
0.48232299999999995
-1.16276
-1.16276
-0.919298
-0.450039
-0.592228
-2.5347
0.7437590000000001
-0.729013
0.46050100000000005
-0.950946
-0.0105318
0.38714499999999996
-1.1534
0.145995
-0.678304
-1.4089
-0.70321
-2.8990099999999996
1.22729
-1.66658
-0.7004239999999999
0.0130636
-1.44694
-5.01042
-1.66603
0.636017
1.62921
0.14142000000000002
-0.484704
-2.68863
0.626926
0.803704
0.027384699999999998
-0.64548
-1.3167
-0.9332360000000001
0.24717199999999998
-1.33659
0.579538
-0.17258800000000002
-0.115152
1.3169
-1.76519
-0.027481000000000002
-0.437308
0.724946
-0.44973599999999997
-0.377676
-0.41500600000000004
-0.14464000000000002
1.36319
0.478871
-0.57427
-1.3632
-3.04489
0.0978546
-2.63715
-0.41824799999999995
0.41865399999999997
-0.6779689999999999
-1.3880000000000001
-1.58732
-0.6768810000000001
0.470037
-1.18216
-2.74658
-1.49537
-1.2011100000000001
-3.70646
-2.5756900000000003
-0.15404400000000001
0.57311
-0.534327
0.175347
-0.912975
-0.8395090000000001
-0.0780027
-0.7745350000000001
-1.83024
-2.26107
0.0
-4.5009
-1.9411599999999998
-0.39803099999999997
-0.427702
-0.627641
-0.794099
-1.07549
-1.58631
-0.0867666
-0.8721180000000001
-1.25352
-2.1167700000000003
0.00575742
0.0616706
0.07317
-0.701963
-0.654587
0.369772
1.62573
-0.357615
-0.232944
0.928984
-0.567997
-0.629354
2.34948
2.34948
-0.5679310000000001
0.021964599999999997
-0.0250739
0.26342
1.19425
-0.674447
-2.42524
-0.5969439999999999
0.837457
0.837457
-0.183033
-0.852952
0.244067
-0.34468000000000004
-1.7670700000000001
-1.47232
-3.4824900000000003
-0.20535100000000003
-0.385247
-0.923134
-0.789988
-2.78945
-0.57108
3.36975
1.7444099999999998
0.00909291
1.0682
-1.44557
-0.731668
0.782014
-0.0182091
0.83601
-0.321419
-0.371908
-2.13738
1.4015600000000001
1.26804
-1.20832
-0.775349
-0.0392326
-0.16505899999999998
4.7663199999999994
2.21124
-0.39429899999999996
-0.777173
1.08225
0.551906
-1.26926
-0.758469
-0.40839899999999996
-0.5115729999999999
-3.3456300000000003
0.341519
1.44421
0.0452147
2.19391
2.05464
2.1737
3.26119
1.10794
1.5509899999999999
3.8131
0.224043
0.9475899999999999
-1.062
0.667848
0.7522260000000001
-1.30725
-0.620949
0.303137
-0.332514
-1.89677
-0.8831530000000001
0.524044
0.034158999999999995
0.129137
-0.455978
-1.25809
-0.9007229999999999
-0.6723979999999999
-0.552534
-2.19797
-0.406127
-1.02998
-1.43331
-5.29496
0.593471
-1.1559
-1.8199299999999998
0.274812
-2.11383
-0.512971
-2.07223
-2.2053599999999998
-0.233379
-0.0763199
-2.18202
1.33744
-0.275816
-1.3221399999999999
-0.526511
0.863708
3.3192199999999996
2.89062
2.89062
-0.811314
-0.338256
-1.11843
-0.483295
0.54514
-1.9678400000000003
-2.97363
0.8510209999999999
1.71922
-0.667672
3.07145
2.68971
1.5932
1.89063
0.535251
0.0934302
-0.420918
-0.8209559999999999
-1.11027
0.0058246
-1.1828
-0.791438
-0.235794
-0.720106
-0.16518
-0.53768
-1.891
0.13833499999999999
-0.36035100000000003
0.779597
2.16188
3.88677
0.481213
0.05237819999999999
-0.742484
-0.599166
0.18993800000000002
1.00931
0.618751
-0.00973965
-1.78686
0.797953
-0.358166
-0.713645
-0.713645
-0.07266310000000001
-1.0602
0.862411
-2.69265
-0.381185
-0.701349
0.354937
-0.778438
0.63779
-0.596942
-2.3498200000000002
-2.3159799999999997
-0.717493
-0.620846
0.00677341
0.584884
-0.013814400000000001
-1.08304
-0.313258
3.0498
1.92963
-0.478205
2.45264
1.8587599999999997
1.74813
-3.04832
0.0674286
0.54678
0.00962347
-1.6027
-2.86722
0.118476
0.332243
-3.7504800000000005
