-0.135968
0.4299
1.42555
1.23199
0.181233
-0.791918
0.25666500000000003
0.182954
1.10691
0.686963
1.8388099999999998
-0.223583
-0.223583
0.45770600000000006
0.959261
1.0868799999999998
0.960307
1.9936200000000002
-0.8198120000000001
-0.245824
-0.7191270000000001
0.406852
0.626881
0.409013
0.0471326
-0.670531
-0.827584
0.511549
-0.482465
-0.482465
-0.50651
1.3442100000000001
2.10039
2.77267
1.6837400000000002
1.72128
2.31967
1.25842
0.71206
0.644964
0.805142
2.0122299999999997
2.2307
-0.9852719999999999
0.600681
0.00267719
-0.8416610000000001
-0.43351300000000004
-0.624799
0.066208
0.262252
-0.7415149999999999
-0.12021199999999999
-0.566587
0.177676
0.158638
0.222415
0.6629970000000001
0.49139700000000003
-0.698543
0.9072049999999999
1.68167
0.865074
0.57882
1.8269400000000002
0.397428
1.7137900000000001
0.862037
0.11314600000000001
-0.32653000000000004
0.31859499999999996
1.42751
-0.158979
0.13551
-0.66666
-0.66666
0.815547
-2.42015
-0.378556
-0.982331
1.20983
-0.62533
1.2636399999999999
-0.10482799999999999
1.37289
0.497654
0.25835
-0.157805
0.198561
0.211285
-0.00853985
0.16881300000000002
1.6095
0.053322
0.254498
0.376136
0.460708
0.17891600000000002
-0.46749700000000005
1.08991
0.309352
0.479905
-0.934624
-0.040704699999999996
1.0411299999999999
0.18954400000000002
0.273124
0.0628345
0.741811
-0.456556
-0.418101
0.9272540000000001
0.062369600000000004
0.433395
-0.026007799999999998
-0.238683
-0.0414259
0.730427
-0.772369
-0.698222
0.574783
0.673579
1.9367299999999998
0.393242
0.270115
-0.665403
-1.13425
0.668661
0.671553
-1.68555
0.582537
-0.277334
-0.0913586
-0.0958159
-1.4823600000000001
-0.19330799999999998
-0.794569
0.114766
-0.464355
-1.2135200000000002
-0.103652
-0.960724
0.464995
-0.0436436
0.22314
0.788233
-0.157152
0.837324
0.80857
0.365199
-0.264347
0.757544
0.6051949999999999
2.2330200000000002
0.728301
-0.143621
0.651443
2.25135
1.1397700000000002
0.9221809999999999
-0.10871800000000001
-0.279079
0.0892434
1.1670200000000002
1.4843899999999999
0.402762
1.18035
0.11149300000000001
0.789435
0.783921
2.80742
3.0200400000000003
3.0200400000000003
2.03551
2.03551
0.10864700000000001
1.679
0.949276
0.056373900000000005
0.607537
0.536453
-0.322108
-0.0186408
0.23205599999999998
-0.9912350000000001
-0.060407
0.615799
0.112429
1.27694
0.055081899999999996
-1.35552
0.868309
0.971923
-0.48548100000000005
0.272527
1.1353600000000001
0.037348900000000004
0.745739
0.675613
0.24366999999999997
-0.29323899999999997
0.933109
0.811533
-0.15796
-1.04518
0.336915
-0.75083
1.1442700000000001
1.01725
0.616382
0.0654695
-0.575493
-0.297142
-0.389583
0.5723659999999999
-1.38182
-0.5867600000000001
0.13306700000000002
0.593321
0.259561
0.408454
-0.45948599999999995
-0.666754
0.469753
-0.180344
0.51935
-0.144849
-0.0874695
1.40396
-4.31303
1.25736
-0.501772
0.731773
-0.499751
-1.32285
-0.657025
0.323675
0.298078
-1.2143
0.2678
-0.27408499999999997
-0.810059
0.267625
-0.021653
0.0677798
-1.36591
-0.521727
0.856301
0.47389
-0.762315
-0.64572
-0.22156599999999999
-0.9818979999999999
-2.5657099999999997
-2.15899
-0.217442
0.10473900000000001
0.9198360000000001
0.220714
0.609644
0.5656770000000001
-0.24543600000000002
-0.8650479999999999
0.53468
1.0439
-0.788745
0.856606
0.6412800000000001
1.3149600000000001
0.45439300000000005
-0.11456199999999998
2.4623
1.1756
-0.0156445
1.21571
0.64658
2.32735
2.4418
-0.0180047
-0.0180047
0.111045
3.35934
1.23977
1.29964
1.17611
1.33125
1.58063
1.3429
1.6552
1.6552
0.615273
0.5118189999999999
-0.437874
1.42703
1.47676
-0.44529799999999997
0.272936
1.2807
1.09257
0.0788158
0.980817
0.556909
1.26101
0.0125125
0.0498216
0.7813829999999999
-0.6385390000000001
1.37542
2.57773
0.609522
0.568581
0.6352949999999999
1.29425
3.6827900000000002
0.38929
0.98056
-0.09281619999999999
0.438882
-1.0789799999999998
0.8112550000000001
-0.0256161
-0.36286999999999997
2.56155
0.518776
-0.409114
0.441317
0.828751
-0.712213
0.810746
2.11128
1.69478
-0.29897199999999996
0.680237
0.771035
0.46098500000000003
2.22464
2.7325
1.46015
2.6438200000000003
2.32103
1.35104
1.1524299999999998
0.412054
-0.933608
0.535428
0.760022
0.0231729
0.502554
-0.0236451
0.311692
-0.367064
0.8452059999999999
1.0750899999999999
1.19061
-0.6011270000000001
-0.422254
-0.205389
-0.15320599999999998
-0.969167
0.05640740000000001
-0.34495
-0.391817
-0.573475
-0.518757
-0.6165189999999999
0.554515
-0.266504
-0.432924
-1.8852200000000001
-1.36964
0.347314
-1.6518
0.20194700000000002
1.42763
0.9538110000000001
1.4175200000000001
0.24418800000000002
-0.250605
-2.1041
-1.1916200000000001
1.18411
0.6166159999999999
1.39925
2.95735
2.95735
2.0883
-0.47643
-0.748336
0.652234
-0.380144
-0.235938
-1.63719
0.0517886
0.8609530000000001
0.5340600000000001
-0.401858
-0.171747
-0.70435
0.803556
0.7402449999999999
-0.0544653
1.31273
1.47662
0.835353
0.10386300000000001
2.12018
1.6310200000000001
0.712279
0.5168010000000001
0.432389
-0.138043
1.3248
0.6936100000000001
1.6455400000000002
1.18365
1.19858
0.219489
0.5191279999999999
0.404779
0.338592
0.0258728
-0.627161
0.870919
0.796082
0.7107289999999999
0.949943
-0.590838
-0.9491790000000001
-0.802872
-0.802872
-0.817029
0.619445
-0.44438599999999995
-0.503302
0.6396569999999999
-0.783234
-0.09905839999999999
0.0410533
-0.19346
1.63154
1.58384
0.826635
3.08509
1.0823200000000002
0.8003020000000001
0.505423
0.137901
1.75915
0.7303189999999999
-2.1894099999999996
-0.756901
-0.378601
3.76902
1.91077
1.88425
0.132832
0.844815
0.734065
-0.0618764
-0.0782527
-3.03283
-0.550501
-0.491958
1.74633
