0.522948
0.08025650000000001
0.171194
-0.417813
0.669821
-0.8324469999999999
2.26352
0.702421
0.8567799999999999
0.48944499999999996
1.307
-0.218494
-0.218494
-0.228856
0.702445
-0.7319859999999999
-0.0751691
0.551453
0.787084
1.5122799999999998
0.456736
1.2550700000000001
1.55304
-0.247479
-0.23474499999999998
1.7126
1.3891200000000001
1.59445
1.38588
1.38588
0.49306099999999997
1.44727
0.358982
0.279979
-0.6575300000000001
1.32071
1.32623
0.810963
0.10426400000000001
1.3330000000000002
0.551668
1.16108
1.0256299999999998
1.22478
1.00745
0.128495
-0.0195519
1.30359
-0.49799499999999997
-0.9226040000000001
0.224046
2.5040299999999998
0.709316
2.6912
0.018993799999999998
-0.0684256
-0.729785
0.6541859999999999
3.09195
-0.26214
-0.08366860000000001
0.86979
0.354759
1.42143
0.35640900000000003
0.16253900000000002
0.639688
-0.17588
1.47579
-0.616577
0.592595
0.623328
-0.0201864
-0.0709055
0.176612
0.176612
-1.15458
-3.0542
-0.152855
-1.3090600000000001
-0.71768
0.462092
-0.561842
-0.9960959999999999
-0.167954
-0.9077540000000001
0.506774
-0.270635
-1.7541
-1.6461
0.39475
-0.429124
0.306571
-0.43636800000000003
-0.294738
0.630997
0.8658520000000001
1.63301
-0.368284
0.0956929
0.627933
0.00117785
-0.816967
0.256769
-0.656446
0.195372
0.142495
-0.817152
-0.6507970000000001
-0.00834298
-0.482807
-1.42667
-0.211252
-0.573192
-2.12203
-0.9068229999999999
0.028960000000000003
1.59388
-0.383142
0.36840500000000004
0.300179
0.9837040000000001
0.39728
-0.408637
-0.673031
0.20307999999999998
-1.75807
0.709529
-0.499802
-0.8985549999999999
-0.842669
-1.20051
-0.76805
0.834334
-2.06075
0.786287
0.381738
-0.46578500000000006
-1.33809
0.281431
0.227154
0.440118
1.0682200000000002
0.0490461
-1.22704
-0.67903
-1.42836
-2.17688
-0.374231
-0.646934
-0.7119800000000001
0.102105
-1.30589
1.38358
0.333619
-1.16577
-2.4342099999999998
0.10638
0.45416000000000006
0.169526
-0.0109705
1.02285
-0.477588
0.14046199999999998
0.293937
0.32031
-0.42236599999999996
-0.317137
0.322843
1.3889799999999999
0.943017
1.2057799999999999
1.2057799999999999
0.136261
0.136261
0.743961
-0.409351
0.0512102
-1.85421
0.35940300000000003
0.44033999999999995
0.37145700000000004
2.0673
0.00024676799999999997
-0.0137291
-0.31446
1.15826
-0.298597
0.892958
-0.537442
-1.68955
1.23842
0.10135
0.440499
0.22094499999999997
0.9619260000000001
-0.029064999999999997
0.155404
-0.386256
1.43665
-1.10537
-0.424883
-0.9507680000000001
-0.794304
0.688086
-2.29433
0.183705
-0.0621664
-0.360352
0.823047
-1.11293
-1.23666
-0.9005549999999999
-0.9523879999999999
-0.735842
-1.15432
0.0106124
0.172256
-0.795317
-0.496637
-0.23622800000000002
0.238603
-0.09292769999999999
-0.735147
-1.87378
-0.414876
0.00990006
-0.572337
0.735364
1.48361
-0.0498029
0.857126
0.9782270000000001
-1.11544
-0.610577
0.23680900000000002
-1.01413
-0.0646351
0.46040200000000003
0.9986870000000001
0.598232
0.191012
-0.40886100000000003
-0.05766469999999999
0.736418
0.5416770000000001
-1.03312
-0.280552
-0.24633400000000003
-0.00870614
1.2213
-0.462149
-1.21115
-3.15709
-2.6875400000000003
0.6603
0.283265
0.798987
1.24422
0.9109940000000001
-0.313704
-0.340414
0.252225
0.059164999999999995
-0.08829119999999999
-0.185087
0.65053
0.231683
-0.011184999999999999
0.108999
0.0733385
0.06303840000000001
2.05698
-0.49259899999999995
0.349495
0.0663952
-0.490151
-1.82835
0.7560600000000001
0.7560600000000001
-0.700604
0.494317
0.053042
-0.0150901
0.21014699999999997
0.0249773
0.596803
0.754667
0.11595799999999999
0.11595799999999999
0.584522
0.9043950000000001
-0.350842
-0.43843999999999994
-0.0141429
-1.38068
-1.4737200000000001
-0.0399264
0.539061
0.328133
0.682668
0.123677
0.10813699999999998
1.78368
0.32739
0.8483879999999999
-0.541346
0.342382
0.173959
1.22585
0.122314
0.477379
1.81834
0.411208
0.309655
0.42254899999999995
1.95632
-0.557561
-0.080456
-0.335383
0.349062
1.18146
1.7681099999999998
-0.65691
0.52191
1.5588799999999998
-0.506318
0.844572
0.655825
0.91464
0.203966
-0.48133400000000004
0.553952
1.1208799999999999
0.355095
-0.423041
-0.504534
-0.264529
3.40337
2.96325
1.08545
1.5062799999999998
0.323306
0.5132979999999999
1.03869
0.225923
1.14395
-0.297309
-0.09611389999999999
-0.026617099999999998
-0.572896
0.982915
0.12167
0.597011
-0.446798
0.300125
-0.373471
-0.329404
0.348258
0.0358111
0.23714000000000002
0.6602939999999999
0.9514229999999999
0.100695
-0.49432
-1.66907
0.271644
-0.551485
-0.8265370000000001
-0.693559
-0.33529899999999996
1.0973600000000001
-0.7838970000000001
0.8506319999999999
0.47487399999999996
0.5296420000000001
0.185925
1.18574
-0.283003
-0.20824299999999998
-0.8539559999999999
0.426392
1.04247
0.383303
0.383303
-0.38106
0.715476
-0.786666
-0.38718600000000003
-1.0963100000000001
-1.63267
1.8371099999999998
0.759372
1.44823
1.2959
1.35785
0.5221399999999999
0.46905600000000003
0.755397
2.0451099999999998
0.795941
0.00687432
0.174458
0.0684277
0.07386160000000001
-0.0630819
0.8637090000000001
0.475678
0.22435500000000003
0.818558
0.6013
0.126648
0.0309556
0.419049
0.814785
0.897749
2.21075
-0.458182
-0.13818699999999998
0.620114
0.08858400000000001
-0.051722300000000006
-0.0303453
0.24898299999999998
-0.117289
-0.116594
0.025672000000000004
0.223843
-0.8124279999999999
-0.8124279999999999
0.727132
-0.169186
-0.232004
-0.21864299999999998
-0.140537
-3.02563
0.259766
0.5233439999999999
0.117539
0.350788
1.06464
0.027055000000000003
-0.6508430000000001
-0.310944
-0.164251
0.46652200000000005
0.25045100000000003
0.619861
1.52106
-0.540804
-0.42333999999999994
0.30096999999999996
0.998049
0.293959
0.6413300000000001
-0.9506950000000001
-0.00598044
0.838133
-0.692742
-0.6406689999999999
-0.557227
-0.62937
-1.6437099999999998
-0.297495
