0.597134
-0.966525
-0.582407
-1.80723
-0.21235700000000002
0.336532
2.42272
-0.126475
1.32283
0.9602940000000001
1.1562299999999999
0.75451
0.75451
-1.95993
1.00757
-0.16726400000000002
0.41060100000000005
-0.563045
1.8430099999999998
2.8325400000000003
-0.0788821
1.68156
0.42717200000000005
1.38752
1.9081099999999998
2.14845
2.40715
2.53937
2.17686
2.17686
0.747842
1.2792299999999999
1.7655599999999998
-0.0370379
-0.232593
-0.30440100000000003
-0.48108199999999995
-0.518333
0.158079
-1.19535
-0.767401
0.405997
2.2284200000000003
2.5488299999999997
1.23835
0.15215
0.928098
-1.58943
-0.015794
-0.663675
0.0962297
3.39687
0.8503379999999999
3.20578
0.0980908
-0.23299
0.341027
0.155054
1.01821
-0.0274195
-0.196246
0.0165645
0.203059
0.076287
0.251066
-2.70166
0.0593939
-0.34606
0.674197
0.0383277
-0.5963189999999999
-0.450349
-0.23104299999999997
-0.8842629999999999
-0.104841
-0.104841
-0.712072
0.0324898
-0.580982
1.46243
1.06225
0.0556722
0.520319
-0.46473400000000004
-1.1999600000000001
-0.271988
-0.349448
0.270113
-1.29731
-0.0264503
-1.2513100000000001
-0.6342369999999999
1.10899
-0.761641
-0.401881
0.207485
-0.774285
-0.761748
-1.0634
-0.947506
-0.590613
-1.07069
-1.16511
-0.12159600000000001
1.13326
-0.24353200000000003
-0.141147
-1.26247
-0.9079440000000001
-1.01175
-0.9222290000000001
-1.4029399999999999
-0.0515217
-1.38075
-0.9085700000000001
-3.69299
-1.53799
-0.253308
-0.158367
-0.370023
1.6802700000000002
1.09931
-1.68953
-1.5380200000000002
-0.727247
0.23442399999999997
-5.0957099999999995
-0.21371700000000002
-0.775461
-0.154093
-3.98145
-0.883307
-1.46801
-1.8134400000000002
-0.992775
-0.491494
-0.504966
-0.233262
-3.9723300000000004
-0.259676
0.143977
1.48421
2.16737
-2.47499
-1.38409
1.26003
0.152949
0.386784
0.5031100000000001
0.657597
-1.35206
-0.66732
-0.36286
2.12606
0.353649
-0.20736300000000002
0.9935930000000001
1.02421
0.33139
-0.594499
-0.869764
1.00462
0.0210551
-0.794912
-1.2806600000000001
-1.9983400000000002
-0.5472090000000001
1.3747
1.38165
-0.818447
0.0643914
-0.844247
-0.844247
-0.313071
-0.313071
-1.2783
-1.33891
-0.0698443
-1.07651
0.605841
0.18400999999999998
0.805145
-2.00601
0.40320500000000004
-0.03566180000000001
-0.49294
-2.20109
-0.774836
0.980232
-1.48689
0.07188960000000001
-0.280659
-1.63966
-0.9916290000000001
-0.183848
-1.1300700000000001
-1.05008
0.202705
-2.26607
0.831435
-1.76405
-0.09093910000000001
0.181154
-0.298887
0.0777695
-0.9550200000000001
0.594795
0.8311950000000001
-0.756772
2.12975
-0.363795
-1.6043100000000001
-1.3936600000000001
-0.174238
0.048962900000000004
-2.05757
-0.174596
-0.07878760000000001
0.109695
-0.545072
-0.30995500000000004
0.156563
0.44922399999999996
-0.00209609
0.23756300000000002
-0.563992
-1.8146
-0.64851
-0.767882
-4.11505
-1.30504
-0.800235
-0.800879
-0.495834
-0.796746
0.964686
-0.987188
0.00971494
-2.06525
-0.526409
-1.3383399999999999
-2.22402
-0.901048
0.0450526
-0.956895
0.12216199999999999
0.774726
0.0674548
-0.9262809999999999
-0.679323
-0.360565
-0.09370880000000001
-0.173244
-4.00917
-0.291392
-1.43949
-1.22868
-0.8572620000000001
-0.571362
-0.336066
0.911697
0.792825
0.45101800000000003
-0.20763
-0.9938389999999999
-1.04451
-1.31395
-0.0280885
-0.0109664
0.774727
-0.0709055
0.6044430000000001
-1.09009
0.0662989
-1.31082
-0.228731
-0.43098500000000006
0.155674
1.5049299999999999
1.5049299999999999
-1.07998
1.66422
0.22974
-0.528129
-0.5527270000000001
0.718799
0.9961629999999999
-0.107424
0.322211
0.322211
-0.0857118
0.158605
-0.0714803
-1.27271
-0.9104690000000001
-0.670203
-3.17216
-1.02624
1.33979
0.183026
0.060593600000000004
-0.597205
0.842403
1.46102
0.5989439999999999
0.65585
0.27539
0.253164
-0.156443
-0.713009
0.873289
0.116691
-0.0723918
0.551916
-1.04849
0.05295790000000001
0.754039
-1.10106
-0.305252
0.874549
0.219077
4.07365
1.75046
-0.076943
-0.129397
1.1281299999999999
0.9261440000000001
-0.3842
-0.916638
0.39256399999999997
0.321449
-1.3016
1.66313
1.01649
0.49991599999999997
3.23742
2.95961
2.6943599999999996
2.0727599999999997
0.0477612
2.00175
3.1781
0.38745
0.275049
-0.0598264
1.29156
-0.236474
0.14881
-0.897802
-0.043596499999999996
-0.340105
0.392414
-1.04334
-0.703759
-0.645314
-0.574421
0.580982
-1.13331
-0.5904149999999999
-1.68875
-0.301994
-0.40967600000000004
0.397477
-2.13052
-0.189073
-1.85762
-1.5094100000000001
-0.145284
-0.647354
-1.3181
-2.59175
-0.447759
-1.02854
-0.15205
0.037901300000000006
-0.31593000000000004
0.130245
-0.294473
-0.9312229999999999
-1.79348
1.37668
-0.936333
1.40691
1.23559
1.23559
0.288649
-0.133502
-1.1465100000000001
-0.369487
-0.408603
-0.914075
0.663515
-0.7482
0.578458
-0.0802782
1.22559
1.1335899999999999
-0.518334
0.5680609999999999
-1.3885299999999998
0.41080200000000006
-0.10419
-0.646528
0.93911
-0.8321149999999999
-0.263789
0.147805
0.149269
0.16510899999999998
0.09103430000000001
-0.824527
0.5922569999999999
-0.11924000000000001
1.3638700000000001
0.420372
-0.0103964
2.94053
1.6196700000000002
-1.16564
-1.6731900000000002
-0.00713588
0.841751
-1.18639
-0.67551
-0.8602790000000001
-0.040675
0.822191
0.20508200000000001
-0.5464060000000001
-0.5464060000000001
0.183327
-0.321653
-0.57333
0.259065
-1.52755
-0.0245317
-0.020945699999999998
-0.37104000000000004
0.539167
-0.593367
0.14848499999999998
0.409088
0.467504
-0.404217
-0.800763
-0.0877905
-0.23199899999999998
-0.209758
-0.131396
-0.17324
-0.0554025
-0.975822
-0.7099310000000001
0.198128
0.64771
-0.781526
-0.539473
0.855007
-1.3311600000000001
-0.972354
-2.4286
-1.38422
-0.639072
-0.187338
