1.1958799999999998
0.133629
0.380851
0.896424
3.2825599999999997
3.0777400000000004
-0.324298
0.40003
1.58889
1.35384
1.93707
0.882548
0.40671199999999996
1.00136
0.5298689999999999
3.96041
2.2294099999999997
-1.75127
0.0564596
-0.460621
0.770566
1.4521600000000001
-0.6454850000000001
1.7485400000000002
1.03391
4.44123
2.1368400000000003
0.6057899999999999
1.06697
1.68871
0.508084
1.7350900000000002
2.09992
1.06407
1.6734799999999999
3.7738199999999997
0.29741300000000004
0.10708599999999999
1.78939
-0.136915
0.0247385
1.9317900000000001
-2.03998
0.7233310000000001
1.5517299999999998
1.1105
1.26378
0.538938
2.82858
0.18701700000000002
2.1842
0.702836
0.775307
0.34433600000000003
-0.16055899999999998
0.752364
3.07976
0.656654
2.5493200000000003
0.492258
0.161712
0.302126
0.44573999999999997
3.1875
-0.25868800000000003
1.14792
0.663121
-0.9634790000000001
0.300633
0.385429
0.027452400000000002
1.0379
3.47135
1.0016399999999999
3.90847
1.7124099999999998
3.32734
3.9051099999999996
-1.39649
4.0887400000000005
4.0157099999999994
-0.8770899999999999
1.85475
0.42811400000000005
0.7459100000000001
-0.357617
0.339389
0.50092
1.08817
0.43068599999999996
0.490845
1.3669
2.59025
3.21184
3.23263
-0.155104
0.716042
0.983209
0.78187
2.9487099999999997
0.128695
1.9605400000000002
2.98117
0.32812199999999997
1.4248399999999999
0.340015
0.878075
2.8578200000000002
0.25549299999999997
1.5821
1.34904
0.619222
0.489965
2.19434
0.959461
2.17495
0.738596
-0.333364
0.165901
0.296133
2.03917
0.393542
1.29761
0.8551110000000001
0.88197
1.10285
1.8546799999999999
3.8635
2.23157
1.46107
4.33769
0.639672
2.64478
0.7561859999999999
-0.5837359999999999
1.6573799999999999
1.1394799999999998
1.66977
1.61761
0.289387
-0.114996
2.0266
-0.41328100000000006
2.96221
1.8694400000000002
2.86743
-2.4205900000000002
0.5129
3.0312799999999998
3.9754300000000002
-0.22297399999999998
-1.12304
-2.61002
0.755102
1.13439
3.28199
-0.218953
3.01658
-0.8251059999999999
4.15329
-1.99937
2.3818799999999998
3.59839
1.6972599999999998
-0.391243
0.36821
3.86639
1.6175700000000002
1.96128
2.07333
-1.93972
1.03426
-1.39091
3.22991
2.84907
2.46064
-0.284373
4.68851
-0.73214
0.609482
3.3365699999999996
0.065748
3.12975
3.21215
-3.09725
1.25276
0.077752
1.04341
1.45773
1.41844
-2.21962
2.95004
0.626754
-0.595586
3.87344
1.12432
-0.755425
-0.53061
-1.33006
2.73959
0.926276
2.60601
3.15428
2.64725
2.79677
3.29905
4.20054
2.11586
1.40798
1.06289
3.9708
3.2514
0.404152
0.226271
2.86958
-0.577758
2.5979799999999997
-1.38253
-0.593685
1.30506
0.364616
2.9829
-1.2768
2.8913900000000003
3.31667
3.85054
-0.142715
1.38611
-1.7058799999999998
0.0399972
0.834626
3.07585
-0.35635500000000003
1.03082
1.60331
4.4938400000000005
-1.23709
-1.18909
-0.9572809999999999
0.555271
-3.13153
2.71144
2.61287
3.4090199999999995
-0.413267
-1.03555
2.8313900000000003
2.16718
-0.9501709999999999
-0.365135
1.35385
3.6773800000000003
2.66513
1.4365
0.961775
3.60734
3.52118
-0.105519
-1.44354
1.73734
2.10839
3.963
4.4144
2.70487
2.68092
-1.37409
1.09782
1.3285799999999999
-3.4613
2.15497
1.05576
-0.51686
0.384181
2.6692
3.2254
1.83539
-0.316817
-1.92042
2.94159
0.764067
-0.939825
1.0470899999999999
-0.41851800000000006
0.9367780000000001
-0.40716199999999997
0.286666
-1.17824
-2.47191
-3.28084
-1.20193
-1.77565
-0.528485
-1.3707799999999999
-0.7568560000000001
0.495144
-0.0078884
-0.577612
0.73733
-0.753628
-0.134234
0.719528
0.0
-3.9348699999999996
0.0
-0.7893819999999999
-1.79551
-2.8509599999999997
-0.022945300000000002
0.753904
-1.0919
0.40961800000000004
-0.752315
0.0
0.349909
0.37101
-0.949961
0.000809004
0.998207
-0.8707440000000001
0.0
0.6204890000000001
-0.885732
-0.28126599999999996
0.276963
-1.3734
-0.21412399999999998
0.05750369999999999
0.30853800000000003
0.0862971
-0.399179
0.18956199999999998
1.13004
-1.0229700000000002
-0.396004
0.0
1.1981700000000002
-1.64087
-0.9697450000000001
0.0862173
-0.5578850000000001
-1.17182
1.00233
0.48723
-0.0665182
0.390071
-0.78763
0.830485
-0.0743349
-3.95224
-3.0451599999999996
0.824987
-0.577412
-1.8103599999999997
-0.177822
-0.541209
-0.45877700000000005
0.0
-0.562526
-1.11453
-3.26824
-1.94297
-0.31805900000000004
-0.241056
-0.0507327
-1.2619200000000002
0.0158663
0.632594
-0.0589523
1.01993
-1.35058
-0.424
0.602398
0.509429
-0.925248
-1.65452
-0.982058
-1.25136
0.881235
-3.14968
-1.06854
-1.48104
-0.00783441
0.136355
-0.961075
0.698866
-0.906323
-0.997984
-0.209563
0.608718
-1.66282
-0.0644673
-0.7068909999999999
0.25493699999999997
-1.0382200000000001
0.20360999999999999
1.0203200000000001
0.024536099999999998
0.8644
0.0
-0.477522
-0.112544
-0.404175
-0.6436310000000001
0.537987
0.0180734
0.0
1.29859
-0.997776
-3.82449
1.40913
-0.196771
0.6725720000000001
0.146073
-1.08904
-0.294247
-1.6972
-3.2622
-3.96487
0.0
-1.1891
-1.53325
-1.57924
0.0
0.808447
1.31844
-0.580843
0.012209399999999999
-2.0878
0.892539
0.0519442
0.48558
0.600931
-1.80282
1.0460200000000002
-0.81016
0.8485
0.519257
0.30088899999999996
-0.668732
0.0
-0.390884
-0.626996
-0.404751
0.221597
0.394194
0.508452
-3.386
-1.00101
0.300687
0.359381
0.13339
0.127281
-0.29938000000000003
0.852743
-0.576611
-2.7266
0.5424770000000001
0.287142
-0.968517
0.0
-0.00639808
-0.0512005
-1.4793100000000001
-3.7767199999999996
0.20810700000000001
-2.02998
1.00637
-4.05879
-2.5951
-2.16187
0.192269
-3.26883
-2.3195
-0.357844
0.457696
0.205289
-0.5011439999999999
-0.865718
-0.112349
0.38105100000000003
-0.11311700000000001
-2.55229
0.366873
-0.260486
-0.382089
-3.2867
-0.413641
-2.0695900000000003
0.24279
0.131404
-0.0738438
0.5111180000000001
-1.10904
0.5706140000000001
0.607384
-0.434303
-0.33305500000000005
-0.595681
0.955932
-0.143955
-0.0710765
-0.349302
0.0
-0.6970970000000001
0.00806591
-4.28391
0.449639
0.32463000000000003
-0.018039700000000002
-3.55542
0.25412199999999996
0.709637
-3.95701
0.830987
-0.0543941
0.138632
-0.277647
-0.46980600000000006
-0.030151599999999997
0.324273
-0.6242270000000001
-0.9814809999999999
0.242954
-0.035789499999999995
1.0536299999999998
0.1074
-0.7447600000000001
-0.0353248
-0.658709
0.06617360000000001
-1.73468
0.0
0.655881
1.37384
0.307792
0.917624
0.8916940000000001
0.575248
0.0
0.743604
0.134072
0.27724899999999997
-0.318682
0.845999
0.641299
-2.74598
0.0216486
-0.430238
-2.4032299999999998
0.15903499999999998
-0.8977350000000001
-1.12868
-3.71006
-0.590854
-0.127709
-0.566675
-0.493647
0.648799
-0.254178
0.0
-0.682963
0.15675799999999998
-1.54387
-1.00726
-3.13895
-2.5674900000000003
0.0
1.66674
-0.7937420000000001
-0.38824899999999996
0.0
-0.162126
0.544975
1.09456
-4.00471
-0.920326
0.885759
0.199177
-0.979459
-0.146018
0.260391
-1.63303
0.41908999999999996
-0.778386
0.0465728
0.9679209999999999
-0.5708409999999999
0.29438800000000004
-0.120027
-0.92064
-0.163666
1.1099
-0.09422689999999999
-1.14992
0.926601
0.14636500000000002
-0.14720999999999998
-0.35990300000000003
0.474394
-0.026270099999999998
0.0215899
0.541558
-0.219769
-0.918342
0.275002
-0.475739
0.538205
-0.261288
-1.47183
-1.51216
-0.425684
-1.75157
-2.83473
-0.37858
-1.08572
-1.4671399999999999
0.5652560000000001
0.16784100000000002
0.518122
-0.12091099999999999
-0.178336
1.0133299999999998
-0.0831158
-0.244096
-1.37707
0.0
-4.01302
-0.187122
0.145903
-0.409534
-0.582279
0.0
-3.87364
-3.92084
1.34447
1.24377
-1.16666
1.52345
-1.9032
-1.34202
-0.0085818
-3.79713
-0.307996
-1.9869299999999999
-0.187302
1.23946
-0.392883
0.832895
0.0
-0.317855
0.219833
-0.823132
-0.44013500000000005
-0.389171
0.425684
-1.01027
0.135365
-1.64966
-0.448383
0.888331
0.748776
0.29414
0.758994
-1.10707
-0.156277
-0.206035
-4.21709
0.568997
-0.5556979999999999
-0.8380700000000001
-0.52688
-0.739379
0.161275
0.228135
0.650486
-1.34066
0.0
-1.19743
0.988085
0.84375
-0.11995499999999999
-0.827362
-0.0466899
-0.027579400000000004
-2.1518900000000003
-3.3797599999999997
-0.18976500000000002
0.0
-1.7057200000000001
0.0681211
-0.390757
-0.8784629999999999
-0.909264
0.7322350000000001
-1.3525200000000002
0.310696
-0.22605100000000003
-1.9971299999999998
0.333716
-2.3134099999999997
0.658935
-0.0628421
0.102841
-0.244594
-0.490703
0.0891467
-1.6170799999999999
0.154088
-1.11513
0.09755470000000001
-1.4405299999999999
-2.23769
0.719345
0.43274700000000005
0.744102
0.28499800000000003
0.23228800000000002
-0.738768
0.0
0.814393
0.504877
1.03481
-1.57132
0.9439040000000001
-0.192918
-0.401704
-0.675995
0.339563
-0.8480540000000001
-0.0248238
-0.295389
-0.127045
-0.253166
-0.0549722
-0.454715
-0.840297
0.126668
0.0908025
-3.19113
-0.259236
0.8108489999999999
-0.603961
-3.86885
-0.0485506
0.131249
-0.0474726
-0.127332
0.028665100000000002
0.9632950000000001
0.0
-0.351613
0.48883000000000004
0.43583500000000003
0.197701
0.180177
1.6423900000000002
0.842767
-0.201561
0.9683729999999999
-2.05642
1.21653
0.512981
-0.115551
0.0410957
0.0
-1.30203
-1.2970899999999999
0.860835
-0.125647
-2.2
-0.388289
-1.40483
-0.184225
-2.34868
-0.8196389999999999
1.46299
0.6194
1.02387
0.0196666
0.735416
-2.86216
-1.66498
1.08711
0.0
0.322374
0.108501
-3.5733099999999998
-1.5455
-1.2977
0.565702
0.254626
-1.04606
-1.0231
0.362124
1.09293
-0.39992
0.618562
1.1024200000000002
0.683573
0.725658
1.45403
-4.05131
-0.572285
-0.154408
-1.55467
1.0818
-0.0416532
0.0
-0.889559
0.406069
-0.535433
1.5832
0.059556700000000004
0.31419899999999995
0.00947778
0.0
0.0
0.866812
1.18143
0.673144
-0.70017
0.287059
-0.48389
-0.662438
0.29082600000000003
0.390261
0.0
0.509664
-1.1741
0.9793120000000001
-1.8607900000000002
-4.108219999999999
0.4734
-0.139728
0.0891931
-1.36446
0.47363
-1.3282200000000002
-0.470466
-0.489493
-2.5710599999999997
0.35229299999999997
0.910868
-1.04529
0.277544
-0.0657794
0.00287126
0.535288
-0.40271999999999997
0.6817489999999999
0.8938799999999999
-0.156372
0.15019000000000002
0.112148
0.133211
0.373355
0.194666
-1.3860700000000001
-1.19265
0.208274
1.47163
-4.29915
-1.62572
-0.290569
0.9397540000000001
-1.07594
0.0546038
-0.9798459999999999
1.94658
0.119348
-0.029293299999999998
-2.823
-0.960282
0.23017800000000002
0.217369
-0.517575
0.664738
0.382592
-1.4031
1.08064
0.308262
-0.0629313
0.9381659999999999
0.619108
0.331356
0.300319
-1.37209
0.08742480000000001
-0.113429
0.043689099999999995
-0.0166437
1.6197
-0.32875
-3.4341199999999996
0.28775700000000004
0.17186099999999999
0.175736
-0.0567528
-0.22371300000000002
-0.274482
0.0
-0.507528
-0.0939409
0.282752
-0.44985200000000003
-0.42473999999999995
-0.110268
0.316947
0.823817
1.46343
0.613622
-2.14483
0.470577
-0.833061
0.9685030000000001
-0.130468
0.732883
-0.35725
-0.776831
0.36852199999999996
-0.487996
0.28469
0.483937
0.0
-4.32796
-3.07013
0.0
-2.11373
0.575984
-1.55054
-1.41554
0.641772
0.0
-0.879866
0.342104
-1.94622
0.613059
0.5964510000000001
-0.0810922
-0.969915
0.384614
0.14695999999999998
-0.187209
0.0
0.0
1.20401
-2.01192
0.0
-0.744239
-2.91851
-0.158686
0.582692
0.615319
1.22485
2.27967
-0.25532
-1.15419
