0.524274
-0.11788299999999999
-1.13477
1.02231
2.90453
1.96311
0.314471
-0.460502
0.00487073
-0.38058600000000004
2.23306
0.343015
0.294781
-0.20115
0.174172
4.2314
1.4022
-1.6379
0.796392
0.46765200000000007
0.166668
2.42632
-1.54303
-0.0800623
0.3957
4.7689699999999995
3.0230099999999998
0.55098
0.982366
-0.23131
-0.738422
1.10832
1.9312900000000002
2.2477
0.338252
5.64646
-0.35088800000000003
-0.491625
1.36515
-0.12935
-0.57268
0.881102
-2.57097
-0.435349
0.637323
0.697547
0.229167
-0.16106800000000002
3.71854
-1.39455
3.21748
0.563308
0.421163
-0.33975900000000003
0.508418
-0.0257183
2.47847
-1.4098
2.99454
-0.337658
-0.7906449999999999
-0.0644423
-0.358147
4.7211300000000005
-0.567681
0.184172
0.669379
-1.93183
-0.405097
-0.5040939999999999
0.40120500000000003
0.199069
3.8383
0.5505939999999999
5.31573
1.19515
5.01427
5.52878
-2.68377
5.655880000000001
5.81457
0.5271359999999999
3.81081
-0.307848
0.440039
0.0983687
0.332547
1.6936799999999999
1.53078
-0.12286099999999998
-0.0118761
-0.17063499999999998
2.94557
4.90132
5.03479
-0.423563
-0.394916
-0.29486
0.395284
3.23469
0.357539
3.3386199999999997
3.4186900000000002
-0.430022
1.84022
-0.13271
-0.577468
5.00446
-0.152818
-0.22396
3.0735200000000003
-0.540481
0.959484
1.38439
1.35606
2.3298900000000002
2.17585
-0.13073900000000002
-0.445481
0.757939
2.8525400000000003
0.967685
0.9667540000000001
1.3252
1.13754
0.9101870000000001
1.40372
6.5803899999999995
4.56261
3.06089
5.69747
-1.07473
3.21307
-0.6570819999999999
-1.4855
0.573865
-0.0556519
0.9876590000000001
3.6858699999999995
0.14372100000000002
-0.299637
2.70548
-0.503967
3.28838
3.0807900000000004
4.34701
-2.5622
0.306611
4.5212900000000005
5.1348199999999995
-0.74898
-0.29670100000000005
-1.13792
0.90399
1.09271
4.4503699999999995
0.629574
5.08293
-2.01958
5.43291
-2.3926
4.39184
5.34973
3.90294
-1.62093
-1.2358799999999999
5.45654
3.42095
2.49201
4.084919999999999
-1.42366
-0.0349533
-2.7048400000000004
2.4841900000000003
3.3550199999999997
4.44075
-1.1843700000000001
5.8695900000000005
-0.715499
-0.0486027
4.377330000000001
0.334436
3.78021
4.4532099999999994
-2.83295
2.22111
-0.22544299999999998
0.112996
1.95022
1.58384
-1.8972900000000001
4.41223
-0.582591
-2.3620799999999997
5.586530000000001
0.586382
0.07034030000000001
-0.08211439999999999
-2.45509
3.8610800000000003
-0.59478
4.59835
3.7048400000000004
2.72477
4.61452
4.59251
5.37815
3.29791
2.1895599999999997
0.688288
5.21741
3.54895
0.400535
-0.634685
4.412030000000001
-0.231341
4.74027
0.0804525
-1.35456
2.95545
-0.305752
5.151680000000001
-0.894234
3.3237900000000002
2.00464
5.11589
-1.4713100000000001
1.5256399999999999
-1.85962
-0.658409
-0.311285
4.76576
-1.26072
0.29852199999999995
0.767595
5.6730599999999995
-0.705477
-1.19478
-0.555276
0.00324652
-3.951
2.99027
4.17866
5.10194
-1.88395
-1.29065
3.7910199999999996
3.7317199999999997
0.131891
0.0263106
-0.482396
4.8488
3.2467200000000003
0.9352090000000001
0.296656
4.14489
4.57596
-0.09013689999999999
-1.28815
3.63206
4.434080000000001
5.615819999999999
5.65843
4.67108
3.7312300000000005
-3.6046199999999997
-0.883544
-0.454005
-4.02321
1.2237200000000001
2.28212
-1.8477
-0.011218299999999999
2.7963299999999998
5.225169999999999
4.073930000000001
-1.2211299999999998
-1.95495
5.133290000000001
0.23088699999999998
-1.05135
-0.297631
-1.0475
-0.049913099999999995
-0.936945
0.022444299999999997
-2.24828
-2.55882
-3.11393
-0.781187
-1.7626
-0.784276
-2.0956900000000003
-1.14374
-1.61251
-0.599037
-1.60306
-0.264644
-0.429968
1.054
-1.74397
0.0
-3.77244
0.0
-1.61371
-0.7511979999999999
-2.82158
-2.32278
-1.7983200000000001
-0.58841
-1.40652
-1.33236
0.0
-0.477526
0.416699
-2.4203099999999997
1.15245
-0.215452
-0.6186520000000001
0.0
-0.397192
-1.8788900000000002
-1.0707200000000001
-0.614322
-2.8899
-1.30439
-0.6880310000000001
-1.2608700000000002
-0.266585
-1.0451700000000002
-0.09770930000000001
-0.12806199999999998
-1.20161
-1.72783
0.0
0.674559
-2.89819
-2.6044099999999997
-0.108886
-1.43133
-1.27109
-0.26827199999999995
-0.918394
-0.16839300000000001
-1.0957
-1.50347
0.278627
-0.8248340000000001
-4.40115
-3.43709
0.510253
0.586325
-2.53295
-0.94026
-0.40513299999999997
-1.29569
0.0
-0.720676
-0.957347
-3.6877400000000002
-2.34045
-0.762016
-1.28754
0.228845
-0.9955959999999999
-0.70823
-0.5329659999999999
-1.2917
0.9038930000000001
-1.02591
-0.892835
-0.477871
0.269039
-1.9929700000000001
-3.3292599999999997
-3.29934
-1.13836
-0.850416
-3.95344
-2.56045
-0.532093
-0.724907
-0.78592
-1.3672
0.206289
-2.16227
-0.9576790000000001
-0.179094
0.0465374
-2.96487
-1.17393
1.06826
-1.0618100000000001
-1.63093
-0.0397046
0.527127
-0.375496
-0.870316
0.0
-2.24273
-0.20886500000000002
-1.85952
-2.2686
-0.275043
-1.0777700000000001
0.0
-0.7567510000000001
-1.57711
-2.68922
0.46014499999999997
-1.08348
0.354085
-0.286798
-1.87123
-1.2197799999999999
-1.11973
-2.92338
-3.6689199999999995
0.0
-2.0030900000000003
-3.13249
-1.08903
0.0
-1.5323
0.805443
-0.672728
-0.227469
-2.8181700000000003
-0.139573
-0.9422459999999999
-0.125297
0.47986
-1.8909
-0.785898
-1.87245
-0.198378
0.964949
-0.192778
-0.584072
0.0
-1.09562
-1.72428
-0.441669
-1.17923
0.394656
0.38982
-2.9456900000000004
-1.39568
-0.8855280000000001
-0.159297
0.138819
-0.0749193
-1.96908
-0.49743000000000004
-0.39511
-2.09852
-1.20738
1.3532799999999998
-2.04098
0.0
-1.29414
-0.36376
-0.9439870000000001
-3.81545
-1.15252
-1.28396
-0.138236
-3.78723
-1.74385
-1.77352
-1.38229
-1.9911900000000002
-2.40678
-1.27772
-0.9301530000000001
-0.138681
-2.22136
-1.95688
0.440645
0.374446
-1.37934
-1.2621200000000001
-0.173811
-0.215346
-1.82815
-3.86058
-0.67137
-0.848642
-0.508258
0.171629
-0.6690159999999999
-0.453193
-1.45141
-0.0223435
0.30841799999999997
-0.432596
-0.025735700000000004
-0.803068
-0.0904927
-0.702308
-1.41062
0.061802699999999995
0.0
-2.37391
-0.46696899999999997
-3.5072699999999997
0.47463999999999995
-1.45733
-0.7254619999999999
-2.7153400000000003
-1.13686
0.110071
-4.19658
-0.524857
0.38726700000000003
-0.43956999999999996
-0.177513
-1.03721
-0.9239629999999999
0.640988
-0.9473280000000001
-0.849368
0.446676
-0.832765
-0.42752399999999996
-1.28309
-1.51621
-0.50742
0.47222600000000003
-1.10705
-1.40824
0.0
-0.0797626
-0.16604100000000002
-1.18871
0.108838
-0.20846199999999998
0.00730415
0.0
-0.349326
-0.07548710000000002
-0.183592
-1.76718
-0.020643
0.11346600000000001
-1.5719999999999998
-1.05942
-1.05279
-2.91329
-2.23507
-1.12585
-0.939099
-3.20181
-0.134652
-0.626984
0.173593
-1.28385
-0.26069499999999995
-1.0848799999999998
0.0
-1.20926
-0.92564
-1.54911
-2.97349
-2.60188
-1.4457200000000001
0.0
2.6169700000000002
-1.5847200000000001
-1.2782799999999999
0.0
-2.32185
-0.330822
-0.05550369999999999
-3.9439599999999997
-1.80365
-0.501484
-1.17895
-0.8538
-0.38209
-0.011817600000000001
-1.3585399999999999
-0.31598699999999996
-0.657885
-1.1859600000000001
-1.05179
-1.09934
-0.889597
-2.00807
-1.44151
-1.62039
-0.5225989999999999
-0.703579
-2.4233
-0.406091
-0.22445199999999998
-0.436288
-0.47484399999999993
-0.30880599999999997
-0.8306129999999999
-1.09499
0.781281
0.35365599999999997
-1.37618
0.78743
-1.9597099999999998
-0.501203
-0.396773
-1.4132200000000001
-1.63839
-1.01748
-2.29311
-2.85431
-0.540312
-3.05513
-1.607
-1.34995
-0.41767
-0.7114020000000001
-0.9994770000000001
0.50302
-0.319352
-0.00346788
-0.664221
-2.2433400000000003
0.0
-3.9838699999999996
-0.475926
0.107743
-1.45199
-0.977719
0.0
-4.36667
-2.82289
0.47965699999999994
-0.144509
-1.59027
1.1743299999999999
-3.02576
-0.10340999999999999
-1.06368
-3.92827
-1.7781900000000002
-1.9896200000000002
-1.01332
0.234604
-1.85453
0.290591
0.0
-0.131145
-1.25931
-1.11668
-2.7459
-1.35534
-1.02947
-2.57102
-1.22882
-1.23682
-1.43444
-0.00911952
-0.283409
-0.9247360000000001
-0.0654445
-0.629991
-0.713241
-1.13218
-3.93223
0.55295
-0.846989
-1.63459
-0.162667
-1.74289
-0.7202189999999999
0.36486599999999997
-1.1972399999999999
-0.708809
0.0
-2.3047299999999997
0.566566
-0.72875
-0.06691210000000002
-1.38406
-1.44794
0.512356
-0.984265
-4.1184
-1.88858
0.0
-1.1148799999999999
-0.884279
-2.37102
-2.63026
-1.3025799999999998
-0.812511
-0.5824159999999999
-0.978038
0.261218
-1.7905099999999998
-1.08665
-1.88818
-1.66881
-1.0167
-1.23581
-0.236675
0.023337
-0.0577864
-1.35156
0.361464
-1.21786
0.11749200000000001
-1.1817
-2.85189
-1.43613
0.283969
-0.336338
-1.12166
-1.5618100000000001
-2.1336
0.0
-0.397963
-0.671452
0.575588
-1.53445
-0.8618680000000001
-1.63176
-0.42531
-0.837289
0.0244271
-1.0535299999999999
-1.6383
-1.8631900000000001
-0.11648
-0.11747300000000001
-0.881282
-1.1018
-0.117158
-1.3266200000000001
-0.636778
-4.1160000000000005
-1.11075
-0.527782
-0.678869
-3.25331
-0.7719550000000001
-0.408656
-0.21101999999999999
-1.10259
-2.7493
-0.537626
0.0
-1.3191899999999999
0.182507
0.763303
-0.581285
-1.82142
1.3037
-0.557825
-0.06752430000000001
0.685657
-4.0398
-0.25398899999999996
-1.0245600000000001
-1.04559
-0.426533
0.0
-0.208992
-1.12701
-1.37913
-1.84553
-1.46656
-0.738059
-1.07694
-1.4758200000000001
-2.1193
-1.62923
0.672134
0.234569
0.157354
-0.753993
-0.42893000000000003
-0.282022
-1.8269400000000002
-0.20551599999999998
0.0
-0.217277
-0.574385
-3.5871199999999996
-1.01966
-1.7083700000000002
-0.212981
-0.883078
-2.10969
-1.58277
-0.490407
-0.533308
-1.6103
-0.5149100000000001
0.189674
0.25544
-0.757365
-0.0159012
-4.1971
-1.3185
-2.22284
-0.8828520000000001
0.855958
-0.713249
0.0
-0.664137
-0.6621779999999999
-1.95223
1.39398
-1.0296
0.22234
-0.8480120000000001
0.0
0.0
-1.01548
-0.965234
-1.31837
-2.26451
-0.956519
-1.4980799999999999
-1.99701
-0.203218
-0.796353
0.0
-1.60103
-1.5145899999999999
-1.5548
-2.32682
-4.08275
-0.216682
-1.1704
-1.86217
-2.6362099999999997
-0.672725
-0.707363
-1.6125200000000002
-1.08121
-1.7050400000000001
-0.43922700000000003
-0.16333699999999998
-0.6158359999999999
-0.6570560000000001
-0.9848
-1.27072
-2.2949900000000003
-1.0093299999999998
0.026137200000000003
-0.512171
-1.0494
-0.21453899999999998
-0.0993707
-0.35944499999999996
-0.764191
-0.472484
-0.9386770000000001
-1.54674
0.825333
0.47608999999999996
-4.1179
-0.858966
-2.3892
-0.609635
-1.10756
-1.02747
-1.5640399999999999
1.18107
-0.662891
-0.101103
-3.40006
-1.5945799999999999
0.27971599999999996
-1.67884
-0.560451
0.412858
-0.679715
-0.601925
1.45058
-1.19451
-1.21872
-0.664099
-0.715792
-0.8546809999999999
-0.941509
-0.0165761
-0.8391059999999999
-1.8818
-2.6179799999999998
-0.0629573
-0.464579
-0.621028
-2.8707599999999998
-0.962987
-1.28833
-1.16879
-1.09905
-1.06054
-0.525389
0.0
-0.326467
-1.29669
-1.3383200000000002
-1.3300100000000001
-0.84664
-0.673542
-0.8157
-0.0094604
0.681556
-0.9492
-1.7468400000000002
-1.9348900000000002
-1.6708
0.9849459999999999
-1.4815399999999999
-0.946091
-0.5032369999999999
-1.4980200000000001
0.139234
-1.37914
-0.279132
0.719896
0.0
-4.00485
-2.53153
0.0
-1.27332
0.15895499999999999
-0.944477
-1.06185
-0.463884
0.0
-2.30353
-1.0638299999999998
-1.55847
-0.294082
-0.440676
-2.05896
-2.85181
-0.359059
-1.23736
-1.2515
0.0
0.0
-0.314769
-2.08838
0.0
-0.0840059
-2.4024099999999997
-1.5992899999999999
0.461898
-0.0842096
-1.48312
0.561003
-0.137693
-2.68775
