-0.12343299999999999
-0.969777
0.5272
0.137074
0.28186100000000003
-0.163527
5.53629
1.62035
1.67281
1.42582
1.1762
2.45001
2.45001
3.2685400000000002
0.614273
1.57169
-0.219827
1.2919
2.71643
4.0894699999999995
-1.1049
0.582788
1.6372799999999998
3.5399599999999998
3.8645199999999997
4.4543800000000005
3.8142400000000003
2.7612400000000004
3.65231
3.65231
2.59524
1.32659
1.43292
0.657135
0.312281
0.17208299999999999
1.4331
-0.34477199999999997
-0.462809
-0.746097
0.03820490000000001
1.50389
3.40725
4.05265
0.984326
1.14503
0.5609350000000001
0.203529
-1.0096100000000001
-1.0423
0.8628049999999999
4.97732
0.17846900000000002
4.740559999999999
0.724803
2.81918
2.65404
1.63937
1.8244
1.87332
0.41412899999999997
1.3394
0.21572800000000003
0.279023
0.47258599999999995
-1.10089
0.08449119999999999
0.269841
0.9630540000000001
-0.5274979999999999
-0.142348
0.329787
-0.9702270000000001
-0.5484180000000001
-0.954831
-0.954831
-2.37089
-1.38497
-1.09685
-1.0960299999999998
1.03328
-0.11746400000000001
0.603449
-2.82278
0.09360750000000001
-1.07933
-1.01165
-0.589124
-1.19981
-0.509654
-0.45771999999999996
0.356639
1.17824
-1.10427
-0.748753
0.128136
0.530828
1.11601
-2.13461
0.807012
2.07697
-0.813389
-1.24484
-2.65647
2.90868
1.6329
2.3096200000000002
1.84273
-0.36396799999999996
-0.9754659999999999
-1.46284
0.767302
0.659108
-0.6222880000000001
-0.0881517
-2.30842
-0.38158000000000003
1.22574
-0.09639260000000001
-0.339456
4.16282
3.39984
0.212042
-0.581059
-0.762942
-1.4648
-0.864836
-0.17816300000000002
-0.434011
-0.8931110000000001
-1.2410700000000001
-0.865218
0.731962
-0.461863
-1.16763
2.2105200000000003
1.0065899999999999
0.601494
-0.930366
-1.86847
0.816283
0.9796100000000001
2.43592
-0.243705
-1.43761
-0.156827
-0.478882
0.00117046
0.13476300000000002
-0.818401
-0.8152699999999999
0.609604
0.05486130000000001
2.31394
4.19355
-0.456408
0.46893999999999997
2.7229
0.997452
0.70649
-0.749556
0.35792199999999996
-0.75943
0.176697
0.9857370000000001
-0.125325
0.22480799999999998
-1.91585
-0.14496199999999998
0.181152
1.67192
0.913576
0.913576
-1.56471
-1.56471
-0.739171
0.9798479999999999
0.6925140000000001
-1.93199
-0.794384
-1.2800799999999999
-0.773015
-1.45084
-0.995122
-0.189802
-0.631087
-1.26045
0.295511
0.635054
-1.29149
-1.56027
2.9973799999999997
2.53776
-0.41101000000000004
-1.00876
-0.8780190000000001
-1.1835799999999999
-1.3454
-0.218901
0.9858959999999999
-0.750775
0.144841
-0.236359
0.8115479999999999
-0.596406
-1.82218
-0.740207
0.315811
-0.547078
0.991741
-0.8797659999999999
-1.3095299999999999
-0.9471120000000001
0.630303
0.9157719999999999
-0.33297899999999997
-0.306584
-0.180832
-0.790043
-1.09854
0.686661
0.430729
0.260606
0.263852
-1.56169
1.60697
0.731653
-0.79533
-0.899568
-1.7604799999999998
0.818191
0.185888
0.5187039999999999
1.19884
-0.706638
0.0206111
0.13006099999999998
-0.113973
0.492777
-0.492012
0.235371
0.374325
-0.241509
-0.362639
2.2988
1.3613899999999999
1.17852
-0.395475
-0.5824600000000001
2.01018
-0.16104100000000002
-0.71178
-0.556453
-0.9459290000000001
-2.0761
-1.7316099999999999
-1.09267
0.209379
-1.2529
-0.0880569
-0.854584
-0.6956829999999999
-0.793987
-0.7142689999999999
-0.00895106
-2.13718
0.603833
-0.514229
0.807501
-2.69443
-1.02767
1.17472
1.01849
-0.8316040000000001
2.5372
0.15774100000000002
-0.22212199999999999
-0.717187
3.02457
3.02457
-0.409783
1.92693
1.19449
0.0681202
-1.11145
-0.518898
0.497335
-0.0967768
-1.50617
-1.50617
0.497462
-0.47061000000000003
-1.28559
0.271991
0.0777194
-3.1081
-2.22729
-0.751297
-0.373014
-0.345487
0.392124
0.8454379999999999
-0.009628200000000002
3.4703
3.1519
2.59205
1.17674
0.5168689999999999
-0.707108
0.604179
0.5294989999999999
0.07901439999999998
1.04758
-0.05271939999999999
0.0760948
1.0241
0.302086
2.55762
0.784168
3.34027
0.775361
4.4945699999999995
0.7880060000000001
0.162698
0.8608469999999999
3.00922
2.23794
0.49921899999999997
0.48224799999999995
-0.257792
0.883357
1.56013
3.2804
0.8708969999999999
-0.382756
-0.6248779999999999
0.20189000000000001
-0.41298999999999997
5.3351
2.08506
1.7407700000000002
3.99053
1.6446
0.513127
0.30848000000000003
-0.270877
-0.287567
1.6978400000000002
-1.10811
-0.253795
-2.04212
-0.37304
-0.517352
-0.318795
-1.78548
-0.856519
-1.36808
-0.35898800000000003
-0.539704
-1.2046
-1.0079200000000001
-1.28551
-0.786929
-0.981115
-0.9977889999999999
-0.808988
-0.376508
-0.8249120000000001
-1.8892900000000001
0.442251
-1.8829
-1.3665
-1.17469
0.794784
0.0659955
0.419887
0.682596
0.291589
-2.17148
-0.051007199999999996
1.09291
0.0827852
0.91646
2.42441
2.42441
1.2853
0.0706191
0.183123
-0.907716
-0.22189699999999998
-1.3099
-0.652386
1.8554400000000002
1.10247
1.665
2.35241
1.50504
0.664205
0.975289
-0.349611
-1.9816200000000002
0.36351700000000003
0.626629
0.800625
0.41673000000000004
0.767411
0.624193
-0.661669
-0.727916
0.0954062
-2.14302
1.6762599999999999
0.150193
1.19295
1.05798
0.8274389999999999
5.1468300000000005
-0.7833829999999999
-0.240521
-0.358039
-0.672164
-0.44992600000000005
-0.0826936
-0.27577199999999996
-1.4835399999999999
-0.38059299999999996
-0.965565
-0.653643
-0.17586
-0.17586
0.398527
0.39765700000000004
-0.29484
-1.82959
0.10585599999999999
-0.17439100000000002
-0.7214010000000001
-1.52855
-0.235471
-0.306
-0.615449
-1.5807799999999999
0.116478
-0.788303
-0.6187739999999999
-1.50024
-1.00474
0.142184
0.00596864
-2.05836
1.17941
-1.5753
1.52991
0.577442
0.296195
-1.5355
-0.680303
0.90685
0.11780299999999999
-1.29641
-0.96201
0.416364
-0.179356
0.152158
