0.693711
0.9997540000000001
0.589958
1.32687
1.69197
2.21065
0.941459
0.551064
0.855773
0.8822979999999999
1.6674
1.33292
-0.65749
0.511784
0.51705
1.4349
1.91145
0.0752396
0.195925
0.0321566
1.1961
0.808062
-0.353405
1.80292
0.666603
-0.337359
0.737392
1.09543
1.0205
1.06126
0.593557
0.45148999999999995
1.37789
0.959441
1.3427200000000001
1.0838
-0.17254
-0.261621
2.15047
0.026782499999999997
0.652289
0.97665
-0.57807
0.517626
2.22962
1.49565
1.5757299999999999
0.723518
0.9005540000000001
-0.408109
0.882136
0.52008
0.9239780000000001
1.21064
0.596885
0.210031
0.9125280000000001
0.825002
1.04593
1.67986
0.00225861
0.026021
1.6907400000000001
1.47715
0.870084
1.7344700000000002
0.47224700000000003
-0.37104000000000004
0.404115
0.0293993
0.06587219999999999
0.402828
-0.00781753
1.3857899999999999
0.44890699999999994
2.12813
0.222012
0.706845
-1.0945799999999999
1.5051700000000001
1.3932799999999999
0.940003
0.767316
-0.118898
1.33395
0.4852
1.0285
0.218048
0.944716
0.209564
0.698149
0.238941
1.2472
1.8394
0.735429
0.431913
0.694328
1.32931
1.04072
1.2860200000000002
0.6992149999999999
1.14042
1.9878799999999999
1.00031
1.2153
0.07563819999999999
0.7901239999999999
0.552249
-0.375644
0.864785
0.0110915
-0.659972
0.0106906
1.21878
0.688526
1.9331
0.283074
-0.737106
0.378506
1.46723
0.524554
0.670602
0.557792
0.360939
0.548145
1.7863900000000001
0.751261
0.484015
1.21449
1.00377
0.42113199999999995
0.442431
1.43008
0.940557
-0.7690640000000001
0.63102
-0.0344279
2.41358
1.30506
0.609841
0.746345
1.09153
-0.273883
0.927968
1.40266
1.19098
-1.28782
-0.26809099999999997
0.5367609999999999
0.248646
-0.29785300000000003
-0.25603899999999996
-1.76352
1.51698
0.44989300000000004
1.08125
0.279543
0.5664170000000001
0.104119
-0.0655806
-1.0836700000000001
0.714028
0.825159
1.07978
-0.37904899999999997
0.8085140000000001
0.9501790000000001
1.44248
0.9778469999999999
-0.014237399999999999
-1.3238299999999998
-0.00129369
0.00712997
0.867908
1.41608
1.38026
-1.53515
0.424134
-0.723024
-0.014881700000000001
1.33798
0.234785
0.135054
1.00586
-0.0657869
1.71612
-0.17021
1.33399
1.73593
1.0097
-0.5951
0.525468
0.6001449999999999
-0.813535
0.729006
-0.06325349999999999
-0.464085
-0.550566
-0.19855899999999999
1.1922
1.23813
-0.201024
1.29131
0.769746
0.9966780000000001
0.42618599999999995
0.536875
0.197175
1.07359
1.07982
2.37
1.3933799999999998
-0.619102
0.073615
0.47638400000000003
0.0148692
0.11101300000000001
-0.250058
-0.7217359999999999
1.87578
-0.8401620000000001
0.912637
-0.7209180000000001
0.730509
2.33111
1.1519700000000002
-1.41401
1.17093
-0.375347
0.0492236
0.22674899999999998
0.316387
-1.0948200000000001
0.777176
1.2977100000000001
0.299582
-1.17741
0.456167
-0.36101300000000003
-0.0147643
0.889725
1.38103
1.7243400000000002
0.155021
0.449705
-0.466442
0.8411780000000001
1.13762
0.33256199999999997
-0.7977609999999999
0.405522
0.5395479999999999
1.6664599999999998
1.15534
1.3119399999999999
0.00511691
0.601595
-0.6757529999999999
0.05121950000000001
1.23488
1.6405
1.10659
0.0186077
-0.178597
1.20795
-0.516521
0.195905
0.9043110000000001
0.860559
0.717019
1.57623
-0.0666452
0.798251
1.22478
1.03378
1.20411
-0.9619700000000001
0.0835634
0.12508
0.274389
-0.247263
0.11011199999999999
0.141949
1.11268
-0.598476
0.365613
0.385233
-1.2321600000000001
-1.73613
-1.2124700000000002
-0.42210299999999995
0.119442
-0.54403
0.172102
0.272482
-0.328167
-0.727264
-0.44351
-0.44981499999999996
0.176878
-0.08492849999999999
0.0
0.0
0.0
-0.353093
0.207763
-1.2275200000000002
-0.313693
0.180384
-1.4174799999999999
0.7740239999999999
-1.57082
0.0
0.259562
1.03793
-0.296022
0.281092
0.7407779999999999
-0.8366520000000001
0.0
-0.6253850000000001
0.659276
1.09504
-0.351668
-0.339685
-0.5195890000000001
-0.07036139999999999
-0.720352
-0.034190899999999996
-0.299526
0.570209
1.48109
-0.526036
-1.32021
0.0
0.254446
-1.53772
-0.5675859999999999
1.22285
-0.8118989999999999
-0.968852
0.221917
0.512019
-0.186525
-0.558739
-0.75641
0.665064
0.0922357
-0.964299
0.9135280000000001
0.9981700000000001
-0.9218360000000001
-1.44845
0.128638
0.9123129999999999
0.05661990000000001
0.0
-0.33403
0.47066099999999994
-1.7613900000000002
-0.990275
0.411438
-0.98346
-0.465678
-1.19498
-0.911733
0.145701
0.046406
-0.102432
-0.47842700000000005
-0.475857
0.724383
0.960038
-1.14596
-1.9386599999999998
-1.52954
0.15165599999999999
0.286159
0.26559499999999997
0.501883
0.26955
0.128957
-0.112533
-0.7752829999999999
-0.410434
-0.230287
-0.50654
-0.419109
0.22859200000000002
-0.7921060000000001
-0.8356520000000001
0.885397
0.9178879999999999
-0.23633800000000002
0.15623399999999998
0.258411
-0.57803
0.212119
0.0
0.188852
-0.039697199999999995
-0.715016
-1.45879
0.145516
-0.359651
0.0
0.150604
-0.774275
-0.906474
0.701367
1.1053600000000001
1.02575
-0.0167041
-0.14978
0.000659883
-0.878969
1.51295
-0.810856
0.0
-0.79057
-1.3164
-0.617316
0.0
0.373767
1.86148
-1.03641
-0.059604700000000004
-1.30713
0.267208
0.429781
0.2665
0.31922
-1.85848
1.01737
-0.622355
0.444929
-0.08601639999999999
0.0729195
0.228041
0.0
-0.363068
-2.26823
0.13354000000000002
0.534663
0.48265600000000003
1.31932
-0.579589
-0.613316
0.148017
0.703637
0.399337
0.771378
0.36091599999999996
1.09295
-0.169189
0.46119899999999997
0.5003449999999999
1.5302799999999999
-0.737753
0.0
0.677966
-0.381637
0.755533
0.0
0.0748698
-0.8763129999999999
0.781624
0.49038999999999994
0.501394
0.719969
0.570298
-2.48286
0.45387700000000003
0.40563299999999997
0.197898
-0.72626
0.33279899999999996
-1.16256
0.9242879999999999
0.26987300000000003
-0.141242
1.05751
-0.367056
0.168374
-0.140721
1.3916600000000001
0.00572543
-1.02778
-0.228566
-0.595414
-0.00269435
0.631749
0.772554
0.312162
0.771175
0.218761
-0.382653
0.17297200000000001
0.423993
0.798692
-0.144071
0.246302
0.0
-0.9851280000000001
0.620216
-1.82152
0.265488
-0.22239
-0.258466
-1.68746
1.3874600000000001
0.724424
-0.213902
0.774103
-0.138572
-0.46622600000000003
-0.567283
-0.48108
-0.055749099999999996
0.0883712
-0.885851
0.206571
0.269904
0.0499617
1.34004
-0.359933
0.19957
-1.07802
-0.145467
0.264914
-0.9842489999999999
0.0
0.671419
-0.22462600000000002
0.11090499999999999
0.246863
0.471071
-0.305543
0.0
-0.404572
0.402188
-0.637127
0.0140947
0.448413
0.490011
-1.7506400000000002
0.24674899999999997
-0.429411
-1.2646600000000001
-0.851191
-1.30266
-1.24327
-0.24774200000000002
0.8276879999999999
-0.8671030000000001
-0.40675100000000003
-0.633312
0.9407200000000001
-1.6462
0.0
-1.2258200000000001
-0.58906
1.04183
-0.33348
-0.025978300000000003
-0.8028649999999999
0.0
1.50176
-0.319731
0.150767
0.0
-0.710745
-0.5769529999999999
1.15857
0.0
-0.25857199999999997
0.359848
-0.0355226
-0.196648
-0.34923699999999996
0.447952
0.0751803
-0.0349976
-1.30279
-0.331989
0.374525
-0.34105599999999997
0.945084
-0.41978999999999994
-0.197883
0.0423945
0.936183
-0.569226
0.101213
0.111597
-0.180341
-0.33426
0.190579
-0.475843
0.432899
-0.797978
-0.528855
0.133967
-0.65999
-0.46387
-1.31318
0.549393
0.27585
-1.47632
-0.341466
0.07462150000000001
-1.32061
1.34297
-0.11503599999999999
-0.46565100000000004
-0.44986099999999996
-0.338548
-0.159907
1.20525
0.14727200000000001
0.260177
0.41781
-0.629621
-0.295573
-0.101623
0.0
-1.04105
-0.577855
0.44247600000000004
0.264265
0.671376
0.0
0.0
-2.8244599999999997
1.77595
-0.560818
0.279443
1.32686
-1.08835
-0.34887399999999996
-0.345262
-0.318693
-0.71503
-1.11719
-0.837342
0.486411
-0.224863
-0.125653
0.0
0.518562
-0.281993
-0.978757
-0.566954
-0.841245
-0.18648
-1.41182
-0.5168560000000001
-0.0319064
-0.280831
-0.385108
-0.438299
0.14379
0.277262
-1.4178
0.760131
-0.302579
-0.07675549999999999
0.6995100000000001
-0.6098399999999999
-0.736168
-0.820722
-0.438138
0.0508417
0.24020500000000003
-0.357704
-0.562268
0.0
-2.6434599999999997
0.045553300000000005
0.192973
0.50271
-0.0394705
1.37111
-0.021620300000000002
-1.73173
0.0
-0.32673
0.0
-0.192056
-0.232539
-0.848557
0.0513376
0.22283200000000003
0.6432899999999999
-0.19128900000000001
-0.717471
0.852881
-0.966993
0.8707010000000001
-0.283679
0.23720700000000003
0.188407
0.81018
-0.42823999999999995
-0.664636
-0.18066
-1.40297
0.740153
-0.28751
0.363193
-0.47656000000000004
1.07637
-0.402246
-0.775842
0.172735
0.957457
-0.333883
-0.220739
0.0
0.133922
0.579839
-0.514116
-0.271875
0.7485930000000001
0.035258
-0.674212
-0.443288
-0.773468
-0.643176
-0.36039
0.844196
-0.642437
0.37141199999999996
-0.576757
0.52031
-0.285603
-0.618061
1.76551
-2.09878
-0.8034020000000001
0.113675
-0.8382209999999999
-0.00603005
-0.38509899999999997
0.5918979999999999
-0.543955
-1.16876
0.0406339
0.479965
0.0
-0.346407
-0.103085
0.188546
0.350234
-0.295066
0.712715
-0.13660799999999998
-0.032542
0.720247
-1.18369
0.581805
1.0427899999999999
0.46448100000000003
-0.499866
0.0
-0.6089439999999999
-1.12263
-0.8165319999999999
0.246815
-1.9760099999999998
-0.341562
0.0406227
-0.046526599999999994
-1.9412900000000002
-0.22145900000000002
-0.0143821
0.25687600000000005
-0.0367501
-0.394986
-0.21147600000000003
-1.9377
-1.9080400000000002
0.252952
0.0
0.0458955
0.633156
0.0
-0.9539200000000001
-0.45791899999999996
-0.133758
-0.816623
-0.521692
0.848461
-0.054613300000000004
-0.8404020000000001
-0.477563
0.379618
-0.0720176
1.00322
-0.447244
1.8408799999999998
-0.688654
-0.661521
0.12792
-0.452374
0.703727
0.213155
0.0
-0.253973
-0.349117
0.27774699999999997
0.635376
-0.178669
0.399273
0.0310593
0.0
0.0
-0.0296504
0.690803
0.183902
0.4915
-0.274048
-0.520528
-0.46608
0.00241265
0.707663
0.0
0.20183900000000002
0.930788
0.42616000000000004
-1.01701
0.0
0.347233
-1.04041
-0.355698
-1.17211
-0.3139
-0.920989
-0.29936199999999996
0.31665
-1.31799
-0.00343335
0.41806000000000004
0.116529
0.156129
0.437842
-0.5543819999999999
0.0272185
0.708313
0.48816499999999996
0.428154
-0.293748
-0.0807783
0.20418499999999998
-0.44570600000000005
0.279818
0.17461300000000002
-1.55466
-0.367969
0.402516
0.21562399999999998
0.0
-0.129896
-1.15183
-0.417504
-0.7136279999999999
-0.0841295
-1.21329
-0.0109976
-0.227654
1.17692
1.8092099999999998
0.128357
-0.163135
0.163435
-0.696391
-0.135241
0.673864
-0.138096
0.654432
-0.978045
-0.806451
0.654501
0.153568
1.3444200000000002
-0.33515300000000003
-0.138579
-0.1729
-0.16102
-0.206794
-0.06372280000000001
1.52043
-0.400542
-0.556769
-0.186424
0.295902
-0.855712
0.430958
-0.832782
-0.060344600000000005
0.0
-0.540774
0.404143
0.19905799999999998
-0.9004270000000001
-0.8450340000000001
-0.64457
-0.728979
0.656066
0.212281
0.403384
0.673092
0.35427800000000004
0.59011
1.00784
-0.0186388
0.404181
-0.990411
-1.01636
-0.377811
0.251344
0.231981
0.580677
0.0
-0.384979
-0.377114
0.0
-0.787303
-0.250092
-1.29526
-0.847166
0.22172600000000003
0.0
-0.937946
0.0579746
-1.1209
1.17004
-0.606957
-0.0747463
-1.6082100000000001
0.27925
-0.526781
-0.042119199999999996
0.0
0.0
0.51481
-1.0683200000000002
0.0
-0.568054
-0.0580822
0.24381399999999998
0.49058500000000005
1.05749
0.587059
1.03496
0.905903
-0.014193100000000002
