2.8065700000000002
-0.137177
0.0755779
1.9761799999999998
2.35279
2.54108
-0.25662199999999996
0.17397
-0.28212600000000004
0.6381560000000001
3.2656400000000003
0.381732
0.9257549999999999
1.22648
0.9824879999999999
2.86769
0.88421
-0.811271
-1.39399
-0.480259
1.3332600000000001
2.89888
-1.07463
1.99785
2.29589
3.81545
2.80935
-0.581056
-0.49736
1.1414600000000001
-0.06184209999999999
0.690697
0.100716
1.0963100000000001
-0.689634
3.94763
-0.222784
0.55916
0.372161
-1.44905
-1.1587399999999999
-0.262585
-2.39824
-0.389198
0.21305500000000002
-0.244587
-1.91019
0.598826
3.01422
-0.289033
2.11446
-2.97624
-0.933406
-0.6545380000000001
-2.07289
-1.95282
1.3394700000000002
-0.9213120000000001
2.11905
-0.46491800000000005
-1.20088
-1.1848
0.52212
3.1313
-2.44559
0.09447230000000001
-0.21136
-0.137971
0.817189
2.0127599999999997
-1.21536
-1.56123
2.6591400000000003
-0.380484
3.5323800000000003
1.56465
3.28341
3.70022
-3.07205
3.0368
3.55349
-1.72796
3.1796
-1.29455
-0.9097790000000001
0.316427
-0.35981799999999997
0.7283270000000001
0.919077
-1.0547
0.0910553
0.35439899999999996
3.3328800000000003
3.26674
3.94525
1.36152
-1.11761
2.40312
-2.0674799999999998
2.03062
0.557863
2.1522799999999997
2.0773900000000003
-0.00643043
-0.20471199999999998
0.364174
1.12941
3.46535
-1.20743
0.135016
1.05809
-0.712158
-2.62336
0.509812
0.48902299999999993
0.6022310000000001
1.8407200000000001
-0.11445
-2.49907
1.06292
0.9737120000000001
0.351001
0.520634
1.9947700000000002
-1.2800799999999999
0.57822
-0.950558
3.84703
2.35468
1.09188
3.7377800000000003
-2.0739099999999997
2.53652
0.00482903
-2.84964
-0.628224
-0.269228
-0.508101
1.9439400000000002
-1.6288
-1.72754
2.6938
0.0418531
3.2366
1.19431
1.9128900000000002
-0.8985290000000001
-1.7446099999999998
3.28977
3.7919099999999997
-3.8187
-1.36325
-1.06332
-0.7087399999999999
-0.611726
3.17004
0.150662
3.8541
-1.92993
3.9065199999999995
1.30619
2.8734599999999997
3.4902699999999998
2.27434
-3.8329400000000002
-0.91856
4.00085
2.20834
0.587155
2.42033
-1.1866299999999999
-4.50631
0.367025
1.25844
2.6061400000000003
1.81693
-1.39357
3.3813
-0.854826
-2.03154
1.8648799999999999
-0.161619
1.75355
3.00687
-1.15709
1.24569
-2.22539
2.1564099999999997
1.4095799999999998
0.329318
-0.946882
3.31549
-2.28072
-1.9884
3.64616
-0.964801
-1.70082
-2.3103599999999997
-2.00942
2.7680000000000002
-1.13743
2.52907
4.11437
2.4793
3.09877
2.43853
3.8306400000000003
2.4074400000000002
1.50086
-1.66095
2.9628900000000002
3.74312
-2.9716
-2.8395900000000003
2.23597
-1.27556
3.41971
-0.976727
-1.42401
3.09159
-3.1871400000000003
3.8990400000000003
-1.63532
1.6932099999999999
2.6179799999999998
3.84709
-2.53821
1.01209
2.6412400000000003
-2.58886
-1.79552
3.38754
-1.99755
-3.08327
0.408877
3.81089
-1.5248
-1.9993299999999998
-1.5689600000000001
-2.89069
-1.9361099999999998
2.10961
2.4869
2.96156
0.804357
-2.8227
1.64114
1.6480000000000001
1.51759
-3.4509800000000004
-1.62248
2.8619
1.11961
0.32643
-0.801412
2.8801099999999997
2.86985
-3.10138
-1.16117
4.54065
2.77507
3.99641
4.37488
4.74769
2.38075
-3.7797099999999997
-2.9911
-2.40321
0.0230682
0.6380560000000001
1.75525
-0.997
-1.48561
1.7141
3.5813699999999997
2.72994
0.7889
-0.9730280000000001
3.1076200000000003
-2.8862400000000004
-2.46693
-2.5405900000000003
-2.97801
-1.47814
-2.7257599999999997
-3.5655900000000003
-1.5186600000000001
-0.32088099999999997
-0.947355
-1.33604
1.06847
-1.66326
-1.62686
-2.0293799999999997
-2.03812
-1.6863400000000002
-1.71833
-1.9565700000000001
-1.0630700000000002
-2.05139
-2.6921
0.0
0.0
0.0
-1.31406
-1.49999
-1.1924299999999999
-2.19156
-4.11612
-2.4731099999999997
-1.8945900000000002
-3.12135
0.0
-1.8158599999999998
-2.06945
-2.36615
-2.17902
-2.08921
-0.584237
0.0
-3.32347
-1.20084
-1.52911
-1.60104
-1.54526
-1.1763
-1.3216299999999999
-2.5136
-2.69818
-0.875242
-1.60804
-2.31006
-1.5200200000000001
-3.01689
0.0
-1.59184
0.65342
-1.18897
-1.58538
-2.00474
-2.38256
-2.36239
-3.4559800000000003
-2.87491
-0.740614
-1.1972
-2.22352
-0.884307
0.0
0.0
-1.55031
-4.07493
1.18964
-2.6309400000000003
-0.43996599999999997
-4.3047
0.0
-1.84117
-3.18709
0.0
-1.3939700000000002
-2.2987599999999997
-0.823677
-1.7821200000000001
-0.9723790000000001
-1.87454
-1.7317599999999997
-2.77143
-1.7514900000000002
-0.29038
-1.11058
-2.36193
-1.18012
1.7461900000000001
-0.884814
-2.44327
-1.68641
-1.2706899999999999
-1.13598
-1.56321
-1.35158
-1.87011
0.25308200000000003
-0.876026
-2.14616
-2.2734799999999997
-2.33023
-1.36527
-2.29203
0.65342
-2.62319
0.80583
-2.96807
-0.58787
-1.3515
-2.39593
-2.44385
-5.0498400000000006
0.0
-2.88168
-3.8504
-2.86789
-1.35146
-2.06193
-1.51831
0.0
-2.39553
-1.3011
-1.1663299999999999
-1.13955
-2.81621
2.8611299999999997
-4.5532
-1.21993
-3.5307
-1.29986
-2.7757099999999997
-0.947355
0.0
-2.93486
-0.6289779999999999
-1.6876400000000003
0.0
-2.07711
0.721605
-1.6627900000000002
-2.83468
-2.51708
-3.4906300000000003
-1.9771400000000001
-3.13575
-1.66655
-0.73746
-1.46144
-2.7711900000000003
-1.4928299999999999
-2.6182
-2.51681
-2.87685
0.0
-2.62295
0.05967719999999999
-2.6995299999999998
-2.9477
-1.35596
-1.38932
0.0
0.65342
-3.28979
-2.18729
0.195725
-2.69998
-3.22166
-2.85433
-1.84085
-0.8645379999999999
-2.94407
1.69859
-1.0129700000000001
0.0
-4.04061
-2.11205
0.472095
0.0
-1.1017700000000001
-1.8705200000000002
-1.6893200000000002
0.0
-0.492279
-2.64453
-2.56963
-1.11321
-2.18089
-2.0222599999999997
-1.31618
-2.33533
-1.742
-3.1452
-4.3943
-2.36331
-1.70724
-2.84314
-3.43844
-2.3810599999999997
-1.1291799999999999
-0.0750155
-2.92535
-1.4189200000000002
-3.03507
-2.8569400000000003
-2.68776
-2.04449
-1.38825
-3.07861
-2.68589
-3.45076
-1.72784
-2.77489
-2.91066
-3.0457400000000003
-2.66188
-1.97491
0.0
-0.609943
-3.0809599999999997
0.65342
-2.53439
-1.55103
-1.61748
-0.348596
-1.7766099999999998
-2.50173
-0.186002
-0.580508
-2.66436
-2.95703
-2.59853
-1.5663799999999999
-2.29196
-1.11569
-1.1607399999999999
-1.43292
-2.68541
-2.38984
-0.987814
-4.63793
-2.66615
-0.931033
-1.8443
-1.89983
-1.27195
0.0
-2.67475
-2.07418
-1.53193
-3.22147
-0.570459
-3.65487
0.0
-3.1347099999999997
-2.8818099999999998
-2.29694
-2.43107
-1.42317
-1.57055
-0.947355
-3.0266900000000003
-1.7579599999999997
0.0
-2.65191
-2.0912900000000003
-1.80892
-0.27408299999999997
-2.09025
-0.657662
-2.46158
-1.5411
-2.5418
-2.35261
0.0
2.71203
-0.615456
-1.46449
-2.0791
-0.467764
0.017812900000000003
0.0
3.0055400000000003
-0.514146
-3.89715
0.0
-1.37852
-2.9121200000000003
-2.1739599999999997
0.0
-0.061748500000000005
-3.5148
-1.3803
-1.2618
-2.6022
-1.6626900000000002
-1.30735
-2.7945900000000004
-1.9396
-2.46691
-3.70131
-2.20465
-1.69468
-3.2734900000000002
-0.947355
-0.70528
-1.9971400000000001
-1.9014
-3.18643
-2.83543
-1.9972900000000002
-0.243443
-1.92365
-1.95291
-1.8625599999999998
-2.66529
-1.42303
-3.29636
-1.43254
-2.81869
-1.17293
-1.30079
-2.36782
-1.07168
-1.15696
-1.6591099999999999
-1.27158
-1.46333
-1.9324
-1.13904
-1.91167
-4.360180000000001
-2.35268
-1.75823
-0.874024
-2.49344
-1.54292
-2.9428
-2.54776
-0.8706309999999999
0.0
-0.0750155
-2.64931
-2.39597
-0.784833
-1.7835900000000002
0.0
0.0
0.0
-1.6180299999999999
-2.24465
-3.4329699999999996
0.10593
-1.01188
-0.43762299999999993
-3.04873
-0.263783
-0.811072
-0.055564499999999996
-0.8775799999999999
-1.56356
-2.29624
-2.75431
0.0
-1.24716
-2.54153
-0.396436
-1.63563
1.18825
-2.34381
-2.04526
-2.2591799999999997
-1.26885
-1.8324
0.218448
-2.33791
-1.5982100000000001
-4.14901
-0.0644564
-2.03819
-1.84464
-0.186002
-1.8879700000000001
-1.10345
-0.986041
-2.10685
-1.13619
-1.01702
-1.7873400000000002
-2.8736200000000003
-2.3507
0.0
-0.45146099999999995
-2.67342
-2.30304
-3.8343599999999998
-2.29162
-2.47403
-2.7852799999999998
-0.293935
0.0
-0.9940700000000001
0.0
-1.8117400000000001
-0.776637
-0.893307
-0.5463560000000001
-0.769709
-2.13955
-3.5638400000000003
-1.57019
1.93163
0.5784050000000001
-2.14528
-0.671244
-3.3956199999999996
-4.25335
-2.51657
-2.84963
-2.26954
-0.6747270000000001
-1.51538
-1.6133600000000001
-1.31231
-0.145528
-0.23521599999999998
0.65342
-2.16519
-2.2591099999999997
-2.57729
-2.94461
-2.2892
-3.0289200000000003
0.0
-1.44695
-1.89533
-1.84962
-0.151134
-3.2053
-2.4753700000000003
-2.9821
-1.9545700000000001
-1.73321
-1.07148
-2.06034
-2.82987
-0.677419
-1.15441
-3.08256
-3.2829800000000002
-0.30123099999999997
-0.947355
-2.26183
0.163355
-2.3911
-2.24708
-1.06512
0.490065
-1.14515
-1.36058
-3.86465
-0.22107
-2.36245
-2.5135400000000003
0.0
-3.36625
-2.6120200000000002
-1.8418599999999998
-2.52275
-1.4335200000000001
-1.6097299999999999
-1.02809
-2.4714
-2.3021599999999998
-0.761352
-2.40626
-1.96026
-1.80978
-1.7233
0.0
-3.21428
-0.421983
-0.400596
-1.5858700000000001
-0.615696
-2.96473
-0.847109
-1.01896
-0.302268
-1.0176399999999999
-2.05615
-1.41619
-2.31585
-2.84462
-2.58465
-0.11098699999999999
-0.947355
-1.7331599999999998
0.0
-0.286912
-2.19595
0.0
-1.52896
-0.629026
-1.7987400000000002
-1.9171200000000002
-3.24093
-3.05308
-1.93423
-0.9356479999999999
-3.4706599999999996
-2.0480099999999997
-2.2472
0.024579499999999997
-2.33176
-2.00172
0.0
-1.6516
-2.29949
-3.3549300000000004
-1.15201
-1.62017
0.0
-0.970132
-3.6244
-3.1852099999999997
-1.92585
-3.3039099999999997
-1.9407
-2.4851799999999997
0.0
0.0
-2.11063
-3.86476
-3.8476
-2.9162
-2.74732
-1.9593900000000002
-0.5713550000000001
-2.50735
-2.2159999999999997
0.0
-2.87678
-1.42367
-1.78572
0.828832
0.0
-1.2374100000000001
-1.6422900000000002
-3.8441699999999996
-1.07721
-2.34211
-3.08815
-1.36396
-2.87806
-0.7953439999999999
-3.01667
-1.016
-1.3698
-3.93877
-0.455214
-2.62753
-1.75142
-0.9929049999999999
-2.47276
-2.44335
-2.1584
-3.72021
-2.22309
-1.3381
-0.46763699999999997
-1.08514
-2.6663200000000002
-2.02313
1.2035200000000001
-1.60334
0.0
-0.8457459999999999
-0.293935
-3.0564400000000003
-1.06629
-2.65151
-1.05531
-1.8334599999999999
-1.8991799999999999
-3.04395
-1.51394
-0.154401
-1.8576700000000002
-1.38581
-2.14566
-4.20942
-2.53497
-2.61225
-1.47329
-2.0962
-2.46746
-1.07922
-0.993627
-1.87999
-2.39929
-2.35244
-3.0528
-4.0117199999999995
-1.0328700000000002
-2.4485
0.7129489999999999
-1.66012
0.65342
-1.22484
-2.9931200000000002
-1.9655099999999999
-0.880127
-2.9054
-0.304823
0.0
-3.44194
-3.3086599999999997
-2.6484
-3.0367900000000003
-2.18845
-2.34111
-2.452
-2.2155299999999998
-1.31702
-3.91595
-0.977215
-3.08604
-1.94365
-1.6329799999999999
-0.989484
-2.65145
-2.10115
-0.9802719999999999
-1.6265399999999999
-0.296631
-2.1059900000000003
-1.00534
0.0
-0.0750155
1.59853
0.0
-1.5993700000000002
-3.17475
-1.44428
-2.84823
-2.4201900000000003
0.0
-1.24367
-2.3463700000000003
-0.293935
-2.9733099999999997
-2.52536
-3.25568
-3.75408
-1.3428
-3.19957
-2.5789299999999997
0.0
0.0
-3.00703
0.276389
0.0
-1.67084
-1.7631299999999999
-1.9842
-0.812664
-1.12622
-1.20474
-2.1979
-0.906924
0.137748
