0.0999666
0.5915729999999999
0.3755
0.979632
2.40943
1.36576
-0.222558
-0.630318
-0.49899499999999997
-0.0283005
2.81503
1.4710299999999998
-0.792375
-0.182642
-0.053672300000000006
3.6066199999999995
0.704595
-0.626026
-0.519313
-0.870225
-0.350337
0.061625900000000004
0.134319
3.0939
0.593406
3.8427
1.8646599999999998
0.565304
0.7496970000000001
2.19021
0.9764430000000001
0.507464
-0.0809445
1.94207
0.00827272
4.34719
-0.395768
-1.0087700000000002
1.45401
-0.622699
-0.620412
1.3719
-0.0783355
-0.130354
0.9078579999999999
0.165711
0.294234
-0.364212
2.24724
-0.24558200000000002
2.6642900000000003
0.417858
-0.12584700000000001
-0.9396760000000001
-0.264347
-0.0883492
2.35446
-0.195762
3.13377
0.23460100000000003
-0.19150799999999998
-0.221937
-0.22032600000000002
3.6469300000000002
0.716326
-0.11140699999999999
-0.29946500000000004
-0.649954
-0.43313900000000005
-0.743633
-0.193374
-0.41218299999999997
2.5882
0.24877
4.651590000000001
2.1092
3.06338
3.6668
-0.23325700000000002
4.53166
4.92876
-0.016720500000000003
3.27663
-0.903373
0.428475
2.5245900000000003
0.0622155
1.6734200000000001
0.93891
0.759212
1.10409
-0.21071199999999998
2.3635900000000003
3.65921
3.5135199999999998
2.81782
1.21
1.6564599999999998
-0.043901499999999996
3.31909
1.46497
3.2151099999999997
3.4677
0.132185
2.19227
1.14193
1.53305
3.96274
-0.365197
0.290756
2.50616
-1.63946
1.16581
0.882763
0.354561
1.68573
0.98424
-0.7140880000000001
-0.5508930000000001
0.142782
2.59407
0.187747
0.586793
0.519556
0.418858
1.22041
-0.16963399999999998
4.47619
3.93265
2.26764
2.83847
0.215885
1.8741599999999998
-0.680612
-0.283527
1.0867
0.909228
1.0084600000000001
3.13742
0.430383
-0.43155600000000005
1.2224700000000002
-0.9871110000000001
2.77731
2.5830599999999997
3.6747900000000002
-1.72927
0.8210930000000001
3.51534
3.20709
-1.53745
0.322655
-1.67972
-0.473868
-0.332913
3.8976800000000003
1.0601200000000002
3.64371
-1.15828
4.28372
-0.5868479999999999
3.6251800000000003
3.22078
3.0077599999999998
-0.375082
-0.586558
3.29419
4.30762
1.67284
2.84017
-0.901401
0.0696196
-0.733363
2.47238
3.75564
3.13267
-1.35056
4.02147
-0.9813799999999999
-0.702693
3.46852
-0.46623400000000004
2.30607
3.52964
-1.7076
3.4686800000000004
-0.0449545
1.11766
1.7469400000000002
1.18345
-0.8746879999999999
3.11517
-0.0317538
-0.894124
4.7442400000000005
0.67505
-1.10247
-0.419497
-0.0798005
3.39086
-0.6255569999999999
3.1262
2.06102
3.06264
4.06916
3.2944699999999996
3.7705699999999998
2.94875
2.76593
1.25492
4.8181199999999995
2.8510000000000004
-0.345612
-0.745971
3.35669
-0.405305
3.3667199999999995
-2.05483
-0.652369
2.28278
-0.628096
3.7357199999999997
-1.9507599999999998
3.60996
1.4751299999999998
4.06519
-1.47595
1.8161599999999998
0.9139809999999999
-0.10076
-0.406698
3.36626
-0.42784799999999995
1.0056
0.255388
4.00074
-0.656429
-0.187717
-0.151972
-0.8188770000000001
0.680575
3.62753
3.1960900000000003
3.3777199999999996
-0.6027779999999999
-0.5754739999999999
3.6802599999999996
1.6984400000000002
-0.604336
-1.03621
0.493312
3.7149900000000002
1.98144
1.42308
0.184198
2.85451
3.22709
-0.9515040000000001
-0.526036
2.1231
3.77633
4.67749
3.81638
3.27979
2.6531599999999997
0.651487
-0.370379
0.204504
-1.81595
0.636325
3.6476900000000003
-0.855316
0.00533593
2.61924
4.26317
3.89824
-1.2021700000000002
-0.7682869999999999
2.5228
-0.0104568
-0.74451
-0.43431499999999995
-0.192903
-0.030409199999999997
-0.367582
-1.6370200000000001
-1.9139
-0.46799700000000005
-1.44344
-0.8511350000000001
-1.611
-0.836501
-2.24099
-1.08467
-1.51498
-0.509889
-0.20484000000000002
-0.456219
-1.24404
0.10847899999999999
-0.274501
0.0
0.0
0.0
-1.42455
0.059741300000000004
-1.9345599999999998
-0.847477
-0.8731209999999999
-1.2738399999999999
-1.08418
-1.36522
0.0
-0.28828000000000004
1.00266
-0.710568
-0.7947770000000001
0.020559599999999997
-1.19846
0.0
-0.87565
-0.27346
-0.714366
-1.64956
-1.5278100000000001
-1.30474
-0.26565300000000003
-0.719444
-0.598072
-0.865668
-0.134392
-0.8360489999999999
-0.500417
0.622913
0.0
-0.277221
-1.31634
-1.39107
0.214819
-0.9560549999999999
-0.669878
-0.11993699999999999
-0.458483
-0.6930109999999999
-0.960729
-0.971867
0.345545
-0.45563400000000004
0.0
1.4222299999999999
0.16608299999999998
-0.328869
-1.6398599999999999
-1.24547
-0.364487
-0.166631
0.0
-0.6466350000000001
-1.4466299999999999
0.579622
-0.9558409999999999
-0.945556
-1.87792
-1.12683
-1.47691
-0.42985100000000004
-0.194444
-0.65128
-0.00933306
-1.48454
-0.190435
-0.702678
1.05535
-1.70806
-1.3775899999999999
-0.443783
-1.5703799999999999
-0.568778
-0.7381310000000001
-0.186087
-0.8126439999999999
-0.8543709999999999
-1.19651
-1.12685
-0.235931
-1.39422
-1.0629899999999999
0.00430592
-0.0447805
-0.343967
-1.33518
1.2715100000000001
0.0871438
-1.44521
-0.129114
0.94268
0.37301100000000004
0.265887
0.0
-1.20166
-0.481367
-1.1506299999999998
-2.0099400000000003
-0.39735
-0.275416
0.0
-0.373809
-1.3543399999999999
0.375954
-0.614875
0.697608
-0.0496329
-1.0165
-1.64372
-0.53599
-0.302375
-0.303931
-1.57287
0.0
-0.396179
-2.32452
0.0911507
0.0
-1.0820299999999998
1.85329
-0.8501559999999999
-0.100535
-1.5669600000000001
-0.185174
-0.29354
-0.632043
-0.586228
-2.21397
0.0969098
-0.601035
-0.09034869999999999
-0.07124860000000001
-1.2474399999999999
-0.81302
0.0
-0.30656300000000003
-1.24583
0.054971900000000004
-0.411228
0.030981599999999998
0.0316763
1.0084899999999999
-0.877296
-1.03698
-0.362415
-1.0089700000000001
0.0645636
-0.595481
-1.15378
-0.770877
-0.8621270000000001
-0.654031
-0.08483610000000001
-0.792586
0.0
-0.856576
-0.641965
-1.21184
-0.930796
-0.738634
-0.9631870000000001
-1.03601
0.34444600000000003
-1.18241
-0.953017
-0.197274
-1.05608
-1.0390000000000001
-0.8374030000000001
-1.2101
-0.599175
-0.483537
-1.29013
-0.7520479999999999
-0.7084729999999999
-1.09534
-0.8930739999999999
-1.05053
-0.893867
-2.0969599999999997
1.24019
-0.704997
-0.9421129999999999
-0.9538399999999999
-0.261909
-0.43211400000000005
-0.28699
-0.72821
0.33332399999999995
0.14446199999999998
-0.448304
-0.741771
-0.599183
-0.9599049999999999
-0.434011
-1.08043
0.475803
0.0
-0.498579
-0.055386000000000005
0.279001
0.121609
-1.2594299999999998
0.13594900000000001
0.452212
-0.607499
-0.6664770000000001
-0.328509
-0.410372
-1.0751700000000002
-0.15366400000000002
-0.605627
-0.359392
-0.0829617
0.00699644
-0.253227
-0.0245344
-0.35573499999999997
-1.3895
0.34058099999999997
-0.653497
-0.617216
-1.4028200000000002
-0.289932
-1.24153
-0.295594
0.0
0.27370500000000003
-0.652456
-0.126986
-0.31404899999999997
-1.5134
0.0622749
0.0
0.7462449999999999
0.197037
-0.37167100000000003
-0.678099
-0.287943
0.000621671
-1.05261
-1.2100799999999998
-0.41501800000000005
0.8713709999999999
-0.886634
-0.959551
-1.14342
0.528271
-1.27214
-0.831261
0.137477
-0.660029
-0.118421
-1.31644
0.0
0.274994
-0.7321979999999999
-0.880192
-0.7336600000000001
-1.6891599999999998
-0.463825
0.0
2.0106
-0.511534
-1.22569
0.0
0.0715669
-1.1770399999999999
-0.0332814
0.0
-0.40830700000000003
-0.7433890000000001
-0.500866
-0.42808100000000004
-0.447766
-0.7967310000000001
-0.0320319
-0.84119
-1.00079
-0.40143
-0.649146
-1.39504
-0.283457
-0.620854
-0.844249
-0.9968020000000001
-0.080915
-0.35893800000000003
-0.5139779999999999
-0.19856
-0.92465
-0.505744
-0.12438699999999998
-0.01564
-1.07423
-0.402199
0.611402
-0.750236
-1.02468
0.0528625
-0.451068
-0.22289099999999998
-0.47161400000000003
-0.611681
0.29845
-0.22638000000000003
0.9460430000000001
-0.500772
-0.40225
0.302201
0.031247000000000004
-0.751012
-0.798691
-0.37846399999999997
-0.0577207
-0.27214099999999997
-0.327914
-0.514314
-1.44649
0.263133
0.0
0.0
-0.592137
0.20950700000000003
-0.517009
0.230764
0.0
0.0
-0.47033800000000003
0.3158
0.17397200000000002
-0.8915569999999999
0.30328
-0.787988
-0.8733540000000001
-0.422112
-0.276636
-1.3955600000000001
-0.13425
0.14116700000000001
-0.608635
-0.273065
-0.851799
0.0
-0.203266
0.06763200000000001
0.296271
-0.623237
-1.57223
-0.041476099999999995
-0.7162890000000001
-0.575732
-0.607167
-0.0380072
0.727274
-0.789837
-0.7117319999999999
-0.7178
-1.1088799999999999
-0.946965
-0.5355439999999999
-0.170968
0.10727300000000001
-1.06083
-1.07326
-0.958775
-0.370515
-1.54978
-0.564247
-0.9706049999999999
-0.9246559999999999
0.0
-0.35796
-0.156703
-0.959551
0.391191
-0.9650299999999999
-0.787567
-1.03675
-1.7481
0.0
-1.3430000000000002
0.0
-0.00742419
-0.889214
-1.10449
-0.39370900000000003
-0.226302
0.699878
-0.766299
-1.10667
-0.0691373
-0.19811199999999998
0.630851
-2.8557099999999997
-0.646422
-0.48837700000000006
-0.41947799999999996
-0.05908189999999999
-1.16903
-1.6041
-1.4391100000000001
0.393567
-1.631
-0.212981
-0.923019
-0.11455499999999999
-0.934017
0.39527199999999996
-0.579771
-0.855657
-0.9869479999999999
-0.906483
0.0
0.183133
-0.359827
0.06830089999999998
-0.299964
0.8385540000000001
-0.7131689999999999
-0.454452
-0.48512
-0.355076
-0.683728
-1.36471
-0.833664
0.6396109999999999
-0.0847245
-0.726183
-1.15056
-1.9492900000000002
0.197437
-0.9001549999999999
0.191553
-0.727375
-0.155625
-0.736873
-0.454924
-0.228217
-1.7268
-0.426141
-1.60538
-0.42967700000000003
-1.00528
0.0
-0.26553499999999997
0.024250999999999998
-0.0744678
-0.6948979999999999
0.333805
-0.948463
-0.360757
-0.303343
0.421092
-0.279063
-0.07942239999999999
-0.535798
-1.14931
0.0011888
0.0
-0.643714
-1.46899
-1.90275
0.17521099999999998
-1.1983700000000002
-0.0754745
-1.22435
-0.56795
-0.63095
-0.182113
0.10216599999999999
0.13371
-0.750061
-0.379697
-1.1896200000000001
-2.09508
0.29305
0.44573599999999997
0.0
-0.764965
-0.515885
-0.170968
-0.827419
-1.82813
-0.315857
-0.194625
-1.23056
-1.18244
-0.472525
-0.115901
-1.62755
-0.50332
0.188216
-0.520533
-0.31501799999999996
0.8965540000000001
-1.41455
-2.7319
-1.00826
-1.45527
0.0623433
-0.685951
0.0
-0.23003400000000002
-0.7403609999999999
-0.628146
0.27384000000000003
-0.6709609999999999
0.188208
0.0262289
0.0
0.0
-0.622136
-0.398251
-0.843469
-1.78655
-0.327577
-0.6820890000000001
-1.2712299999999999
-0.5617409999999999
-0.267815
0.0
-1.06905
-0.168705
-0.39295
-0.8604940000000001
0.0
-0.51017
-0.667172
-0.737128
-0.94584
-0.692617
0.12663
-0.343579
-0.739406
-0.540662
0.046474699999999994
0.00699457
-1.14192
-1.20182
-0.17741600000000002
-0.719366
-0.190325
-0.225667
0.0599665
-0.301057
-0.8744200000000001
0.135544
-0.622948
-0.249187
-0.174577
0.11982899999999999
-0.23661500000000002
-1.69323
-0.0821607
-0.15343299999999999
-1.59035
-0.164208
-0.618023
-0.7590720000000001
-0.537561
-0.399002
0.22732
0.03387659999999999
0.134234
-0.6006319999999999
-0.564826
-0.670936
-0.25544
-0.158939
-0.777561
-0.34527399999999997
-0.534323
-0.565679
0.0949335
-0.715238
-0.488461
-0.693987
-0.3067
0.22685100000000002
0.0451236
-0.6022310000000001
-1.2121
-0.154961
-2.45264
-0.270569
1.11697
-0.327933
-0.26935
-0.9728319999999999
-0.535382
-0.797517
-1.04201
-1.8922900000000002
0.10454100000000001
0.0
-1.51888
-1.4901799999999998
-0.458873
-0.168755
-0.586305
-0.948622
-0.677816
-0.511029
0.12363900000000001
-0.195838
-0.418541
-0.20183099999999998
-1.74043
-0.127639
-0.274647
-0.134577
-1.20751
-0.792188
-0.702871
-0.18645699999999998
0.172251
0.8313870000000001
0.0
-0.593862
0.0471678
0.0
-0.8505940000000001
-0.360966
-0.8207030000000001
0.0317646
-0.9681280000000001
0.0
-1.32449
-0.215491
0.259019
0.322983
-0.172221
-0.516776
-0.727174
-0.33921799999999996
-0.707407
-0.560424
0.0
0.0
-0.386085
0.417205
0.0
-0.117355
-1.19979
-0.101646
2.08439
-0.436363
-0.209943
-0.577403
-0.194357
-1.1973200000000002
