0.798216
0.793103
0.903007
0.884158
0.878231
0.894177
0.440458
0.678855
0.659288
0.801922
0.835514
0.759886
0.759886
0.861293
0.64774
0.924849
0.922143
0.8490409999999999
0.744417
0.783569
0.7899430000000001
0.737294
0.530883
0.528736
0.836134
0.698403
0.489849
0.61683
0.421149
0.421149
0.631911
0.00589776
0.80006
0.7953720000000001
0.893847
0.767484
0.355414
0.6701060000000001
0.706734
0.617261
0.908509
0.869922
0.35891999999999996
0.53088
0.0915832
0.716475
0.9308350000000001
0.698071
0.6697390000000001
0.571612
0.848418
0.549357
0.929702
0.589619
0.703785
0.811546
0.747835
0.636687
0.525436
0.8610709999999999
0.865916
0.195347
0.799612
0.627918
0.437596
0.645772
0.844893
0.814685
0.708086
0.290227
0.654981
0.8716200000000001
0.804968
0.81652
0.59683
0.59683
0.718917
0.835684
0.780844
0.8345530000000001
0.823069
0.361682
0.44480299999999995
0.5616439999999999
0.594234
0.533467
0.548665
0.929825
0.808157
0.9101309999999999
0.907331
0.504211
0.920333
0.8523290000000001
0.8246959999999999
0.867123
0.856037
0.906806
0.357469
0.9129520000000001
0.8678040000000001
0.927157
0.749598
0.953702
0.9040600000000001
0.71325
0.320247
0.8359260000000001
0.788732
0.955414
0.858131
0.908576
0.817342
0.821358
0.8161470000000001
0.8418059999999999
0.8999780000000001
0.660697
0.495026
0.674007
0.117244
0.325304
0.179207
0.7210529999999999
0.8459120000000001
0.5316890000000001
0.799405
0.840564
0.552239
0.738225
0.772962
0.854786
0.835836
0.681605
0.8873620000000001
0.08178560000000001
0.07378839999999999
0.73512
0.8950459999999999
0.958996
0.804085
0.44828500000000004
0.0991847
0.916481
0.881007
0.930275
0.8388180000000001
0.6269020000000001
0.722476
0.752452
0.8739180000000001
0.45038599999999995
0.733662
0.229002
0.43550900000000003
0.801979
0.8101510000000001
0.402832
0.7233649999999999
0.781413
0.496663
0.809105
0.796383
0.9098229999999999
0.8943200000000001
0.700148
0.9119799999999999
0.528213
0.850806
0.872865
0.258701
0.30046999999999996
0.30046999999999996
0.43218
0.43218
0.7937930000000001
0.78869
0.716291
0.893561
0.889655
0.8639129999999999
0.905309
0.7926489999999999
0.725721
0.727821
0.908257
0.76261
0.681244
0.85821
0.787841
0.827788
0.648381
0.73
0.866085
0.804443
0.8673350000000001
0.77923
0.7991189999999999
0.555966
0.173199
0.839558
0.779035
0.8644290000000001
0.29196500000000003
0.42486899999999994
0.8277549999999999
0.715597
0.752062
0.737604
0.900692
0.781518
0.8427520000000001
0.8736149999999999
0.36334099999999997
0.561442
0.9096780000000001
0.555094
0.9206840000000001
0.715684
0.266509
0.891874
0.803086
0.876409
0.8955879999999999
0.847628
0.837622
0.782064
0.940796
0.9141239999999999
0.972914
0.857577
0.703476
0.664778
0.809896
0.9288700000000001
0.691675
0.840406
0.8298260000000001
0.750771
0.8083
0.936019
0.676917
0.93565
0.9201239999999999
0.924443
0.926306
0.8955219999999999
0.961039
0.868423
0.721022
0.747107
0.846484
0.8851469999999999
0.70192
0.6395350000000001
0.7310220000000001
0.939055
0.8685959999999999
0.71308
0.908703
0.931801
0.889494
0.9553590000000001
0.843882
0.89174
0.938317
0.8389719999999999
0.84798
0.8867860000000001
0.729621
0.866549
0.351983
0.491033
0.7046
0.766393
0.881234
0.956942
0.763633
0.737221
0.737221
0.885524
0.231871
0.446024
0.46133
0.8306450000000001
0.500339
0.595863
0.8241200000000001
0.160941
0.160941
0.766366
0.85503
0.89555
0.8625
0.794974
0.807487
0.974684
0.9383879999999999
0.9071530000000001
0.921198
0.8674149999999999
0.401354
0.9134260000000001
0.5476489999999999
0.097095
0.176514
0.727655
0.861712
0.842942
0.43220699999999995
0.88182
0.749102
0.106261
0.0193665
0.8792209999999999
0.6846439999999999
0.948778
0.720066
0.8063560000000001
0.706531
0.502008
0.351637
0.23010799999999998
0.123046
0.5542189999999999
0.818872
0.672762
0.881718
0.9294110000000001
0.858526
0.7373460000000001
0.9344049999999999
0.695974
0.257287
0.89418
0.442467
0.169906
0.595362
0.136577
0.717183
0.22778099999999998
0.0367419
0.0391759
0.684946
0.928681
0.89604
0.8134170000000001
0.806018
0.589604
0.446755
0.850159
0.676409
0.9026639999999999
0.892244
0.447254
0.405864
0.888041
0.902967
0.957957
0.843525
0.823573
0.900791
0.898228
0.823034
0.8929959999999999
0.8504709999999999
0.92661
0.816447
0.908215
0.874025
0.8103640000000001
0.75
0.901705
0.8366520000000001
0.865721
0.717384
0.9280379999999999
0.579795
0.813669
0.8495229999999999
0.7633800000000001
0.903243
0.148349
0.123872
0.123872
0.863001
0.9066129999999999
0.9044780000000001
0.849664
0.7898109999999999
0.8751450000000001
0.8419270000000001
0.291977
0.469602
0.540693
0.0321501
0.09129839999999999
0.504268
0.575546
0.19003499999999998
0.595233
0.858074
0.8832629999999999
0.9095190000000001
0.859031
0.896389
0.9508700000000001
0.9078379999999999
0.501795
0.294006
0.844311
0.808968
0.750004
0.758267
0.6573899999999999
0.609412
0.788404
0.9003190000000001
0.891805
0.263297
0.21722399999999997
0.9066860000000001
0.776349
0.6881390000000001
0.8265899999999999
0.819088
0.913675
0.853355
0.891892
0.891892
0.9107379999999999
0.833192
0.95414
0.9110360000000001
0.911897
0.930068
0.8034359999999999
0.849987
0.776029
0.74885
0.797712
0.840233
0.5980840000000001
0.824016
0.8699899999999999
0.9081049999999999
0.405464
0.911776
0.912618
0.8999459999999999
0.911701
0.931682
0.372519
0.7315689999999999
0.34630700000000003
0.8714930000000001
0.726671
0.794546
0.818277
0.825528
0.95225
0.7527510000000001
0.8280129999999999
0.852247
