0.784357
0.544643
0.925501
0.8224379999999999
0.8671030000000001
0.810606
0.374846
0.7084060000000001
0.312759
0.5254800000000001
0.691822
0.803255
0.803255
0.774779
0.570369
0.9648450000000001
0.934659
0.637633
0.746943
0.758771
0.826858
0.74445
0.41356000000000004
0.792453
0.9615379999999999
0.690347
0.31847
0.46477700000000005
0.328341
0.328341
0.55591
0.014690200000000002
0.7537520000000001
0.7609600000000001
0.8764559999999999
0.58768
0.182093
0.5725060000000001
0.627545
0.587348
0.770703
0.885257
0.251973
0.547769
0.18445
0.692461
0.9080540000000001
0.7059489999999999
0.717504
0.582745
0.794673
0.5159050000000001
0.8698790000000001
0.538967
0.67535
0.792798
0.819644
0.6043270000000001
0.09047899999999999
0.807359
0.839651
0.08539939999999999
0.6099
0.40494600000000003
0.535806
0.354394
0.8369850000000001
0.778053
0.801451
0.735302
0.200816
0.8195870000000001
0.7270399999999999
0.423678
0.771908
0.771908
0.671934
0.761425
0.757325
0.8287190000000001
0.705021
0.595834
0.688477
0.818713
0.551528
0.401003
0.816293
0.434783
0.9089809999999999
0.890523
0.91858
0.6461359999999999
0.9419219999999999
0.874798
0.8683799999999999
0.8303299999999999
0.772037
0.8799799999999999
0.845551
0.9148930000000001
0.8253020000000001
0.909382
0.514031
0.8904040000000001
0.928367
0.805909
0.554833
0.878699
0.655172
0.925926
0.797
0.644051
0.835996
0.839201
0.620609
0.749571
0.8968700000000001
0.399429
0.754518
0.749854
0.0940796
0.47866099999999995
0.16711600000000001
0.831325
0.880799
0.873771
0.8280700000000001
0.8744149999999999
0.537313
0.666971
0.674866
0.858457
0.86861
0.539229
0.842627
0.145552
0.149288
0.737971
0.9534020000000001
0.958257
0.523595
0.751938
0.22819299999999998
0.808896
0.882712
0.9435129999999999
0.822203
0.894703
0.612486
0.729009
0.906249
0.21095
0.5343479999999999
0.233269
0.490285
0.551053
0.802872
0.47048100000000004
0.746895
0.861612
0.782849
0.43422299999999997
0.937693
0.8952760000000001
0.661507
0.251529
0.912176
0.8070069999999999
0.8858860000000001
0.866509
0.139327
0.07490210000000001
0.07490210000000001
0.46780200000000005
0.46780200000000005
0.778975
0.604006
0.39419099999999996
0.90966
0.804469
0.8306129999999999
0.551623
0.882608
0.897734
0.47145
0.934579
0.5557479999999999
0.6475029999999999
0.816531
0.7956880000000001
0.903947
0.686828
0.934579
0.83883
0.80161
0.849616
0.779792
0.761147
0.755471
0.383961
0.8352149999999999
0.74226
0.880758
0.675248
0.588918
0.901065
0.8226469999999999
0.788945
0.7605890000000001
0.9520569999999999
0.738464
0.722248
0.807543
0.341937
0.6636310000000001
0.8354520000000001
0.48008599999999996
0.677925
0.767759
0.6602140000000001
0.780999
0.589618
0.5181279999999999
0.763889
0.935342
0.504513
0.215443
0.913143
0.838299
0.971404
0.742131
0.190682
0.44256599999999996
0.9653709999999999
0.835556
0.661062
0.871591
0.833166
0.553294
0.724435
0.8925620000000001
0.680495
0.9490639999999999
0.9285540000000001
0.914593
0.921853
0.8695649999999999
0.935135
0.809556
0.6234029999999999
0.757761
0.765634
0.840714
0.632972
0.651163
0.865569
0.932107
0.919739
0.9254979999999999
0.8912190000000001
0.918277
0.5837319999999999
0.9360129999999999
0.810415
0.701838
0.949918
0.838606
0.35727
0.814322
0.846777
0.830702
0.319336
0.582045
0.8873059999999999
0.760181
0.9267219999999999
0.918258
0.539806
0.634709
0.634709
0.860273
0.168784
0.190591
0.7159409999999999
0.698245
0.331239
0.799091
0.5745439999999999
0.32079
0.32079
0.8389469999999999
0.9270889999999999
0.7630680000000001
0.9156629999999999
0.546953
0.738693
0.9361700000000001
0.921726
0.861332
0.9156299999999999
0.916216
0.23356
0.926248
0.44092200000000004
0.158605
0.136974
0.645951
0.75312
0.776091
0.40933
0.73163
0.843958
0.140966
0.0239183
0.536205
0.74556
0.89294
0.664242
0.602815
0.660994
0.8230700000000001
0.531622
0.277376
0.31144499999999997
0.760446
0.793848
0.763333
0.8092550000000001
0.7427819999999999
0.858259
0.594087
0.9237059999999999
0.632841
0.55119
0.867778
0.629105
0.24804299999999999
0.602815
0.0443717
0.533108
0.281488
0.049929400000000006
0.247094
0.702978
0.930272
0.7949350000000001
0.5599850000000001
0.719234
0.85706
0.808714
0.834083
0.552201
0.905223
0.8946299999999999
0.8394469999999999
0.8183229999999999
0.670219
0.808751
0.762574
0.709503
0.799479
0.806869
0.49959
0.824448
0.8384440000000001
0.32766799999999996
0.80347
0.8562139999999999
0.8654709999999999
0.891908
0.783925
0.407895
0.876179
0.8386030000000001
0.799531
0.33613200000000004
0.9353739999999999
0.76661
0.88108
0.810445
0.783507
0.8942469999999999
0.16911400000000001
0.182822
0.182822
0.796751
0.803295
0.857693
0.886552
0.739402
0.882676
0.859821
0.645718
0.8082550000000001
0.52004
0.094766
0.24366300000000002
0.741737
0.7028760000000001
0.220338
0.397146
0.850295
0.890942
0.895859
0.894545
0.868315
0.8817940000000001
0.8131970000000001
0.754234
0.25047800000000003
0.825976
0.744766
0.43626400000000004
0.8065979999999999
0.735927
0.711562
0.60851
0.8792479999999999
0.932635
0.25857399999999997
0.21179099999999998
0.8838590000000001
0.44015
0.35687800000000003
0.777415
0.870828
0.834211
0.6090909999999999
0.667722
0.667722
0.9319200000000001
0.830923
0.952472
0.8287399999999999
0.9272450000000001
0.932449
0.565318
0.951312
0.82601
0.568134
0.626853
0.869718
0.5253260000000001
0.842958
0.8663879999999999
0.869175
0.723187
0.8642719999999999
0.9293459999999999
0.790592
0.896969
0.945177
0.576025
0.4349
0.127444
0.979273
0.767979
0.632143
0.6813560000000001
0.8768229999999999
0.9390000000000001
0.513313
0.77055
0.79856
