0.216383
0.20864000000000002
-0.352379
0.5109779999999999
4.81749
3.5862800000000004
0.141975
-0.376231
2.86959
1.45999
1.14014
0.482994
0.65857
0.7690859999999999
0.964591
5.31621
3.9832199999999998
-0.29791
0.898386
-0.39678800000000003
-0.04189330000000001
0.987108
-0.505154
2.43094
0.057253899999999996
5.3316300000000005
1.68375
-0.776729
1.04545
1.86546
0.735344
2.8408900000000004
2.80422
1.85929
2.22056
3.2637
0.8858860000000001
-0.105873
2.7457700000000003
0.278524
0.040043300000000004
3.76431
-1.8490900000000001
1.19646
1.56771
1.16931
-0.144235
0.286542
1.9975
0.341794
2.4024799999999997
0.8298270000000001
0.492787
1.29938
0.921673
0.956551
3.3456099999999998
0.559262
3.23807
0.647863
0.212585
0.8418549999999999
1.36714
2.95444
0.163004
0.729241
0.7711600000000001
-0.30844699999999997
0.21665500000000001
-0.725568
0.9229860000000001
0.9017059999999999
3.85624
1.26744
2.41676
3.28286
2.1733
3.33362
-2.24838
4.6698
4.52704
0.10313299999999999
1.9153799999999999
1.4750299999999998
0.0308825
-1.18993
0.696501
0.194524
-0.146005
-0.20111800000000002
0.0539595
1.9003700000000001
2.5096
2.48867
4.08099
-0.18379500000000001
0.9304870000000001
1.47621
0.21613800000000002
2.92807
-0.486308
2.95098
4.03643
-0.14290899999999998
0.636606
0.500398
0.9313959999999999
2.43099
0.5958289999999999
1.30637
1.07237
0.448492
0.5623859999999999
2.18491
1.39404
1.0336
0.776321
0.31035100000000004
0.46803100000000003
0.094975
2.33
1.2234200000000002
1.5135399999999999
0.346663
0.5950310000000001
0.602645
1.83043
3.73173
2.11939
1.07631
3.71346
0.8522559999999999
1.5213700000000001
0.682496
0.24479299999999998
2.44172
0.668772
2.1663900000000003
1.6531
0.300818
-0.164702
2.57993
-0.8195450000000001
2.09049
1.08473
2.15286
-1.30288
0.5548960000000001
1.25278
3.11154
-1.0906799999999999
-0.9766790000000001
-1.6776
-0.09463619999999999
0.233328
2.43779
-1.11958
1.10345
-0.387313
4.5586199999999995
-2.82516
1.2860200000000002
3.2892
0.473275
-0.9272030000000001
0.731612
2.0762099999999997
0.529512
1.41431
1.78351
-2.3148400000000002
0.522708
-1.68586
3.29955
2.88408
1.8411400000000002
-0.532021
3.91435
-0.21771999999999997
0.0524072
2.30823
0.15543099999999999
2.00088
1.85855
-3.8806800000000004
0.156309
-0.00823384
0.8210430000000001
0.76537
0.189803
-2.17456
1.93415
0.396869
-0.604054
3.75451
1.1010799999999998
-0.545746
-0.537488
-1.15649
2.12143
1.6182
2.3406599999999997
3.28801
2.45092
0.744583
3.24315
3.53882
0.632179
0.00268378
0.269068
3.3018199999999998
3.9488199999999996
0.029942
0.470149
2.21958
-0.525925
1.52944
-1.43933
-0.624372
0.8723059999999999
-0.633604
2.01483
-0.898926
2.41396
3.9906800000000002
4.18811
-1.01044
-0.0576668
-2.0836099999999997
0.156324
0.0848465
2.23509
-0.922041
0.47422600000000004
2.90497
4.54256
0.138547
-1.48593
-0.7832680000000001
0.6560600000000001
-2.34279
0.806604
1.22525
4.00681
-0.995273
-0.627584
2.47592
1.9164
-0.324673
-1.11929
0.290456
3.63964
2.41591
0.723429
0.556802
3.9668300000000003
2.8216
0.11848800000000001
-0.433904
1.37778
1.5105
3.2158599999999997
3.95537
2.1917299999999997
2.08613
-1.37913
0.26021700000000003
0.511059
-3.55355
3.32674
-0.0448643
-1.87647
-0.40885900000000003
2.26355
2.27337
0.993712
-0.478361
-0.770945
4.04234
0.7490859999999999
-0.0235081
0.347114
-0.689571
1.11243
-0.336611
0.19774
-2.0157
-2.89614
-3.18223
-0.716747
-1.48379
-0.9175909999999999
-1.63408
0.0535786
-0.35285900000000003
0.555537
0.194341
-0.393284
-0.37281
0.515821
1.15329
0.0
-3.9348699999999996
0.0
-0.9556379999999999
-2.0152400000000004
-1.89147
-0.782166
0.495205
-1.10083
0.221092
-0.745401
0.0
0.44882799999999995
0.707321
-0.0422975
0.8874559999999999
0.0037394
-0.8454969999999999
0.0
0.7186020000000001
-0.559215
0.16634100000000002
0.0734803
-0.5054350000000001
-1.4394
-0.613266
-0.201462
0.320002
-1.02837
-0.5334840000000001
0.884093
-0.0169785
-1.32351
0.0
1.4258600000000001
-2.18899
-0.422558
0.193654
-0.862375
-0.652954
0.401565
0.038114999999999996
0.172733
-0.022569400000000003
-1.03302
-0.0324251
-1.1599
-3.3626699999999996
-2.9192299999999998
0.041533
-0.193889
-0.900402
0.020805700000000003
-0.9448040000000001
-0.166812
0.0
-0.0945885
-0.517143
-2.87128
-1.8750200000000001
-0.150898
-1.14621
0.16862
-1.4460899999999999
-0.00440135
1.37242
-0.357605
0.0278758
-0.626217
-2.14011
-0.412929
0.08402269999999999
-2.44449
-0.6960770000000001
-1.2897399999999999
-1.13483
0.898598
-2.74971
-1.65085
-0.5856640000000001
0.31346799999999997
-1.0154299999999998
-0.766256
0.0171842
-1.91265
-1.33158
-0.351353
0.504577
-3.6192300000000004
0.392986
-1.94687
-0.501421
-2.04777
-0.36604000000000003
-0.07455210000000001
0.45739399999999997
0.283674
0.0
-0.7766890000000001
-1.05692
-0.518645
-0.805975
0.770297
-1.0727200000000001
0.0
0.9883549999999999
-0.777618
-2.64535
1.33588
-0.775573
0.130493
-0.660213
0.08063530000000001
-0.47876499999999994
-0.837678
-1.50739
-4.4727
0.0
-1.74482
-1.99839
-0.318843
0.0
0.7916350000000001
0.824832
-0.793972
-0.8686219999999999
-1.8749
0.8973399999999999
-0.758987
-0.0777494
0.43665600000000004
-1.74649
0.964463
-0.58565
0.58945
0.807067
0.284523
-0.211296
0.0
-0.33582
-1.11049
-0.296752
0.043324
-0.566409
0.30645
-3.60526
-1.57144
-0.0531922
1.17163
-0.195694
0.607696
0.225758
0.373521
-1.56457
-2.81725
0.344598
-0.18633
-0.23360300000000003
0.0
-0.473559
0.489559
-1.53217
-3.55948
0.167149
-1.08484
0.543449
-4.56661
-1.34866
-1.73365
-0.5735020000000001
-2.8267
-1.1322299999999998
0.12200899999999999
0.328549
0.112497
0.21099400000000001
-1.2017
0.29038600000000003
0.843305
0.07170119999999999
-2.0808299999999997
0.290062
-0.09815399999999999
-0.0566688
-2.61538
-0.45854300000000003
-1.3876899999999999
-0.31662199999999996
0.18345999999999998
-0.516333
0.435962
-1.12277
-0.323115
0.285684
-0.8986790000000001
-0.39855
-0.877985
-0.48115
-0.669354
-0.29452399999999995
-0.332832
0.0
-0.724999
0.201159
-3.1047700000000003
0.46420100000000003
-0.25606
-0.971116
-1.13952
-0.206907
1.1723299999999999
-4.08396
0.9946649999999999
0.581546
0.34765300000000005
-0.00133545
-0.778828
0.115317
-0.333677
-0.435806
-0.775647
-0.284953
-0.662235
1.11695
-0.0594888
0.193897
-0.496579
0.00711914
-0.379214
-1.13365
0.0
-0.435446
0.9067629999999999
0.496828
0.49931499999999995
0.44395100000000004
-0.0139062
0.0
1.73875
0.537709
0.65535
-0.999483
0.560068
0.23954099999999998
-1.76511
0.49444899999999997
-0.371881
-2.7547200000000003
-0.218025
-3.00943
0.215484
-3.0763
-0.301158
-0.400594
-0.357144
-0.294196
0.693682
-0.7977479999999999
0.0
-1.55385
-0.129597
-1.47748
-0.15295
-2.55757
-1.9618900000000001
0.0
0.664095
-0.789143
0.349315
0.0
0.171008
0.29384
0.904747
-4.00471
-0.49272299999999997
0.6668390000000001
-0.770727
-0.30796100000000004
-0.567653
-0.198982
-1.06515
0.7252970000000001
-0.279049
-0.20959
0.3105
0.364128
1.54534
0.487629
0.08479099999999999
0.32137899999999997
0.766614
-0.157861
-0.790164
0.7434029999999999
-0.100734
-0.49623500000000004
-0.34439200000000003
-0.544463
0.014392600000000002
-0.365732
0.12251400000000001
-0.0297408
-0.110799
-0.0985412
-0.325295
0.402688
0.393912
-0.401945
-1.15777
0.165213
-2.11979
-3.8503800000000004
-0.45176000000000005
-1.81093
-2.32247
-0.136011
0.155468
0.262637
0.180579
0.00680792
1.1513799999999998
-0.355559
0.427241
-2.2783900000000004
0.0
-4.01302
-0.292534
-0.336792
-1.5375299999999998
-0.703122
0.0
-4.00059
-4.428669999999999
1.24706
1.07941
-0.5953930000000001
0.938298
-2.29332
-0.9107559999999999
-0.28104
-4.05104
-0.954008
-2.25955
-0.43651599999999996
1.16242
-2.0924099999999997
1.63238
0.0
-0.286785
-0.225231
-2.03211
-0.57318
-0.68347
0.591691
-0.17236600000000002
-0.013794200000000001
-0.8276620000000001
-0.387988
0.418987
0.914766
-0.392225
0.046681099999999996
-0.6539550000000001
-0.571184
-0.58486
-4.21709
0.458847
-0.137425
-0.26865500000000003
-0.361433
-1.29368
0.412916
-0.278065
0.494145
-0.764953
0.0
-0.8745450000000001
-0.08525210000000001
1.09365
-0.34826399999999996
-2.16693
-0.525234
-0.9732
-2.3942799999999997
-3.3797599999999997
-0.599344
0.0
-0.6125010000000001
-0.222442
0.40643
-1.0828
-0.506191
0.15867799999999999
-0.649931
-0.403735
-0.859058
-0.170281
-0.245802
-1.2736399999999999
0.448903
-0.10377
-0.338548
-0.411732
0.1601
-0.190078
-1.09895
-0.692298
-0.38547
0.181969
-1.29126
-3.85534
0.949442
-0.375071
1.0189
0.11738900000000001
-0.670551
-0.743506
0.0
-0.13439500000000001
0.626184
0.367644
-0.86487
1.12763
-1.0882100000000001
-0.395241
-0.39753299999999997
-0.0262065
-0.9345690000000001
-0.574076
-0.5743050000000001
-0.259322
-0.5985189999999999
-0.438274
-1.96135
-0.090287
0.704479
-0.289136
-3.95645
-1.30311
-0.0620614
-0.212925
-3.57407
-0.128866
-0.288213
0.267137
-0.5550149999999999
-0.14006500000000002
0.807154
0.0
-0.546128
1.27851
0.5026930000000001
0.0638917
-0.141797
2.13115
0.5639069999999999
-0.562983
0.566448
-3.7762
0.540804
-0.017649900000000003
-0.593166
0.459897
0.0
-0.188822
-1.26803
0.37397800000000003
-0.37937600000000005
-2.01281
-0.41705200000000003
-0.345754
0.527436
-2.22529
-1.1604
2.93511
0.0665596
0.58929
-0.330959
1.07349
-3.4811099999999997
-2.23256
0.176788
0.0
0.617648
0.27323800000000004
-3.5733099999999998
0.22314
-0.00101306
0.171202
-0.281188
-0.913575
-0.967249
0.048702300000000004
0.0996398
-0.383031
0.793623
0.370431
1.24476
0.394345
1.6332799999999998
-3.4617400000000003
0.0530606
-0.507764
-0.375229
-0.24753499999999998
-0.456074
0.0
-0.591158
0.371607
-0.534918
1.46827
-0.8289280000000001
-0.21386100000000002
0.0254655
0.0
0.0
2.22377
0.716697
0.0604212
-0.00575892
0.178527
-1.66943
-0.480138
0.41748999999999997
0.0933105
0.0
1.56224
-0.938119
0.5783729999999999
-1.18723
-4.108219999999999
0.213889
-1.38305
-0.8691540000000001
-1.39323
1.2083
-0.366139
-0.6943090000000001
-0.436554
-2.05309
0.0654454
1.01142
-0.408364
-0.157949
-0.499129
0.11205999999999999
1.10615
-0.38154299999999997
-0.188783
0.9679700000000001
-0.311299
-0.08894439999999999
-0.884691
0.113033
-0.229221
-0.17139400000000002
-2.1438099999999998
-1.0629899999999999
0.104716
0.724507
-4.29915
-1.08013
-0.42984399999999995
0.715546
-0.392296
0.035829599999999996
-2.0276400000000003
1.49576
0.15118900000000002
0.41659300000000005
-3.4604199999999996
-1.9538200000000001
0.342571
-0.2958
-1.9980099999999998
1.1951
0.155298
-0.340005
0.855648
0.8951110000000001
-0.110279
0.41287399999999996
-0.163735
0.435733
1.81407
-1.19513
0.230992
-0.757992
0.45829
-0.0398094
3.0121
-0.00388463
-3.63246
0.776927
-0.167698
-0.12360499999999999
0.0222558
-0.209434
-0.6732899999999999
0.0
-0.562519
-0.632579
0.405866
-0.34771799999999997
-0.663151
-0.163208
0.241761
-0.698501
1.22027
-0.09721519999999999
-1.47259
-0.142663
-0.45731400000000005
1.05245
-0.659717
0.35925300000000004
-0.280404
-0.516472
-0.27595
-1.47855
0.391648
0.728342
0.0
-4.32796
-3.07252
0.0
-1.34771
0.297274
-0.379548
-0.762317
0.537883
0.0
-0.46551000000000003
0.191375
-0.770073
-0.21934499999999998
0.682026
-0.0442199
-1.60125
0.167103
0.284346
-0.805822
0.0
0.0
0.82337
-2.8374
0.0
-0.028682299999999997
-1.75195
-0.699983
0.622805
0.10395499999999999
-0.502121
3.06297
0.06825149999999999
-0.99234
