-1.03745
-0.585141
0.355223
0.0482594
0.905809
0.739332
1.0913700000000002
1.26268
1.1941
1.73394
1.82628
0.921178
0.921178
0.5000979999999999
0.325328
0.260044
0.403305
0.457092
-2.03203
1.50746
0.0170048
0.22607600000000003
2.5072799999999997
1.20842
1.31453
2.49171
3.32551
2.11614
1.7370299999999999
1.7370299999999999
1.6893799999999999
1.1379299999999999
2.29316
-0.478182
-1.6543
0.570067
-0.254776
-0.707044
1.0850799999999998
0.363645
0.293699
1.42011
1.92772
1.5477
3.26931
0.079876
0.307633
-0.6142989999999999
-3.12955
-0.16231800000000002
-1.03004
0.729508
0.0810406
1.2555100000000001
-0.48210600000000003
0.721774
1.22432
2.32214
3.10613
0.756998
0.43118
1.20234
0.24709499999999998
1.48524
0.1921
0.0734962
1.90609
0.719182
0.7241449999999999
-0.326347
-0.359439
-1.08396
0.569501
0.433021
-0.677071
-0.677071
-0.055410400000000005
1.9513900000000002
-0.5419189999999999
0.043628600000000003
0.024372
0.635893
1.11769
-1.00335
0.0835347
-0.65027
-0.6910470000000001
0.14146
-1.49022
-2.20249
0.26959099999999997
-0.76057
-0.0964775
0.6731729999999999
-1.05336
0.433561
0.812575
0.321857
-0.442511
-0.468646
0.0376737
-1.3171899999999999
0.297229
0.11961500000000001
-0.501899
-1.01378
-1.01787
-0.48093199999999997
-0.46495
-0.388231
-0.150781
0.16488
-0.39269
-0.322704
-1.0593
-1.13432
-1.69717
0.661896
0.600795
0.0430854
1.1958
-0.946665
-0.645292
-1.45546
0.27065900000000004
0.675782
0.29331
-2.11904
1.01472
-2.31842
-1.5750600000000001
-0.120941
0.042584199999999996
0.23858400000000002
-0.504833
0.43805299999999997
-0.295325
0.0328751
-0.7546010000000001
-0.736138
-1.55177
2.94414
3.16435
-0.527452
-1.0304799999999998
-0.881498
0.745641
1.21633
-0.00884719
2.02202
0.487475
-0.39602600000000004
0.8692059999999999
0.191108
-0.7692979999999999
0.42857799999999996
0.233006
1.1849100000000001
-0.397248
-1.1105200000000002
0.257263
-1.26956
-0.706444
-0.5315409999999999
1.4132
1.09712
-0.8824129999999999
1.88883
-0.0472622
-1.61976
-0.5024430000000001
-0.14276
-0.14276
-1.44947
-1.44947
-0.219779
0.381892
-0.535257
0.6472399999999999
0.067925
0.531089
-1.6934
0.868226
-1.98022
0.394422
0.216029
0.574526
0.307925
-0.5432560000000001
0.176183
-0.297079
0.262881
-0.49855600000000005
1.25985
1.6136700000000002
0.161987
-1.1457899999999999
-1.16268
0.61893
0.972514
-0.277826
-0.5186310000000001
-0.031210400000000003
-1.14937
-1.6717
-0.364408
0.207571
0.690112
0.908434
0.140216
-0.9466129999999999
-0.8093199999999999
1.10663
-0.122624
0.310176
-0.802897
-0.8428770000000001
3.1207700000000003
-1.27128
-0.205064
-0.749085
0.576961
1.2107299999999999
0.215941
0.335667
-0.401486
-1.05765
-0.299291
0.35939499999999996
0.0
0.618737
0.469401
-2.47085
0.00483886
0.7858149999999999
0.68302
0.44450100000000003
0.158277
-0.46209799999999995
-0.667606
-1.3391
-1.58599
-1.5081200000000001
0.476207
-0.315971
0.8146359999999999
-0.8875940000000001
-1.2428
-0.736957
0.453135
-0.03379890000000001
-2.28136
-0.210208
-0.670185
0.660027
-1.2492
0.494338
1.1407
0.309425
-1.073
-1.57139
1.18307
-1.9725
-0.319807
0.671097
0.31433
1.36195
0.6044
0.747899
-2.97344
0.268296
0.156283
-0.0486505
1.2176200000000001
0.08290689999999999
-0.503272
0.0592861
-0.8898379999999999
1.6810900000000002
1.6810900000000002
-0.0551946
0.0727638
0.662242
0.691192
0.29026799999999997
0.20721199999999998
-1.16899
1.5799
-2.37626
-2.37626
1.56344
-0.11629300000000001
-1.4158899999999999
-0.143018
-0.023033599999999998
-1.42311
-1.02404
-0.325308
-0.057815599999999995
0.043550900000000003
-1.19592
-0.531034
0.04253030000000001
2.40836
1.2592
0.766108
0.848426
-0.362222
1.11608
1.76045
-0.0291342
0.8462930000000001
1.68255
-0.352351
-0.672143
-0.36757
0.76686
0.290321
0.156869
0.381429
0.141336
1.34161
0.9091809999999999
-0.192859
-0.158946
1.3721299999999998
-0.525474
0.641442
0.808869
-1.0025
0.07854320000000001
-0.0930295
0.607699
0.35919
0.042488
-1.33084
2.41833
0.9343940000000001
2.32198
0.5561689999999999
1.28073
1.17949
0.8983559999999999
0.971123
1.79466
0.494903
2.26422
0.23904
-1.07406
0.352408
-0.00201843
1.13079
0.850247
0.161242
1.47167
-0.012291700000000001
1.0776
0.46412299999999995
-1.55603
0.359761
-0.0709137
-0.9360790000000001
-2.80278
0.284954
-0.183907
-0.784921
0.0950284
-0.120244
-0.5627340000000001
-1.0464
-2.63053
-0.344204
0.45856800000000003
0.936322
-0.39816799999999997
1.64205
-0.166655
-0.33726300000000003
0.15374100000000002
0.47313599999999995
-1.2074
0.608524
-0.48998400000000003
0.695272
0.695272
0.534359
0.543355
-1.11656
1.66822
0.563979
-0.140808
-0.0593238
0.8093640000000001
2.4141
2.0116099999999997
0.48357100000000003
0.959033
0.250752
-0.6116020000000001
1.09628
-0.188356
0.406339
0.0760697
0.857355
0.0956147
-0.0169516
0.9131809999999999
-0.0878091
0.21981199999999998
-0.170409
0.727088
0.662043
0.569148
0.145525
0.0859877
0.717344
0.7244229999999999
-1.33597
-0.475714
-1.9388299999999998
-0.192787
1.01244
0.6736300000000001
0.132914
0.169435
-0.717753
0.6814
0.5682229999999999
0.803349
0.803349
0.325637
0.28198
-1.46471
0.453057
-1.16115
-0.468758
-0.15417899999999998
0.658936
-0.540797
0.655708
-0.22275100000000003
-0.5166430000000001
-0.621334
-0.18098399999999998
1.1081299999999998
0.077111
0.8823219999999999
-1.12049
0.704933
1.24738
0.681459
0.0102935
0.8230790000000001
1.90662
-0.195682
0.46169899999999997
-0.42464700000000005
-1.5103
-0.563643
-1.3603100000000001
0.538328
-0.515422
1.25292
-0.0570623
