-0.24059499999999998
-0.360008
-0.742517
0.661018
0.144904
-0.0766222
3.5331
0.246561
-0.230329
1.84011
1.7451
0.7605649999999999
0.7605649999999999
-0.0739282
0.34562600000000004
1.0848
0.6290899999999999
0.416863
0.612305
3.5591699999999995
-0.366284
-0.50062
1.53281
0.586387
0.750005
1.95744
1.86651
1.4289399999999999
0.502259
0.502259
1.07294
0.205943
1.82435
-0.544363
0.546244
-1.41028
0.330171
0.321937
0.808928
0.9451379999999999
-1.48963
1.50901
2.51595
1.44879
0.702238
-2.21496
-1.58831
-1.34612
-0.9696969999999999
-2.84437
-0.22778299999999999
2.81589
0.653701
3.2461900000000004
0.185878
0.0468417
0.511865
-0.0007900660000000001
0.382641
-0.00800731
-1.8477599999999998
-0.0888556
0.8221350000000001
0.36390700000000004
-1.21691
-0.35023899999999997
0.794957
-0.8248479999999999
0.842628
0.17089000000000001
0.219462
0.366595
0.7064
0.248065
-1.15531
-1.15531
-1.7400900000000001
0.566079
-1.31329
-0.9521620000000001
-0.22960999999999998
0.573224
-0.36482600000000004
-1.33836
-0.000165223
-1.2394399999999999
-1.7792400000000002
0.140104
-2.7406099999999998
-1.07513
-0.345544
-0.407765
0.187923
-0.493774
-2.2284
-0.658284
-0.544132
0.279129
-0.8982459999999999
0.0373024
-0.30559899999999995
-0.25846399999999997
0.860931
-0.764221
0.0860614
-0.9543719999999999
-1.45345
-1.06769
-0.49088100000000007
-1.44734
-1.8338599999999998
-0.337251
-0.647859
-1.0684
-0.670196
-1.24263
-1.67605
-0.11979400000000001
-0.21289299999999997
-0.682567
1.99138
2.13767
-0.8939020000000001
-2.5865
-0.0960791
-1.57772
-2.43416
-2.5608400000000002
0.419342
-2.41316
-4.64936
-1.02234
-3.45267
0.8502270000000001
-1.42145
-0.0867266
-0.670034
-0.45094799999999996
-1.3110700000000002
0.328808
-1.19632
1.85024
0.698045
-0.666725
-1.81745
-1.12426
-0.41193599999999997
-1.56154
-0.544255
-0.158226
-1.91025
-1.34227
-0.8236979999999999
1.42951
0.106012
0.26312199999999997
0.460678
1.2691
-0.348246
-1.6202
-0.528988
-1.21137
-1.7681900000000002
-0.313994
1.5555700000000001
0.196247
-1.9494200000000002
-1.90389
-0.00271279
-0.25604299999999997
0.805118
-0.248194
-0.248194
-4.8132
-4.8132
-1.7228
-1.68956
-1.14808
-3.1409700000000003
-2.97642
-1.1286200000000002
-0.680041
0.742586
-1.14067
-0.30506500000000003
-0.553901
-0.191512
-0.383739
0.34224499999999997
0.845091
-0.703554
-0.329135
-1.4283
1.27969
1.15901
0.419092
-1.40911
-1.56491
-1.18137
-1.10881
-0.678592
-0.672265
-1.42865
-0.781844
-0.47479099999999996
0.986016
-1.03678
-0.516821
0.0363646
-0.543261
-2.36385
-0.992933
0.014244
-1.4512200000000002
-1.03128
-0.375906
-0.505786
1.90398
-2.16713
-1.1050200000000001
-1.7239400000000002
-1.67996
-0.59572
0.806742
1.2339799999999999
0.127671
-0.265081
-0.0102934
-0.518397
0.0
-0.143832
-0.23771199999999998
-0.7086640000000001
-1.0422799999999999
-0.683434
-0.83381
1.3452899999999999
-1.14195
-0.027626599999999998
-0.7294619999999999
-1.02706
-0.9398129999999999
-1.14747
-0.674465
-1.11891
1.20098
-0.843414
-0.410832
-1.56279
-1.3652799999999998
0.023321500000000002
-0.152409
0.31704699999999997
-1.7638
-1.81955
-0.710605
0.173774
0.10478499999999999
-2.08038
-0.391734
-1.19478
0.472062
-0.14642
-0.42113900000000004
0.555389
-1.21318
-0.089885
-0.298156
1.4722899999999999
-0.9085979999999999
0.645275
-0.217819
0.508885
-0.447713
0.00946407
-1.37591
0.10016
0.520008
0.6877260000000001
0.6877260000000001
0.1991
0.870418
0.115646
1.3441
-0.5190239999999999
0.349827
0.18198
0.480612
-1.42771
-1.42771
1.1882700000000002
0.992524
-0.917983
-0.651216
-1.9755200000000002
-0.638459
-1.42511
-0.22230999999999998
0.22738699999999998
-0.636848
-0.906317
-0.256477
-0.986246
1.15488
0.580454
-0.5085109999999999
0.348344
-0.013761
0.622355
0.0217447
0.248286
-0.52399
1.02219
0.587076
-2.08671
-0.793327
0.356089
-0.332813
0.381253
-0.6622100000000001
-2.27855
2.6731700000000003
0.9011600000000001
-1.13683
0.20939899999999997
1.61893
-1.34798
0.819401
-0.09123930000000001
-0.675473
-0.0386106
-0.269744
0.686956
0.22937600000000002
-0.496287
0.26625
2.17325
0.285708
3.2899800000000003
0.8983190000000001
0.8253389999999999
2.42608
-0.642084
-0.326322
1.0452
-0.501151
0.735951
-1.4155799999999998
-0.708105
0.0819021
-0.866554
-1.3009700000000002
-2.1446400000000003
-0.403954
-0.041508300000000005
-1.03291
-0.0934897
0.244337
0.155567
-0.42699
-0.48293500000000006
-1.28443
0.26257800000000003
-2.50274
-0.0355561
-1.18123
-0.356576
-0.679661
-1.8717400000000002
-1.9771900000000002
-1.0263200000000001
-2.5472599999999996
-0.6566270000000001
0.142996
-0.652455
-0.299009
-5.11185
-0.000524656
-0.551347
-0.214825
-0.43331499999999995
0.0681908
-1.46112
0.42010200000000003
0.42010200000000003
-0.621186
-0.418439
-2.2783900000000004
-0.0696317
-0.255591
-0.310798
-2.2234
-1.03221
-0.5268550000000001
0.11319000000000001
0.103631
-0.155469
-1.7704900000000001
-0.83896
0.22225300000000003
-0.5066689999999999
-0.486067
-0.33311599999999997
-2.42738
-1.05751
-0.73023
-0.880357
-0.391798
-2.53295
-0.759085
-0.252784
-0.9111020000000001
-1.23991
-1.53986
-3.7958
-0.65505
2.38068
-0.27002800000000005
-1.31344
-1.21869
-0.9392520000000001
-0.397568
-0.906861
0.774886
0.550958
1.34574
0.180983
-0.815717
0.560092
0.560092
0.319328
-2.31731
-2.65727
-0.328988
-1.48681
-0.8772049999999999
-0.977808
-0.785718
-0.47735600000000006
-1.03193
-0.0925403
0.38343
-1.14899
-0.08313530000000001
0.0665776
0.185949
0.715008
-1.1434799999999998
0.287244
0.907725
0.778306
-0.30940100000000004
0.849981
0.5712470000000001
0.340868
-0.66945
0.0453836
-1.02634
-1.36024
-1.0560399999999999
-3.7412699999999997
-0.447929
0.30525399999999997
-0.11058699999999999
