0.527047
0.5033310000000001
0.267538
0.679052
2.04906
1.6372
1.04641
-0.43083
0.040267000000000004
0.8550459999999999
1.99145
0.972558
-0.402526
0.401886
0.517563
3.44348
1.7137
-1.1743700000000001
0.276629
-0.7461399999999999
1.01142
0.22648000000000001
-0.369944
2.01741
0.41242700000000004
2.9074299999999997
0.613758
0.5944010000000001
0.763472
0.5220319999999999
0.480206
0.649323
1.38252
1.51329
1.03475
3.9139199999999996
-0.40867
-0.562082
1.98364
0.0225226
-0.08207410000000001
0.845115
-0.339323
0.559438
1.85475
0.9003260000000001
1.1067799999999999
0.20978400000000003
1.9645099999999998
-0.5914550000000001
2.08148
0.40778000000000003
1.20079
0.129896
0.45459399999999994
0.0588442
1.9816
0.680333
1.66274
0.565238
-0.104749
-0.28117600000000004
0.918401
2.2202900000000003
0.31458800000000003
1.3358700000000001
-0.08325149999999999
0.0774546
-0.42216099999999995
-0.40143
-0.288991
0.296066
2.4367900000000002
1.12911
2.67244
2.21781
2.6078
3.7963199999999997
-0.62522
3.6697599999999997
3.4119599999999997
0.25578
1.79477
-0.0966117
0.580914
1.12848
0.6435890000000001
0.685465
0.691739
-0.499551
0.6570819999999999
-0.661651
1.35432
2.05713
3.28099
0.889133
-0.017795699999999998
0.981015
0.0771758
2.4670799999999997
0.578538
2.62887
2.79408
0.589166
1.4349299999999998
0.32869699999999996
0.426684
1.50302
-0.276643
0.357513
1.38952
-0.06914760000000002
-0.0960137
1.47599
0.671987
1.52314
0.828852
-0.657914
0.37666900000000003
0.49609200000000003
1.9642099999999998
0.44965900000000003
0.792415
0.36351300000000003
0.665658
1.54835
0.6370899999999999
4.3882900000000005
1.9473
1.29055
3.96769
0.40889000000000003
2.04261
0.384046
-1.1150799999999998
0.00475601
0.369609
1.8946599999999998
2.10982
-0.2019
0.162449
0.8425040000000001
-0.09462860000000001
1.62381
1.74183
2.93988
-1.36501
0.202599
2.70454
3.7177599999999997
-0.47192
-0.705553
-1.87533
1.244
0.6376609999999999
2.4720400000000002
-0.036593099999999996
3.3153099999999998
-0.0658746
3.38635
-2.30071
2.01468
3.67599
1.07938
-0.9761989999999999
0.664701
3.40723
1.8975400000000002
1.57267
2.09463
-2.501
-0.107396
-1.38455
1.98164
2.64356
2.20967
-1.60016
4.715990000000001
-1.10018
0.357871
2.97819
-0.06805499999999999
1.51981
3.01764
1.34245
1.7355099999999999
-0.766494
0.6936
1.18403
1.0467
-0.789768
2.3269900000000003
0.772245
-0.802331
3.8486800000000003
0.385278
0.0107219
-0.543072
-0.510993
2.5803700000000003
1.41429
1.8587900000000002
1.5548600000000001
2.37031
1.73364
2.60299
3.52417
1.2513
1.63513
1.3261
4.0378
2.24827
-0.798025
0.131662
1.7541799999999999
-0.16838399999999998
1.96078
-1.06264
-0.797139
1.95501
-0.66356
3.43079
-0.6664720000000001
2.85576
1.82151
3.98691
-1.20841
1.41222
0.164627
0.09115830000000001
-0.10493399999999999
2.16398
-0.93361
1.2324700000000002
1.37624
3.9874099999999997
-1.9903400000000002
0.633236
-0.818372
-0.06540409999999999
0.700874
2.33722
3.2497
3.11793
0.9083969999999999
-1.23549
2.08711
1.51375
0.168274
-0.824634
0.10432899999999999
3.24635
2.66859
1.06239
1.14469
2.55091
2.7629799999999998
-0.8145560000000001
-0.6140979999999999
1.8376599999999998
2.61591
3.03214
3.55951
1.9421
3.04502
-0.780886
0.25290300000000004
0.846917
0.08297210000000001
1.64847
1.40606
-0.212094
1.1850399999999999
2.44604
3.42271
1.98185
-0.845182
-1.18326
2.97517
0.124984
-0.618484
0.46243199999999995
0.250469
1.0621200000000002
-1.8640400000000001
0.564884
-0.972018
-1.19937
-2.53685
-2.0331599999999996
-0.302296
-0.379387
-2.3574599999999997
0.0928407
0.37990100000000004
-1.09548
-0.689337
-0.9278649999999999
-1.41554
0.392442
0.0139559
0.0
0.0
0.0
-1.2040899999999999
-0.201347
-2.54724
-0.293258
-0.012646600000000001
-1.12958
0.255653
-1.2702799999999999
0.0
0.0353875
1.1037700000000001
-1.19776
0.0691552
0.86206
-1.6757900000000001
0.0
-1.1212
-0.190387
1.02748
-0.0882455
-1.7331400000000001
-1.47059
0.28515300000000005
-0.578573
-0.726202
-1.34796
-0.024999900000000002
1.20413
-0.308684
-0.736947
0.0
0.434996
-1.30857
-0.553335
1.6051600000000001
-1.50609
-1.5259
0.154245
0.49379300000000004
-0.6336729999999999
-0.5947899999999999
-1.01121
0.5512640000000001
-0.38659499999999997
-0.964299
-0.18985
1.29793
-1.10707
-1.69829
-0.368117
0.175553
-0.252315
0.0
-0.307184
0.8483040000000001
-1.57266
0.10622000000000001
-0.15332
-1.06609
0.0222751
-0.988569
-1.77063
-0.029408799999999995
-0.12003399999999999
0.72509
-0.5648029999999999
-0.318729
0.7483920000000001
0.41073699999999996
-2.51308
-2.22017
-1.73945
-0.24939899999999998
-0.0859346
0.274548
0.13251500000000002
-0.8235809999999999
-0.585971
-0.04928540000000001
-1.51568
-0.0442064
-0.39520700000000003
-1.11212
0.170133
0.148899
-1.55313
-1.7093200000000002
1.41746
0.592819
-0.883774
0.494079
0.516267
-0.5445939999999999
0.199955
0.0
0.05974310000000001
0.411261
-0.8249190000000001
-0.8821180000000001
-0.364923
-1.27671
0.0
0.9325120000000001
-1.5309700000000002
-1.19507
0.44925600000000004
1.41874
0.584545
-0.20722800000000002
-0.81491
-0.019543099999999997
-0.9390850000000001
1.87985
-0.235244
0.0
-0.9340729999999999
-2.55065
-0.332038
0.0
0.00360822
1.74448
-1.19239
-0.06283680000000001
-1.6153899999999999
0.07074180000000001
0.7149310000000001
0.39616399999999996
0.554524
-2.11821
0.7728510000000001
-1.49539
0.12646300000000002
0.023368200000000002
-0.009890000000000001
-0.139743
0.0
-0.536991
-0.970662
-0.375233
-0.63335
0.294455
1.1602700000000001
-1.45337
-0.368898
0.248187
-0.156945
0.2958
0.61344
-0.0121137
0.688136
-0.8315739999999999
0.154747
-0.0700738
0.7085130000000001
-2.61403
0.0
0.241504
-0.296137
0.52318
0.754339
-0.478372
-1.73842
0.46913299999999997
0.0
-0.0661529
0.336308
-1.12489
-3.0792
-0.31497800000000004
-0.281988
-0.0162213
-0.556999
-0.344464
-1.52903
0.666158
0.22780100000000003
-0.655646
0.674608
-0.539833
0.042057599999999994
-0.37545700000000004
0.0
-0.445088
-1.45723
0.039613499999999996
-0.5751430000000001
-0.543503
0.526777
0.118177
0.255635
0.9578780000000001
-0.531682
-0.509422
-0.08490310000000001
0.785914
0.372707
-1.15794
0.190407
0.0
-1.9216099999999998
0.81694
-1.5672
0.166434
-0.371688
-1.05319
-2.2306
1.10931
0.410893
-0.213902
0.41617
-0.8175600000000001
-0.8864850000000001
-0.388422
-1.36751
-0.373992
-0.0520031
-1.5499
0.0625129
0.613318
0.164125
0.695078
-0.796337
0.154092
-0.552662
0.284748
0.10428399999999999
-1.57912
0.0
0.5411560000000001
-0.24199299999999999
0.09226369999999999
0.36835100000000004
0.297007
-0.175592
0.0
-0.230923
0.24970799999999999
-0.636055
-0.026637599999999997
0.021321299999999998
0.461682
-2.92234
0.23581
-0.41257299999999997
-1.9119400000000002
-1.0903100000000001
-1.01614
-1.10752
-0.533742
0.136037
-1.3091
-1.0924
-1.65199
0.519125
-1.49458
0.0
-1.7874599999999998
-1.0804799999999999
-0.628909
-1.20265
0.71007
-0.743946
0.0
1.52502
-0.8982479999999999
-1.24242
0.0
-0.105743
-0.498525
1.68308
0.0
-0.673424
-0.301695
-0.8579479999999999
0.21391500000000002
0.09747610000000001
-0.788385
-1.61932
-0.509851
-0.967742
-0.317795
-0.112345
-0.660276
0.993295
-0.32500100000000004
-1.4461899999999999
0.0790296
0.5315529999999999
-0.0343989
0.27726799999999996
0.0955672
-0.124252
-0.529975
-0.015502600000000002
-0.485734
-0.17919200000000002
-0.81407
-0.21556599999999998
0.617264
-0.830512
-1.22957
-0.18119100000000002
0.53104
0.00962964
-1.5485799999999998
-0.576683
-0.911904
-1.7302099999999998
-0.32204699999999997
0.361849
0.10318900000000002
-1.35379
-0.755263
-0.471574
1.003
-1.2012
0.611777
0.21263600000000002
-0.892977
-0.39279899999999995
-1.0037200000000002
0.0
-1.04105
0.00928821
0.192686
-0.60646
-0.125958
0.0
0.0
-2.56557
1.2203
-0.00699526
0.319235
1.50911
-1.94192
-1.17083
-0.24501900000000001
-0.318693
-0.8563459999999999
-1.19305
-0.805249
0.549767
-0.44751899999999994
-0.438942
0.0
-0.07781060000000001
0.205456
-0.446392
-0.526571
-1.5558299999999998
-0.365512
-1.0624200000000001
-1.41841
-0.724025
-0.36528099999999997
-0.0637841
-0.589307
0.275966
0.6482829999999999
-1.61319
0.42008500000000004
-0.634709
0.0481248
0.787664
-0.233645
-1.31029
-0.624872
-0.89095
-0.285209
-0.539317
-0.867483
-0.706087
0.0
-2.32112
0.156845
0.597042
0.41577200000000003
-0.45258000000000004
1.24654
-0.326006
-2.44538
0.0
-0.462557
0.0
-0.865366
-0.660734
-0.65137
-1.54669
-0.242409
0.752364
-0.272507
-0.9193889999999999
0.40768499999999996
-1.50355
0.5705680000000001
-1.3049899999999999
-0.30564
-0.182608
0.414555
-0.207419
-0.5112140000000001
-1.06941
-0.974144
0.15191300000000002
-0.396361
0.313396
-1.2526700000000002
-0.07675549999999999
-0.625364
-0.43094399999999994
0.44627799999999995
0.458566
-0.07197569999999999
-0.895233
0.0
0.24259
0.31852800000000003
-0.389332
-1.0139
0.879231
-0.189975
-1.1186
-1.2340799999999998
-0.8426600000000001
-0.444304
-0.300754
0.553375
-0.439159
-0.437428
-0.375979
-0.557519
-0.9810690000000001
-1.03139
1.3174299999999999
-2.0880400000000003
-0.783988
0.43953000000000003
-1.7591
-0.201468
-0.44146599999999997
0.339748
-0.839397
-0.539682
-0.573661
0.255803
0.0
0.0483096
-0.0440904
0.40223400000000004
-0.01961
-0.628586
0.500355
0.280275
0.0841511
1.1234899999999999
-2.24613
0.302248
0.330348
-0.10490999999999999
-0.682017
0.0
-1.28607
-1.2082600000000001
-0.9835219999999999
-0.0990468
-0.05520880000000001
-0.293242
-1.21374
-1.39485
-2.20585
-0.683137
0.494742
0.908265
-0.322418
-0.750154
-0.57496
-2.3776
-2.0712599999999997
0.279996
0.0
-0.380181
0.199098
0.0
-1.2336
-1.26919
-0.315116
-0.23127399999999998
-1.33538
0.7038369999999999
0.249892
-0.582635
-0.80702
0.365388
0.33763699999999996
0.302849
-0.981792
1.7375900000000002
-0.851873
-1.30992
-0.027368200000000002
-1.65137
0.5854590000000001
-0.45086800000000005
0.0
-1.21233
-0.77673
-0.377423
0.269606
-0.0452944
-0.641041
0.309098
0.0
0.0
-0.5897939999999999
0.752955
0.00864643
0.29125700000000004
-0.273127
-1.99437
-0.555859
0.339758
1.27356
0.0
-0.607784
0.7934979999999999
0.684974
-2.12532
0.24975999999999998
0.30494
-0.714677
-0.124493
-1.44716
-0.203611
-0.727118
-1.07239
-0.08615260000000001
-1.45574
0.26255
0.65786
-0.802395
0.41766800000000004
0.8165279999999999
-0.127447
0.21235700000000002
-0.5460699999999999
0.712823
0.44061300000000003
-0.0912182
-0.238669
-0.979274
-0.571906
-0.6206229999999999
-0.18859800000000002
-1.02096
-0.387493
0.714348
0.494892
0.0
-1.56794
-1.48551
-0.538409
-0.819264
0.129391
-0.620518
0.563906
0.013944999999999999
0.294273
0.906093
-0.806847
-0.10764100000000001
-0.0766088
-1.11814
-0.623567
0.401879
-0.503405
0.6416609999999999
-0.46355
-0.8837389999999999
-0.237668
0.0178808
1.0298399999999999
-0.219927
-0.574541
-0.0381188
-0.22648000000000001
-0.761796
-0.469505
1.10388
-0.432576
-0.7792640000000001
-0.875237
0.306655
-1.15495
0.6392260000000001
-1.6253
-1.05047
0.0
-0.181811
-0.59841
-0.138577
-1.58133
-0.35831599999999997
-0.763559
-0.9390629999999999
0.569523
-0.262826
0.295718
-0.054747500000000004
0.357937
0.547091
0.76166
-1.09574
0.005649899999999999
-1.18431
-1.16501
-0.824003
-0.534351
0.12114200000000001
0.24606799999999998
0.0
-1.04105
-0.9700770000000001
0.0
-1.45509
-0.620286
-1.77775
-1.3507799999999999
0.6975140000000001
0.0
-1.99479
0.43435100000000004
-1.8223599999999998
1.16286
-0.371734
-0.285271
-0.8069470000000001
0.281398
-0.603282
-0.236891
0.0
0.0
0.18879500000000002
-1.7916
0.0
-0.265685
-0.422074
-0.0934108
0.33047600000000005
0.367844
0.419451
1.25605
0.306946
-0.515269
