1.06203
0.143555
0.362081
-0.09353710000000001
0.44852299999999995
1.24053
2.12398
1.99767
1.82282
1.61319
1.91998
1.72602
1.72602
0.618388
1.52462
-0.5987279999999999
0.0614477
1.48122
1.13374
1.6429200000000002
-0.07920369999999999
2.3984
1.3189799999999998
1.46649
1.3129600000000001
2.3119400000000003
3.7796199999999995
3.6647
2.44034
2.44034
1.5800100000000001
1.34637
2.1732099999999996
0.324277
0.610273
-0.114496
0.691862
0.8616280000000001
1.1487399999999999
0.898487
0.361229
0.6381319999999999
2.4229
2.32437
2.6177599999999996
0.644277
0.680395
0.0749215
-0.37156100000000003
-0.373689
1.20402
3.03337
0.336048
2.34064
0.0435456
0.373487
1.57641
0.6946829999999999
1.7002700000000002
0.9505530000000001
-0.178599
0.401812
1.1567
-0.597097
0.969935
0.515981
0.826081
-0.309643
1.12984
-0.129646
0.460143
0.294207
-0.21127600000000002
-0.604468
-1.02486
-1.02486
0.37103
-0.5979439999999999
0.747019
-0.411362
1.04456
0.795928
0.865712
-0.8395729999999999
-0.386801
0.157031
0.732508
0.9648040000000001
-0.08935069999999999
0.6728729999999999
0.18246300000000001
1.18492
1.17794
0.620325
1.12522
0.8804549999999999
0.950205
0.19248099999999999
0.299635
-0.028534800000000003
-0.12476400000000001
0.316012
-0.42976000000000003
-1.41573
1.4246299999999998
0.22405799999999998
-0.196373
-1.35919
-1.54754
-0.11168299999999999
0.300224
0.658733
0.89999
-0.383201
0.301026
-0.525656
-0.142967
0.8224790000000001
0.9524590000000001
-0.00359553
1.68802
1.51342
0.7635069999999999
-0.706206
-0.248763
1.0033299999999998
-2.12336
-1.89045
-0.450039
0.405118
-0.599748
-1.0261799999999999
0.30145500000000003
-0.981849
-0.36068
0.254241
1.10859
0.835023
-1.16856
-0.687048
0.357058
1.8045099999999998
3.0556099999999997
-0.14113499999999998
0.158373
1.36609
-0.0193185
0.819155
1.20715
0.52181
0.23612199999999997
0.497014
0.840355
2.11089
0.781325
0.227492
0.815298
0.170551
0.991216
-0.026077299999999998
0.011383299999999999
1.03977
0.283037
0.399828
0.475361
0.00907369
-0.44379300000000005
0.554296
2.3874400000000002
0.549755
0.60273
0.351455
0.351455
0.547233
0.547233
-0.516967
-0.35172800000000004
0.353331
-1.98184
-0.309947
-0.23221
0.492325
0.43241199999999996
1.4431399999999999
0.243052
-0.325786
-0.37868
-0.0941104
1.42307
0.049179
0.243335
0.608004
-0.00111191
0.572925
0.329165
0.5469689999999999
-0.6038939999999999
0.703296
0.454313
2.18567
-0.418004
0.469262
-0.374854
1.23666
1.72183
0.594646
1.24712
1.63049
-1.18945
2.83174
0.08521039999999999
-1.48832
-0.926674
1.16303
0.303507
-1.02701
0.494482
-0.201051
-0.278906
0.12090999999999999
0.551601
0.52884
0.236643
0.191709
0.561895
0.841392
0.956197
-0.753119
-0.740293
-4.11505
-0.192226
0.9683510000000001
0.9112709999999999
1.3839700000000001
0.42731199999999997
0.286376
0.295668
0.024846599999999996
0.292583
0.42935100000000004
-0.957174
-0.589272
-0.289027
0.0279228
1.26089
0.33884699999999995
1.62256
0.23012
-0.0744463
0.218798
-0.587274
-0.6194970000000001
0.7489899999999999
-2.63963
-2.1438900000000003
-1.32076
-0.19504100000000002
1.0771
0.0849302
0.11893699999999999
0.38461100000000004
0.130216
0.0703555
-0.0888937
0.0697493
-0.0351876
-0.15273
0.42495299999999997
-0.337627
1.51569
0.781331
1.12284
1.0142799999999998
1.4473
-0.43333
0.428146
0.08553089999999999
-0.0495832
0.979626
0.979626
0.0301782
1.61626
0.9760340000000001
0.5287310000000001
0.903709
2.20106
1.94613
-0.04188719999999999
1.07966
1.07966
1.03341
0.6476
0.23102899999999998
-0.06942419999999999
-0.245488
-1.1954200000000001
-0.96011
-0.46715
0.9219450000000001
0.811327
0.589878
0.8322649999999999
0.604445
2.41993
0.786341
1.5391
0.37136399999999997
1.3109899999999999
0.085234
0.521892
0.807122
0.333973
1.25732
-0.213246
-0.47316
1.02088
1.17551
0.0956056
-0.44935299999999995
1.12296
0.571859
2.46276
3.06855
1.00705
0.325836
1.82707
1.30081
0.11544600000000001
0.027349900000000003
0.5890770000000001
0.927042
0.153856
1.13175
2.19225
0.875668
2.14133
2.40192
1.9959
2.96149
0.178366
2.6598
2.4765599999999997
0.620825
0.0136773
0.18642999999999998
0.9991
0.425259
0.711901
-0.026083299999999997
-0.0154155
-0.290532
1.0376
0.5870479999999999
0.30741999999999997
0.851138
0.51683
-0.197603
0.408319
-0.271097
0.205337
-0.607603
-0.165194
0.8213950000000001
1.26763
-0.340952
-1.899
-0.0100458
-0.0285656
0.566743
-0.521828
-1.20268
0.167652
-0.790478
0.0698012
0.0281135
0.771926
0.292671
0.976498
0.152968
-0.0275457
1.69544
0.45968100000000006
1.37218
1.53165
1.53165
1.70163
0.8561770000000001
0.688702
-0.400947
0.462089
-0.30556700000000003
-0.093627
1.1466100000000001
2.6341200000000002
0.151196
1.43983
1.486
1.17374
0.8338479999999999
0.609816
1.49528
0.47902
0.6911149999999999
2.1882599999999996
-0.08839889999999999
0.995341
0.24068699999999998
0.37219
0.8686530000000001
1.4503700000000002
0.300008
1.5609
0.604313
2.0209
1.30776
0.471336
2.96485
2.32345
-0.153781
-0.0319225
1.01548
1.21278
-0.473541
-0.0417963
0.48607799999999995
0.07039680000000001
0.692616
0.9892219999999999
0.9025209999999999
0.9025209999999999
0.6035659999999999
1.04175
-0.2981
0.858748
0.24701599999999999
-0.7952199999999999
0.931896
0.621466
-0.297448
-0.761049
0.764038
-0.125434
-0.386965
0.36943400000000004
0.344246
0.6631859999999999
0.7159479999999999
1.00882
-1.26126
0.46301400000000004
1.0431
0.674342
0.666297
-0.153671
0.790904
-0.11905
0.780647
0.487043
-0.38799999999999996
1.01027
-1.48664
-0.28625
-1.026
0.0900676
