1.61665
1.57813
1.14798
0.781195
-0.450563
-0.20058399999999998
0.47303599999999996
-0.053131500000000005
0.0701165
0.40060500000000004
1.7139
0.218073
-0.5602550000000001
0.39992300000000003
-0.53984
-0.226448
-0.44136899999999996
-0.151918
0.687276
-0.362262
0.426099
1.10323
-0.14341900000000002
-0.710573
1.63239
-0.638586
2.6991400000000003
1.7871099999999998
0.275577
0.601073
0.515921
0.118226
1.4628299999999999
-0.13918
0.36033000000000004
-0.6708569999999999
0.221694
0.10250799999999999
-0.24599200000000002
0.0911487
-0.0473417
0.585441
-0.480241
0.0296632
0.21390399999999998
1.84693
0.694637
0.22345500000000001
0.756273
-0.074714
0.21837399999999998
0.151132
0.659902
-0.598535
0.898439
-0.131576
0.23361500000000002
1.2776100000000001
-0.29498
1.4475200000000001
0.687211
0.143368
-0.181396
1.49126
1.22746
1.20141
0.253972
0.41857700000000003
-0.8725149999999999
-0.3068
0.265271
-0.32239
-0.270574
1.75727
-0.274611
0.341575
-0.109268
-0.0310647
-0.72541
0.588676
0.212533
0.606827
0.599508
-0.8152229999999999
0.718533
0.749935
0.644457
0.43185100000000004
0.20638800000000002
0.945786
0.874239
0.343694
2.16562
2.45059
-0.679926
-0.126539
-0.36175100000000004
-0.46436099999999997
0.0691199
0.764418
0.787111
-0.0335895
-0.892331
0.189656
1.23831
0.41698599999999997
-0.37099299999999996
1.3524399999999999
0.11481199999999998
-0.385841
0.09798380000000001
-0.390712
2.29196
0.709671
0.15848299999999998
1.44964
1.64755
-0.382776
-0.035901999999999996
3.09885
0.301199
0.14394
-0.475066
1.50935
0.813775
0.602195
-0.503254
0.6099720000000001
-0.500292
0.11433399999999999
0.23324499999999998
-0.180812
1.9297799999999998
0.190884
0.834333
-0.012445200000000002
-0.124548
0.991334
0.6397619999999999
0.675765
0.119377
0.118118
0.040481699999999995
2.40027
0.651547
2.84235
-1.12496
-0.0479246
0.18937400000000001
-1.01299
0.06740299999999999
0.621348
-1.08149
3.15802
0.927667
0.09778930000000001
1.37799
0.140834
-0.663568
-0.278256
-1.55754
-0.0114751
0.865052
3.22915
-1.54566
0.7625649999999999
0.521516
1.93986
0.404624
-0.493779
-0.024079
0.43358100000000005
-0.5616949999999999
0.233742
0.9224690000000001
1.32407
-0.348078
0.32308600000000004
-0.769732
-0.104573
-0.24693299999999999
-0.222097
-0.570032
0.25136
0.334368
2.05871
0.379571
1.0326899999999999
3.2364900000000003
2.1377
0.19688599999999998
0.29797399999999996
0.08586260000000001
-0.8962700000000001
-0.0844471
0.622296
0.622069
-0.576905
-2.13868
0.197966
-0.843189
-0.40379699999999996
0.601907
0.16237200000000002
2.40436
0.0254818
-0.685773
-0.285118
2.85209
0.674508
0.249013
0.250459
-0.505996
-0.334337
0.177744
-0.0437028
-0.274926
-0.524632
-0.133047
2.90657
-0.8358909999999999
-0.322826
-0.355644
0.451341
-0.011172
0.21788200000000002
0.504017
1.34094
-0.542115
0.649582
-0.26052
-0.22402600000000003
-1.15256
0.709292
0.474311
0.188532
0.5598810000000001
0.0726618
-0.665273
0.177064
1.44175
1.46555
0.155284
0.0815282
0.0576585
-0.44793999999999995
1.0151
1.96626
0.0468043
0.146008
0.24495799999999998
-0.037766900000000006
1.26094
2.28989
0.41208100000000003
-0.298346
1.26105
-0.788034
-0.732234
-0.522928
0.20689200000000002
-0.317635
0.36699899999999996
-0.7680100000000001
0.23827600000000002
-0.712476
0.800842
0.372107
-0.517483
0.45819899999999997
1.46799
-1.35548
0.149126
-0.323135
-0.21280900000000003
0.9937889999999999
0.483134
-1.14068
-0.25613800000000003
0.944616
-0.237275
-0.0376086
-0.9857469999999999
0.949313
-0.018093
0.346096
-0.389542
0.559212
0.651008
-0.448183
-1.09079
-0.727669
0.407643
0.749836
-0.27128800000000003
0.07641970000000001
-0.555243
-0.0405209
0.0951553
-0.227775
0.319238
0.0
0.0
0.0
-1.7020099999999998
0.0744995
-2.2680000000000002
-0.105717
0.6663140000000001
0.021549000000000002
0.0949413
-0.637165
0.0
1.15347
-0.556715
-0.8095600000000001
-0.26800999999999997
0.17660599999999999
-1.41648
0.0
0.5689390000000001
0.125754
0.82737
0.479774
-0.891508
-0.491253
0.510406
-1.02959
0.025877800000000003
-0.643066
-0.201293
0.6959029999999999
-0.532401
0.07422949999999999
0.0
0.32121900000000003
-1.7507099999999998
-1.2438
0.18957000000000002
-0.503784
0.41870100000000005
-0.293763
0.231611
-0.533333
-0.999258
0.00659817
0.393971
-0.637347
0.486688
-0.774694
0.371272
0.357059
-1.2636
0.35323000000000004
0.421863
-0.0149141
0.0
0.5492100000000001
0.09311839999999999
1.57851
-0.49652399999999997
-0.17408800000000002
-0.429961
0.0928235
-0.645007
-0.438057
-0.343983
-0.517608
1.0396299999999998
-0.9328649999999999
-0.10306300000000002
0.12328199999999999
0.176456
-1.05261
-1.37611
-1.4069999999999998
-0.652512
-0.34285
-0.40570100000000003
-0.0303464
-1.17162
0.014657299999999998
-0.385909
-0.12478900000000001
0.4558
-0.5249560000000001
-0.415584
-0.271525
0.676236
-1.19171
-0.49089099999999997
0.690646
1.83612
-0.280144
0.314366
-0.17390899999999998
-0.998814
0.74771
0.0
-1.33489
0.398384
-0.586489
0.105951
0.8591709999999999
-0.108556
0.0
0.6592140000000001
-1.17026
-0.543085
-0.06576060000000002
0.547672
0.431963
-0.09730839999999999
-0.549207
-0.59944
-0.550359
-0.478274
0.246246
0.0
-0.463613
-1.39933
1.2216799999999999
0.0
-0.303082
0.45889300000000005
-0.919225
0.0531806
-1.23088
-0.818721
0.189919
0.776179
1.0011700000000001
-0.667331
1.17009
-0.16436099999999998
0.26760900000000004
0.0242238
0.6614180000000001
-0.27625900000000003
0.0
-0.10813800000000001
0.0359408
0.15822
0.537826
0.139914
0.0231957
0.393629
-0.833458
-0.166653
-0.9104709999999999
-0.118228
-0.0570125
0.576403
0.0239479
-0.295667
-0.05275030000000001
0.867484
2.72079
-0.8913909999999999
0.0
0.124046
-0.745054
-0.133194
-0.450995
-0.688921
-1.29201
-0.415628
0.486688
-0.543432
-0.693817
0.19467
-0.030711900000000004
-1.07261
0.633208
-0.042554699999999994
0.23604699999999998
0.0133787
-0.762265
0.347457
-0.0272333
0.8207040000000001
-0.20058399999999998
-0.299342
-0.0110178
-0.936458
-0.447298
0.043535000000000004
-0.763704
0.48724399999999995
0.09978630000000001
0.55719
0.167817
-0.708295
-0.115252
0.07464119999999999
-0.232141
0.10843
-0.23750300000000002
-0.290182
-0.259952
0.283325
-0.395517
0.0
-1.1857600000000001
-0.669187
1.9386400000000001
-0.212948
-0.300318
-0.512095
-0.598324
-0.121504
0.539296
0.16195
0.8588129999999999
-0.183754
-0.0377793
-0.462556
-0.370101
-0.684045
1.06984
0.137755
0.5985090000000001
0.44219200000000003
-0.005753899999999999
0.916845
-0.105124
-0.0775447
-0.595914
0.289417
-0.17716400000000002
0.829001
0.0
0.49104200000000003
1.27405
0.586547
0.40565
0.687062
0.298431
0.0
0.712481
-0.48730100000000004
-0.23973699999999998
-0.11713900000000001
0.803976
0.267365
-1.2634299999999998
0.31148400000000004
0.177806
-0.259394
-0.304165
0.47058599999999995
-0.47938800000000004
0.0309452
-0.44150900000000004
-0.133016
-0.869814
-0.399485
-0.477821
-0.06984589999999999
0.0
-0.186538
-0.26295599999999997
-1.8084200000000001
-0.7124119999999999
-1.03291
-0.892177
0.0
0.45356199999999997
-0.109732
-0.204097
0.0
0.14510599999999998
0.12029400000000001
1.40174
0.0
-0.24370799999999998
0.285435
0.259088
-0.739996
-0.6242800000000001
-0.12878499999999998
-1.42834
-0.137449
-0.0791182
0.340823
-0.214126
-0.7093689999999999
0.45316599999999996
-0.316378
-0.6218600000000001
-0.41881499999999994
-0.263391
-0.43067700000000003
-0.736604
-0.8306040000000001
0.11724200000000001
-0.48474399999999995
2.3469599999999997
-0.00255237
0.269021
0.176656
-0.649219
-0.330887
-0.7079270000000001
0.9747120000000001
0.227041
0.252308
0.726409
-0.5346479999999999
0.48196700000000003
-0.00146353
2.07045
1.62515
0.133946
1.88295
0.110954
-0.5331779999999999
-0.8568969999999999
-0.220018
-0.218608
0.470131
-0.245281
-0.677338
-0.8142699999999999
-0.561724
0.0
0.0
-0.117531
0.636483
-0.705177
-0.24213099999999999
0.0
-0.067246
-1.51358
0.254242
0.5833079999999999
-0.642446
0.822692
0.158622
-0.510867
-0.13380999999999998
-0.672922
0.112401
-0.354232
0.482505
2.03065
0.539177
-0.465099
0.0
-0.46657299999999996
0.221746
0.175173
-0.81425
-0.764573
0.39078
0.21838600000000002
0.205771
0.308764
-0.301208
0.149607
0.247178
0.6087560000000001
0.475185
-1.36323
0.43463599999999997
-0.48426499999999995
0.0
1.6395099999999998
0.0990308
-1.04853
-0.639839
-0.19722
-0.38548899999999997
-0.606524
0.25645
-0.984276
0.0
-0.994717
0.398907
-0.752236
-0.09041189999999999
-0.48599
-0.351525
0.508325
-1.45628
0.0
-0.034173699999999994
0.0
0.72077
0.3371
-0.36063
-0.15867799999999999
-0.6465810000000001
1.10723
-0.23715799999999998
-1.17889
0.258963
0.74116
0.402836
-1.2559
0.36132
0.67688
0.166728
-0.0747674
-1.12353
-0.123207
-0.46870200000000006
1.2092399999999999
0.201104
0.667652
-0.945593
-0.366345
-0.774122
0.467577
-0.123276
-0.16358599999999998
-0.727517
0.313185
0.0
0.311666
0.150043
-0.519777
-1.08148
0.513115
-0.404884
0.9004049999999999
0.0873903
-0.7572720000000001
0.222975
0.590883
0.10980799999999999
-0.20144
-0.206841
0.29951300000000003
-1.14419
-1.19508
-0.629999
2.1334400000000002
-0.417937
-0.22154200000000002
1.30197
-0.285225
0.035975
-0.0671929
-0.403934
0.327438
-0.271552
-0.426842
0.26861799999999997
0.0
1.0948200000000001
-0.31855500000000003
0.00764701
-0.198275
0.08491649999999999
0.47123699999999996
0.813393
0.439069
-0.562621
0.12895299999999998
0.11579500000000001
-0.788651
-0.095416
-0.24316999999999997
0.0
-0.42694399999999993
-0.597076
-0.525704
0.30595100000000003
-0.06192380000000001
-0.207725
-0.507505
-0.507642
-0.385852
0.421754
0.0629551
0.8617610000000001
-0.444136
0.088693
-0.8899950000000001
-1.7145400000000002
0.961155
0.00293153
0.0
0.396673
-0.11420899999999999
0.0
-2.66708
-0.6447579999999999
-0.262492
0.529625
-1.76968
-0.26018800000000003
0.0921107
-0.272402
-0.9299649999999999
-0.43634399999999995
-0.28465100000000004
-0.5089319999999999
0.275903
1.71174
-0.38374899999999995
-1.15526
-0.32095100000000004
-0.460142
0.15166300000000002
-0.250119
0.0
-0.271884
0.619901
0.05702
-0.288554
-0.47757200000000005
0.9995209999999999
0.726283
0.0
0.0
0.293299
0.228679
-0.572725
0.15390299999999998
-0.33305100000000004
-0.44500500000000004
0.00988469
0.12068399999999999
0.532139
0.0
-0.170651
0.824907
0.00296214
-1.7052599999999998
0.0
0.243273
-0.715879
0.017419900000000002
-0.616192
-0.033071300000000005
-0.13516
-0.44586400000000004
-0.190344
-1.36138
-0.15424000000000002
-0.11122699999999999
-0.397314
0.215545
-0.107576
0.558679
-0.292523
-0.562816
1.52577
-0.297628
-0.611348
0.42690200000000006
-1.03047
-0.515544
-0.600543
-1.0533
0.0391312
-0.341337
-0.283436
1.0462799999999999
-0.7849
-1.09999
-0.00710921
0.73821
0.8229639999999999
-1.09101
-0.476444
0.5091289999999999
0.5442130000000001
1.01102
-0.104288
0.140542
-0.159124
0.43331899999999995
0.266949
0.364363
-0.763021
-0.29537399999999997
0.87175
-0.44621000000000005
-0.231079
0.364105
0.522312
0.123984
0.0788159
2.7294
-0.847151
0.162056
0.27829699999999996
-0.0798952
-0.584291
0.0131504
-0.310008
-0.276425
-0.36197199999999996
-0.279107
0.683663
-0.120527
-0.5354720000000001
0.0
0.303745
0.6168319999999999
0.760274
0.0380762
-0.909286
0.0111116
0.483271
0.32071700000000003
-0.565477
1.02155
0.300037
-0.0258942
-0.9230459999999999
1.6103299999999998
-0.345229
0.955774
0.46480600000000005
-0.952781
-0.208654
-0.404455
1.12463
2.4366
0.0
1.8680700000000001
0.0491269
0.0
-0.46609399999999995
1.51883
-0.982698
-0.796512
-0.029274500000000002
0.0
0.0739449
0.507195
-1.8808900000000002
2.1722200000000003
0.276835
0.484075
0.6154810000000001
0.487811
0.133208
-0.188211
0.0
0.0
-1.4111
0.659845
0.0
-0.325162
-1.41763
-1.0401799999999999
3.0792900000000003
-0.23985399999999998
-0.176127
0.120598
0.539605
-0.787435
