0.7221569999999999
0.534091
0.8487520000000001
0.793585
0.688837
0.507304
0.272381
0.49796999999999997
0.505305
0.357815
0.671039
0.573624
0.573624
0.802341
0.545136
0.958318
0.502328
0.794605
0.693765
0.7149989999999999
0.492413
0.632017
0.325194
0.5319149999999999
0.914141
0.554257
0.626502
0.37909499999999996
0.28461
0.28461
0.553121
0.062304
0.74137
0.607946
0.7089340000000001
0.509555
0.216333
0.647011
0.663988
0.454978
0.837882
0.753825
0.39373
0.45872799999999997
0.177094
0.488696
0.913695
0.521235
0.397753
0.380496
0.725147
0.578588
0.9194110000000001
0.41747399999999996
0.62084
0.750286
0.5823189999999999
0.311508
0.162865
0.643365
0.672905
0.282583
0.301791
0.442984
0.45809099999999997
0.436123
0.6845180000000001
0.729394
0.8383200000000001
0.699181
0.594681
0.6745260000000001
0.572729
0.716631
0.659633
0.659633
0.552099
0.657831
0.564483
0.635487
0.618915
0.6272800000000001
0.614788
0.836735
0.618783
0.339818
0.706896
0.758065
0.6124149999999999
0.7290000000000001
0.7042689999999999
0.634306
0.8836299999999999
0.843958
0.8467600000000001
0.7084199999999999
0.6912689999999999
0.606993
0.703835
0.73011
0.747315
0.8329030000000001
0.375
0.80315
0.9119780000000001
0.605817
0.542874
0.587525
0.430233
0.6834859999999999
0.7959609999999999
0.853118
0.513166
0.602511
0.807782
0.6628149999999999
0.8295309999999999
0.650258
0.6748770000000001
0.338901
0.142878
0.44194399999999995
0.432892
0.7860699999999999
0.699276
0.867733
0.6265109999999999
0.698695
0.263158
0.48733999999999994
0.5332359999999999
0.71695
0.6888890000000001
0.457833
0.651316
0.251626
0.331853
0.710555
0.814291
0.922875
0.754121
0.537013
0.361431
0.76941
0.8230860000000001
0.837009
0.446251
0.741391
0.5825520000000001
0.49569399999999997
0.8407180000000001
0.13886800000000002
0.510249
0.23248899999999997
0.252872
0.7853829999999999
0.5640850000000001
0.46339600000000003
0.699371
0.59377
0.78381
0.683489
0.814774
0.582904
0.816906
0.447259
0.736773
0.703501
0.8602479999999999
0.799443
0.0921327
0.175697
0.175697
0.57006
0.57006
0.59196
0.766304
0.6351829999999999
0.7598560000000001
0.603175
0.736236
0.83983
0.7062609999999999
0.898726
0.362825
0.622449
0.523903
0.395137
0.762678
0.642737
0.755881
0.683952
0.724771
0.814311
0.7088270000000001
0.7050569999999999
0.6867880000000001
0.501919
0.75447
0.446208
0.670675
0.755934
0.767193
0.667204
0.640229
0.7987310000000001
0.8525889999999999
0.755726
0.619395
0.8569969999999999
0.5323
0.767926
0.482613
0.07293789999999999
0.621325
0.7721819999999999
0.476579
0.860942
0.386198
0.58354
0.6375529999999999
0.45893199999999995
0.7248220000000001
0.559581
0.644175
0.741449
0.7619520000000001
0.687265
0.764112
0.944034
0.7964859999999999
0.703671
0.45448599999999995
0.638297
0.8374379999999999
0.5576260000000001
0.702108
0.788126
0.25974
0.699037
0.759124
0.391602
0.9424290000000001
0.928407
0.9020870000000001
0.930473
0.690789
0.644231
0.7107100000000001
0.600509
0.563004
0.7035899999999999
0.710604
0.56811
0.494737
0.79035
0.8403719999999999
0.759632
0.650226
0.640217
0.792636
0.7842439999999999
0.956109
0.629724
0.80175
0.9098940000000001
0.456531
0.704725
0.655227
0.7835949999999999
0.66163
0.179197
0.356107
0.571018
0.304688
0.625735
0.924732
0.77695
0.614893
0.614893
0.8191470000000001
0.0378463
0.125917
0.66281
0.605301
0.374715
0.723407
0.655594
0.345918
0.345918
0.734179
0.827518
0.5525800000000001
0.506849
0.642529
0.660287
0.8658540000000001
0.806763
0.716758
0.796619
0.8747590000000001
0.287903
0.8407020000000001
0.492575
0.24380300000000002
0.192081
0.662281
0.654378
0.605928
0.38721
0.649054
0.725406
0.251334
0.0878085
0.7697390000000001
0.502412
0.9009379999999999
0.635242
0.730165
0.54065
0.68288
0.313037
0.22875900000000002
0.5189779999999999
0.663814
0.721861
0.716799
0.455529
0.862641
0.673361
0.44050600000000006
0.80519
0.400047
0.38493499999999997
0.826176
0.5516409999999999
0.315427
0.596206
0.0191838
0.49001000000000006
0.31299699999999997
0.0697054
0.318393
0.657403
0.757509
0.7581829999999999
0.635175
0.685952
0.726445
0.610405
0.771008
0.516501
0.8333860000000001
0.7571829999999999
0.772209
0.7306779999999999
0.852503
0.887877
0.713079
0.7002430000000001
0.268773
0.715462
0.738202
0.6800689999999999
0.753578
0.833741
0.879432
0.633999
0.80394
0.55318
0.6729609999999999
0.621622
0.752217
0.690262
0.78661
0.627729
0.877336
0.771666
0.609128
0.6946100000000001
0.664063
0.765534
0.253949
0.163751
0.163751
0.73915
0.769648
0.793227
0.611432
0.49134300000000003
0.788049
0.678778
0.593495
0.576073
0.552666
0.16936700000000002
0.43060699999999996
0.777609
0.62829
0.381884
0.524385
0.707062
0.6098520000000001
0.8814350000000001
0.707201
0.735607
0.7612720000000001
0.739971
0.7685770000000001
0.296526
0.800829
0.702974
0.643282
0.737695
0.6888449999999999
0.658787
0.679411
0.731827
0.8627790000000001
0.303721
0.396225
0.8731209999999999
0.6481819999999999
0.540917
0.699383
0.8526530000000001
0.698259
0.625323
0.638158
0.638158
0.733479
0.666914
0.761357
0.847491
0.717051
0.743562
0.44815200000000005
0.886415
0.6036590000000001
0.47164799999999996
0.774069
0.5346569999999999
0.610057
0.585222
0.691218
0.8304010000000001
0.5608529999999999
0.638517
0.73118
0.911892
0.922891
0.8532139999999999
0.524275
0.721086
0.368813
0.854406
0.6497149999999999
0.165437
0.476434
0.6324069999999999
0.8488870000000001
0.39391
0.594499
0.611405
