0.668715
0.06747689999999999
-0.617512
-0.156611
2.22451
0.739716
-0.09085139999999998
-0.462013
-0.890711
-0.28417800000000004
2.22967
-0.61836
-0.380795
-0.523421
-0.459517
2.9191
0.782409
-1.148
0.11819
0.155472
-0.836358
-0.662762
-1.66093
0.301209
-0.23581999999999997
4.06767
1.8787900000000002
0.324844
0.19034600000000002
-0.10524100000000002
0.00134515
-0.47521199999999997
0.890667
0.9586879999999999
0.516232
4.16359
-0.18174400000000002
-0.08632739999999998
1.00842
-1.4640799999999998
-0.781085
1.31314
-0.6918569999999999
-0.143504
-0.038756900000000004
0.251486
0.561976
-0.0522096
2.40884
-0.120304
2.35259
0.121127
0.207244
-1.10261
-0.84564
-0.398305
2.142
-0.019272499999999998
2.31648
0.012484100000000001
-0.212517
-0.754088
-0.764273
3.3889699999999996
-0.615844
1.11466
0.363066
0.00288435
-0.908108
-0.09190010000000001
-0.7274619999999999
-0.188159
3.44739
1.18595
4.93549
0.7158
3.9844199999999996
4.43588
0.0353599
4.28444
4.0210099999999995
-0.295575
3.2873900000000003
-0.31315
0.00718354
-0.181779
-0.47072600000000003
1.27421
0.093459
-0.49661099999999997
0.65456
-0.25601799999999997
1.1273600000000001
3.7753699999999997
4.3422
0.202471
-0.702116
-0.24089499999999997
-1.0566200000000001
2.4786900000000003
0.311566
1.9376400000000003
2.2212400000000003
-0.14269400000000002
1.8938
-0.12013
-0.520336
3.15285
-1.43734
0.22231900000000002
2.77544
-0.32863600000000004
0.9287120000000001
1.74473
-0.19358599999999998
1.30195
0.8724379999999999
-0.139388
-0.504039
1.0859999999999999
2.1104
-0.0227919
0.5343359999999999
-0.380538
-0.0958182
0.835184
-0.572719
6.01029
2.78894
2.11881
4.966
-0.657328
2.4461
-0.8356680000000001
-1.1297
0.342302
0.381967
0.709011
3.35525
-0.27524
-0.702141
0.36793400000000004
-0.168614
3.05035
2.0615200000000002
4.75024
-0.665463
-0.0854126
3.67654
4.30505
-1.92744
0.205965
-1.9496200000000001
0.055984900000000004
-0.429817
3.34795
0.5475720000000001
4.21966
-0.839992
4.9999400000000005
-0.761464
3.00597
5.49143
3.7871599999999996
-1.94593
-0.572773
4.7108099999999995
2.87063
2.22945
3.62092
-0.737383
0.0842107
-1.50111
2.05463
3.5351
3.4602699999999995
-1.01424
5.78644
-0.445562
-0.463229
3.69288
-0.0220604
3.0555
3.22579
-2.00631
2.3881099999999997
-0.15983599999999998
-0.569811
1.23787
1.54168
-1.9900799999999998
3.6307300000000002
-0.666196
-0.703457
4.56752
0.9668610000000001
-0.836519
-1.1606100000000001
-0.8364379999999999
3.55787
-0.656031
2.90843
1.57938
2.54313
3.97799
3.91266
4.88502
2.72622
2.61544
0.178058
3.98918
2.18076
-0.561139
-1.86191
2.98952
-0.9412510000000001
3.58414
-1.85293
0.25503200000000004
2.66561
-0.45161
4.16373
-0.582906
3.29483
0.977683
5.07891
-0.691975
2.0324299999999997
0.273418
0.617694
-0.370735
3.80007
-1.90248
0.0615376
-0.220737
5.14561
-0.711329
-0.681639
-0.761788
0.14485699999999999
-1.18697
3.25559
3.18925
4.16605
-2.3385700000000003
-0.304765
3.2015
2.27419
-0.65056
-0.7948649999999999
-0.128983
4.3873
2.74722
1.59465
-0.30601100000000003
3.7111
3.90573
-1.11399
-1.64905
2.6078200000000002
4.16102
5.067769999999999
4.82587
4.75611
3.2739
-0.9735860000000001
-0.826787
0.0240786
1.05746
0.567041
2.795
-0.865916
0.328307
2.73651
4.45825
4.09585
-0.984275
-2.04908
4.5734
-0.142028
-0.779161
0.23162399999999997
-1.38835
-0.578091
-0.594651
-0.887726
-0.824867
0.9924629999999999
-1.2198200000000001
-1.0902
-0.8114520000000001
-0.743607
-0.23872100000000002
-0.42989799999999995
-0.179903
-2.42341
-1.38429
-1.00355
-1.60079
0.453337
-0.15179700000000002
0.0
0.0
0.0
-1.41929
-1.99387
-1.8124
-1.1268
-0.74211
-2.10089
-0.885329
-1.6873
0.0
-1.04866
-0.112134
-1.09174
-0.7025680000000001
-0.799153
-1.25304
0.0
-0.918216
-1.05393
0.156914
-1.5328700000000002
-1.1528100000000001
-1.52521
-0.536512
-0.9783430000000001
-0.0102331
-0.831189
0.0379577
-0.09160039999999998
-0.982643
-1.42666
0.0
0.41263599999999995
0.364977
-0.700825
-0.940392
-1.51583
-0.6110949999999999
0.057551599999999994
-0.118873
-1.20071
-0.435568
-0.685315
-0.312648
-1.04711
-0.8659450000000001
0.246664
0.30173099999999997
-0.804938
-1.51599
-1.7148599999999998
-0.762864
-0.35628699999999996
0.0
-0.383698
-0.7708430000000001
-2.84654
-2.96181
-1.5867799999999999
-0.6957810000000001
-0.768767
-0.777626
-1.32407
-1.39294
-1.23276
0.9685219999999999
-2.04861
-1.2945799999999998
-0.8612049999999999
-0.00864996
-1.14337
-1.4333200000000001
0.137901
-1.03082
-0.6632819999999999
-0.476358
-1.1713799999999999
-1.26788
-1.25681
-0.888734
-1.33039
-0.672981
-2.14767
-0.404079
-0.8852399999999999
0.225662
-3.05061
-1.21479
-0.825836
0.613835
-1.86884
0.603086
0.690658
-0.09613680000000001
0.616637
0.0
-1.0117200000000002
0.362114
-1.07407
-1.10687
-0.186667
-1.3324200000000002
0.0
-1.00091
-1.08877
-0.521205
0.544317
-0.322658
0.0365354
-0.401445
-1.7018799999999998
-1.41101
-1.21331
-0.765354
-1.4535
0.0
0.373419
-2.17687
-1.07962
0.0
-2.10501
0.568868
-1.58602
-0.928584
-1.9529
0.290996
-0.580845
-0.420996
0.370372
-2.73421
0.541937
-1.20008
0.037220800000000005
-0.19478900000000002
-0.8914559999999999
-0.787554
0.0
-1.25777
-1.78987
-2.3616099999999998
-0.44652200000000003
0.295941
-0.266225
-1.55263
-3.73135
-0.672026
0.100272
-0.529669
-0.0187924
0.329031
-0.8942370000000001
-0.43804
-0.739074
-0.956816
1.28365
-2.2519099999999996
0.0
-0.7589090000000001
-1.16154
-1.59487
-0.256171
-0.85082
-1.6454099999999998
-0.819842
0.41434099999999996
-1.4267100000000001
-1.08551
-1.78902
-1.47007
-1.7786400000000002
-0.817337
-0.8561700000000001
-0.755256
-0.18591300000000002
-1.0582200000000002
-0.712363
-0.9693639999999999
-0.14008099999999998
-1.9652599999999998
-1.7296799999999999
-0.809393
-1.47161
0.353603
-0.145513
-1.11384
-0.857239
-0.8116899999999999
-0.713594
0.0367964
-0.445719
0.340857
0.75673
-0.245747
-1.35134
-0.653192
0.342092
0.150731
-0.376922
-1.34556
0.0
-2.9053299999999997
-0.7757930000000001
-2.3184400000000003
-0.344053
-0.709531
-1.13729
-0.6159319999999999
-1.77668
-0.8763110000000001
-0.291603
0.27939
-0.324201
-1.1742
-0.244135
-0.00475105
-0.9667459999999999
0.146707
-0.591454
-0.29791799999999996
-0.43615299999999996
-0.4532
0.560004
-0.853197
-1.03188
-1.48953
-0.6577350000000001
-0.482354
-2.2467
0.0
-0.5620109999999999
-0.333095
0.11190599999999999
-0.30336799999999997
-0.559883
-1.13075
0.0
-0.201951
-0.8481549999999999
-0.389658
-0.515841
-0.18638
-0.171426
-1.6722
-0.8575879999999999
-0.964816
-0.8165720000000001
-1.5668600000000001
-3.0598
-2.793
-0.685389
-1.45876
-0.151034
-0.07202889999999999
-0.814738
-0.49821099999999996
-2.29723
0.0
-1.61426
-1.39426
-1.8125
-1.83212
-1.9822
-1.57467
0.0
1.54314
-0.714112
-1.10368
0.0
-1.46181
-0.77789
0.536328
0.0
-1.3447799999999999
-0.283575
-1.14323
-0.8507
-0.45540200000000003
-0.5055609999999999
-0.759041
-1.17724
-2.20133
-1.48227
-0.662216
-0.603309
-0.614771
-0.7067829999999999
-0.9748399999999999
-0.927573
-0.242777
-0.29949000000000003
-1.7975
-1.32229
-0.148314
-0.480245
-0.07938719999999999
-0.00873876
-1.20664
-0.379496
-0.0511986
0.2679
-0.691852
0.0954681
-0.389811
0.14616600000000002
-0.744939
-2.70761
-2.16357
-0.282034
-1.36333
-1.11386
-0.49356700000000003
-1.7711700000000001
-1.9523599999999999
-1.1300299999999999
-1.53749
-0.709683
-0.284175
-0.635119
-0.483349
-1.3349799999999998
-1.7942099999999999
-0.86049
0.0
-1.30687
-0.493258
0.16995
-0.20503000000000002
-0.424523
0.0
0.0
-0.189372
-0.288695
-0.245982
-0.992815
1.18001
-1.1789
0.11968599999999999
-0.702042
-0.190727
-1.62615
-2.28861
-0.7313890000000001
-0.141731
0.689995
-0.00168714
0.0
-0.693177
-0.258791
-0.5465770000000001
-1.00967
-1.1431200000000001
-0.222419
-1.08782
-1.19977
-1.11752
-1.2817100000000001
-0.521494
0.35385900000000003
-0.0721585
-0.31507199999999996
-1.34355
-0.013382
-1.24146
0.0
0.365987
-0.8464790000000001
-1.73072
-0.709132
-1.29631
-0.9750629999999999
-0.739433
-0.501084
-0.314979
0.0
-1.45977
-0.0961159
-0.314676
0.252173
-0.818524
-1.58381
-0.746406
-1.9832599999999998
0.0
-1.50108
0.0
-0.5383680000000001
-1.46975
-1.7049299999999998
-1.11459
-0.282475
-0.6147239999999999
-0.30275799999999997
-0.473012
0.125041
-0.37817399999999995
0.543003
-0.31193200000000004
-0.98216
-0.23500700000000002
-0.49560699999999996
-1.44567
-0.286929
-0.555038
-0.94532
-0.00858251
-1.14706
0.0657768
-2.82357
-1.47455
-0.367711
0.949253
-1.034
-0.26306799999999997
-0.176023
-0.26919499999999996
0.0
-1.03587
-0.0236022
-0.911739
-2.20016
0.720313
-0.86239
-0.7974439999999999
-0.335661
-0.445945
-3.69765
-0.362646
-0.123384
-0.841491
-0.44538999999999995
-0.70775
0.164432
-1.07287
-1.7187299999999999
-0.390154
-0.405775
-1.79345
-1.23455
-0.576314
0.148222
-1.2798100000000001
-1.88163
-1.0878
-0.0535987
-1.0102200000000001
-0.16501500000000002
0.0
-0.610719
-0.121181
-0.410629
-1.2225
-1.34006
-0.5310229999999999
-0.624475
0.126861
-0.31851199999999996
0.558357
0.0451205
-0.554508
-0.730541
-0.7288640000000001
0.0
-0.8194809999999999
-2.2174
-1.15307
-0.776946
-1.15552
-0.764971
-1.66357
-1.23199
-1.07912
-0.284395
-0.9141610000000001
0.521313
-0.48255600000000004
-1.5469700000000002
-0.9710280000000001
-2.1688400000000003
-2.11145
-0.165562
0.0
0.127047
0.0607673
0.0
-1.07434
-0.428554
-0.354607
-0.09954860000000001
-2.01778
-1.8393
-0.188878
-1.0534700000000001
-1.64042
-1.29009
0.212392
0.28383200000000003
-0.213799
0.441062
-0.8659450000000001
-0.6244069999999999
0.6002069999999999
-0.999517
-0.369584
-0.792762
0.0
-1.861
-0.492251
-3.00319
-0.8007810000000001
0.0230818
-0.203457
-0.977419
0.0
0.0
-0.981153
-1.1837799999999998
-0.266912
-0.29838000000000003
-0.365883
-1.38992
-1.1394600000000001
-0.6344270000000001
0.0632653
0.0
-0.235575
-0.341789
-1.36289
-2.2765
0.0
-0.0163273
-0.352927
-0.8775360000000001
-1.64598
-1.24056
-1.39059
-0.76574
-0.424016
0.25345300000000004
-0.5701930000000001
-0.9943719999999999
-1.8362900000000002
-0.818109
-1.29661
-0.0849563
-0.91274
-1.19058
-0.114978
-1.01787
-0.815135
-0.0113453
0.41175500000000004
-1.13954
-0.604452
-0.9265540000000001
-2.45487
-0.0596742
0.14157
-1.21207
0.0
-1.72282
-2.39105
-0.918365
-0.402807
-0.637542
0.848593
0.55057
-0.148136
0.0322873
-0.34613
0.220993
-0.8895540000000001
-0.48303999999999997
-0.183304
-0.621907
0.101904
-1.50878
0.5373560000000001
-0.294164
-0.813447
-1.08461
0.00489562
-0.9710770000000001
-0.779753
-1.03043
-0.441671
-0.378766
-0.428777
0.29042399999999996
0.0396911
-0.397309
-0.55256
-1.09196
-1.0507600000000001
-0.7537020000000001
-0.502692
-1.32674
-0.0696318
0.0
0.354471
-0.356481
-1.05029
-0.09956210000000001
-0.572037
-0.864655
0.027194
0.016030100000000002
-0.131917
-0.47582299999999994
-2.9306200000000002
-0.356867
-1.7655299999999998
0.11858900000000001
-0.28034699999999996
-0.204018
-1.21939
-1.14645
-1.18855
-1.4285700000000001
-1.03053
0.9007120000000001
0.0
-0.189372
0.787675
0.0
-1.70795
-0.554675
-0.632972
-1.4329399999999999
0.031265499999999995
0.0
-0.668538
-0.167675
-0.8888879999999999
-0.409024
-1.21563
-0.917522
-0.228827
0.028445099999999997
-1.16029
-0.8721760000000001
0.0
0.0
-0.773888
-1.8218900000000002
0.0
-0.8659379999999999
-1.30372
-0.8384459999999999
0.15357200000000001
0.053242700000000004
-0.142037
0.0440078
0.184478
-1.06114
