1.40677
0.278649
0.12008900000000002
1.40529
2.62315
3.7991699999999997
-0.178034
0.406556
2.73523
2.5129200000000003
1.66999
1.4470299999999998
1.8744599999999998
0.699202
1.37045
2.36783
2.8258799999999997
0.0801529
0.347591
1.3446799999999999
0.7818970000000001
1.95338
-0.717956
2.6175
1.2623
1.15675
0.821528
1.21097
1.03294
2.04358
1.16078
1.78604
2.3530900000000003
0.978891
2.29949
1.09259
0.749894
0.708385
2.6070900000000004
0.589102
0.547805
2.35867
-2.92424
1.40731
2.54462
1.33521
1.39288
1.20109
1.45204
-0.733085
1.6276
1.19729
-0.100469
1.88373
1.3257299999999999
1.48148
0.991031
0.9789370000000001
2.1985
1.2142899999999999
-0.0819822
1.07855
1.76955
1.77922
0.5140170000000001
1.31265
0.46936000000000005
-0.65081
1.15241
0.10563399999999999
0.535876
1.70497
1.04967
1.73548
1.8409799999999998
2.68571
0.857606
1.28178
-2.60433
2.1142
1.57463
0.846858
1.10679
1.70383
1.76764
-0.8174060000000001
1.02325
-0.152507
1.3987399999999999
0.0427111
0.9252819999999999
2.17977
1.6938900000000001
2.09085
0.9777440000000001
0.273072
1.73062
1.6235
1.44468
1.58861
0.58738
1.09592
2.36328
-0.49818500000000004
1.53234
0.540227
1.1483
1.61158
0.82967
1.5242
0.6675840000000001
0.365379
0.612927
2.31744
1.12568
2.15862
0.651175
-0.136773
0.317916
1.07913
1.66822
0.949907
1.31431
1.61131
1.08905
1.8933400000000002
2.82459
0.4641
2.11576
0.744471
0.92989
0.794235
2.39344
1.14561
0.299216
2.5909299999999997
0.546686
2.72581
1.20471
0.392969
0.8858799999999999
2.5666599999999997
-0.72483
1.2200799999999998
1.58396
2.12926
-1.83285
0.202215
1.44343
1.03827
-0.7574310000000001
-1.22404
-1.56101
0.6895859999999999
1.11822
1.28023
-0.213362
1.0354
-1.28033
0.8552799999999999
-1.24791
1.74036
0.650084
1.7964200000000001
-0.748495
0.215675
1.40333
1.7704799999999998
1.7057400000000003
0.6529699999999999
-1.08152
1.2017799999999998
-2.3178400000000003
0.811987
1.50826
1.56294
-0.00341237
1.12406
-0.5991479999999999
-0.294192
2.31747
0.197129
1.6889599999999998
1.33505
-3.5879300000000005
2.03295
-0.17363900000000002
1.62786
1.9541099999999998
0.540409
-2.3862799999999997
1.5256
0.673765
-0.883223
1.2132100000000001
1.56885
-0.525403
-0.7771140000000001
-1.57997
1.67563
0.829058
1.12305
2.75851
1.08751
1.6008
1.31875
1.6724599999999998
0.390522
1.90517
0.804912
2.1048299999999998
2.34919
-0.09943810000000002
-0.180559
1.0219799999999999
-0.136976
1.36095
-1.19601
-1.14915
2.44968
0.0661973
0.9724
-1.20313
1.21797
3.9979699999999996
0.682024
-0.654514
1.24829
-1.51298
-0.175976
0.8976959999999999
1.1797
-0.418404
1.07263
1.9168900000000002
0.830664
-0.884001
-0.822858
-0.9658549999999999
0.220625
-2.19243
1.81915
1.35294
0.494278
-0.456244
-0.586314
1.9868599999999998
1.46876
-0.441196
0.0652179
1.83972
0.6083810000000001
1.9314799999999999
1.88265
0.775655
1.12175
1.8169
0.310746
-1.63609
1.77355
1.54454
2.14388
0.403968
0.765624
1.08759
-0.952641
0.23295900000000003
0.579504
-2.75216
2.23517
1.3252
-0.852727
0.12268399999999999
1.76394
1.0312299999999999
0.9303870000000001
0.142029
-0.0219408
0.16675399999999999
0.560215
-0.319251
0.9003709999999999
-0.8958379999999999
1.7804099999999998
-0.600849
-0.127656
-1.4078
-2.0495200000000002
-2.11498
-1.8667099999999999
-2.17786
-0.30038899999999996
-1.8607799999999999
0.402258
-0.08236080000000001
1.1545
-0.736479
0.8450780000000001
-0.133595
0.49313
1.67943
0.0
-3.9348699999999996
0.0
-1.66274
-0.404509
-1.6521700000000001
0.631927
1.1108200000000001
-1.36671
0.406742
-0.366946
0.0
0.303017
0.523354
-0.609612
1.05441
0.20686999999999997
-0.784682
0.0
-0.44938100000000003
-1.04282
0.408096
0.843675
-1.0336299999999998
-0.668605
-0.7996810000000001
0.3122
0.24760100000000002
-0.264771
0.20089500000000002
1.69977
-1.3483
-0.454657
0.0
1.59096
-2.1334400000000002
-2.47039
-0.193276
-0.513306
-0.05976469999999999
0.653375
0.412387
-0.0739859
0.698047
-0.711937
0.278679
-0.304469
-3.46878
-2.92699
0.784521
-0.13911800000000002
-1.12415
0.47738100000000006
-0.538273
-0.303875
0.0
0.081036
-0.991741
-2.15225
-1.28041
-0.0579909
-0.8448709999999999
0.43366499999999997
-2.06587
-0.405197
1.8804400000000001
-0.032935900000000004
0.599143
-1.2683799999999998
-0.722567
-0.10245
1.55193
-0.852074
-0.8255879999999999
-0.852784
-1.0965799999999999
1.3408200000000001
-2.7137599999999997
-1.28566
-0.719476
-0.987368
-1.06569
-1.35924
-0.220099
-1.65343
-1.08738
-0.42573900000000003
0.780766
-1.6704900000000003
0.581507
-1.60271
0.598653
-0.58254
-0.044480900000000004
0.482821
0.46778500000000006
0.5564279999999999
0.0
-1.0044600000000001
-0.333948
-0.43532200000000004
-1.12216
0.152333
-0.31905500000000003
0.0
1.03726
-0.490364
-2.7800599999999998
2.10354
-0.595833
1.1547
-0.23218000000000003
0.556782
-0.0505141
-1.36038
-3.12846
-4.4727
0.0
-1.87943
-2.4919
-1.40231
0.0
0.9350149999999999
2.03134
-1.15121
0.4181
-1.3597299999999999
0.432953
-0.9854629999999999
-0.199977
0.930372
-2.14538
1.61723
-1.4747
1.08586
0.44999399999999995
1.16232
0.263137
0.0
0.425142
-1.1399299999999999
0.238529
0.409908
-0.356135
0.9953559999999999
-3.34876
-1.19544
0.411855
2.00674
-0.19203800000000001
0.991684
0.35580300000000004
0.990706
-0.5714520000000001
-1.88946
0.14371199999999998
1.56754
-0.628925
0.0
-0.0509195
0.968239
-0.927541
-3.8010800000000002
0.037604000000000005
-1.21997
1.1316899999999999
-4.56661
-2.4285200000000002
-1.719
-0.326726
-3.42015
-1.25722
0.84414
0.8234870000000001
0.212718
-0.338987
-1.34004
0.6009770000000001
1.28955
-0.45033500000000004
-1.40727
0.665879
0.622772
-0.127727
-3.79452
-1.35247
-1.4945
-0.689206
0.0924904
-0.24699699999999997
0.636979
-0.9420790000000001
0.296619
0.07859239999999999
-0.640745
-0.754166
-0.0604899
-0.0529395
0.0120491
-0.195635
-0.196306
0.0
-1.88687
-0.14261500000000002
-3.80044
0.876748
-0.347473
-0.765918
-1.95881
1.01518
1.43959
-4.08396
2.03573
0.51112
0.39211799999999997
-0.350785
-0.801739
1.01076
-0.312156
-0.8708629999999999
-0.316728
-0.300367
-0.639981
1.7199400000000002
-0.320856
-0.199574
-0.29130500000000004
0.641111
-0.151352
-0.964455
0.0
0.602851
0.9227709999999999
0.352018
0.014747
0.0632011
0.832731
0.0
1.8094
0.305116
0.45791099999999996
0.9120389999999999
0.350404
0.311479
-2.25349
0.541967
0.0405764
-2.50012
0.110535
-1.8488099999999998
-1.01837
-3.76635
-0.129133
-1.11289
0.08289049999999999
-0.31543000000000004
0.6622140000000001
-0.912557
0.0
-0.7743220000000001
-0.011410799999999999
-2.2425
-1.5223799999999998
-2.91315
-1.9953400000000001
0.0
2.0798099999999997
-0.18177000000000001
0.6809529999999999
0.0
-0.257726
0.041771300000000004
1.2934299999999999
-4.00471
-0.0444475
2.34496
-0.49370299999999995
-0.26198
-0.382385
0.197511
-0.9041
0.609665
-0.522608
0.13409000000000001
0.585648
0.77771
1.58781
0.408598
-0.807287
-0.34014
1.57429
-0.650787
-0.0635385
0.298621
-0.270463
-0.036220999999999996
0.105027
-0.485702
0.21368800000000002
-0.502343
0.00362734
0.174938
-0.107125
-0.511995
-0.8915360000000001
-0.0636143
0.661751
-0.296879
-0.22734899999999997
0.360768
-3.3051199999999996
-2.9614
-0.42282
-2.36098
-1.9745099999999998
0.45455500000000004
0.203982
0.545991
0.164537
-1.02005
1.13235
0.540047
0.0281697
-2.38627
0.0
-4.01302
-0.8313280000000001
-0.0641019
-0.11758099999999999
-0.842441
0.0
-4.00059
-3.38424
2.5072400000000004
0.535223
-0.46351400000000004
0.996554
-2.38196
-2.7222299999999997
0.21157800000000002
-4.05104
-0.527308
-2.28321
-1.15648
2.1947099999999997
-0.6431600000000001
1.88
0.0
0.09975210000000001
0.121127
-1.42451
-0.138005
-0.8361629999999999
0.237684
-0.9589
-0.411541
-0.496629
0.32560500000000003
0.762368
0.631143
-0.471175
0.465156
-1.8199299999999998
0.129322
0.34792399999999996
-4.21709
0.287955
-0.7179300000000001
-0.5247069999999999
-0.27021300000000004
-1.08453
0.5224340000000001
0.145262
-0.192418
-0.97701
0.0
-0.9520129999999999
0.71926
1.81548
0.174515
-1.55264
-0.0131567
-1.1550799999999999
-1.7544
-3.3797599999999997
-0.30270199999999997
0.0
-1.7800099999999999
-0.35465
0.291118
-0.5373399999999999
-0.918697
-0.129698
0.168152
-0.331124
-0.393895
-1.58504
0.464714
-2.3925799999999997
0.8246620000000001
-0.233161
0.362008
-0.872525
-0.271669
-1.0780399999999999
-0.476038
0.526402
-0.199047
0.17353
-2.2993099999999997
-3.3718800000000004
0.50017
0.137522
0.774134
-0.350393
0.07430260000000001
0.122097
0.0
0.727904
1.107
1.15526
-1.1965
0.705385
-0.686511
-0.9981540000000001
-0.983189
1.0951899999999999
0.41205200000000003
-0.378309
0.000519234
-0.204397
-0.08782519999999999
-0.24771700000000002
-0.41565100000000005
-1.14055
0.321002
0.145154
-2.98952
0.06101469999999999
0.188903
-1.27426
-3.50625
-0.24072
0.06554249999999999
0.20160999999999998
-0.427299
-0.0592496
1.15525
0.0
-0.975728
1.01557
0.159197
0.419522
0.1558
1.79286
0.000757376
0.0131355
0.351148
-3.5197
0.531479
1.18498
-0.27431700000000003
0.958282
0.0
-0.19858699999999999
-1.74328
0.34871599999999997
-0.106108
-2.32515
-0.6675989999999999
-1.71485
0.590126
-1.53221
-1.0632700000000002
1.3205799999999999
-0.148285
1.20902
-0.485835
1.13732
-1.53195
-2.8627
0.5061140000000001
0.0
0.402074
0.135213
-3.5733099999999998
-0.545979
-0.626271
0.313125
-0.234395
-0.583713
-1.9843400000000002
-0.253193
1.35932
-0.540027
0.693654
0.10080900000000001
2.29987
1.50747
1.9895900000000002
-4.05131
-0.40179000000000004
-0.820468
0.0368603
0.617748
0.07446330000000001
0.0
-0.709834
0.381333
0.227814
2.0842099999999997
-1.48557
0.343654
0.763837
0.0
0.0
2.24228
1.26956
0.571461
-1.16255
0.715259
0.0300161
-0.43012
0.561693
0.40082199999999996
0.0
1.24581
-1.27339
-0.361651
-1.7406099999999998
-4.108219999999999
-0.0347991
-0.450679
-0.7040770000000001
-1.54007
1.80835
-1.14727
0.17211300000000002
-0.0789724
-2.33699
0.713354
1.9386599999999998
-0.897314
0.538054
0.633128
-0.40109
0.967341
0.244837
0.0429771
1.36556
-0.282121
0.0374305
-0.113284
0.30386399999999997
0.380788
-0.346288
-1.81575
-1.02556
0.823261
0.734579
-4.1782900000000005
-0.756768
0.395635
0.7428279999999999
-1.1845
-0.6606449999999999
-1.17825
1.96155
0.031629000000000004
1.04243
-3.75521
-1.7440900000000001
0.793244
-0.783208
-0.642402
0.8326889999999999
0.711445
-1.35353
1.12342
0.170943
0.06525009999999999
1.69102
0.643727
0.47353500000000004
0.8660030000000001
-0.541172
0.257885
0.06153009999999999
0.8534010000000001
0.335408
2.98317
-0.469782
-4.003419999999999
-0.17915799999999998
-0.188109
-0.26042
-0.182807
-0.09437100000000001
0.217015
0.0
-0.766663
-0.25535
0.079041
-0.8309780000000001
-1.23333
1.2911
0.5181060000000001
0.44413
2.1917400000000002
0.757832
-2.1461099999999997
-0.852665
-0.0229543
1.7875
0.375193
0.33271
0.297672
-0.964508
-0.24482800000000002
-0.219946
0.524036
0.8326979999999999
0.0
-4.32796
-2.92675
0.0
-1.90693
0.036294400000000004
0.867474
-0.800301
0.425418
0.0
-1.1880899999999999
0.252668
-2.22179
-0.588879
0.10429000000000001
0.038562
-2.5042
0.27834899999999996
0.380375
-0.686809
0.0
0.0
2.15972
-1.4729700000000001
0.0
-0.5792689999999999
-2.53992
-1.7622900000000001
1.1362700000000001
1.11683
0.00847918
3.1198599999999996
-0.9512520000000001
-0.853281
