1.48466
-0.62538
0.133999
0.64381
-0.128681
-1.02067
1.52342
1.54241
0.514562
0.775906
-0.688076
0.389538
0.389538
-0.0501857
1.9185299999999998
0.676405
0.277711
1.1114600000000001
0.26008200000000004
1.1031
1.62105
0.558288
1.23468
1.56111
2.1255900000000003
1.8579
1.71737
2.09597
2.25521
2.25521
1.39808
1.48547
1.9034799999999998
1.2216
1.18814
0.639682
1.20865
0.675922
0.5916680000000001
0.412901
0.873341
0.015745099999999998
2.3668400000000003
0.565932
2.20798
0.838477
0.760571
0.27260500000000004
-1.33005
-0.540986
0.352302
1.1357700000000002
1.2585899999999999
0.568072
-0.5982310000000001
-0.377778
-0.336282
1.04205
1.34999
0.0725096
0.16585
1.4796
0.555439
1.2896100000000001
1.07619
1.0909
0.445038
0.0591127
1.3037
-0.0628123
1.08274
-0.813024
0.631996
-1.4364
-1.50126
-1.50126
-1.9765700000000002
0.819634
-0.8943059999999999
-2.58938
0.405491
0.409527
0.612486
-0.230084
-0.326546
-0.230302
0.3494
-0.48123900000000003
-0.523397
0.4486
-0.45319
0.583222
-0.157272
-0.438112
-0.577997
1.00126
0.9033370000000001
0.52118
1.29111
-0.022811900000000003
0.5628770000000001
0.08886480000000001
-0.339783
-0.402457
0.267362
-1.19807
0.610294
-0.552825
-0.372317
-0.16955399999999998
-0.608159
-0.429651
-1.58144
-0.346912
-0.7363649999999999
0.22873000000000002
-0.10956199999999999
1.56361
0.0880592
-0.716747
1.7400099999999998
1.50314
0.8222209999999999
0.36328699999999997
-0.5663090000000001
1.41695
-3.2202
-0.7097600000000001
-0.0949995
-0.5708989999999999
-0.44572799999999996
0.702152
-1.2965
0.528584
-1.67156
0.8734139999999999
0.42622200000000005
-0.15012799999999998
-1.26631
-1.0724
-0.551191
1.8879400000000002
1.13897
-0.486282
-0.0961413
1.41403
-0.108581
-0.406221
0.116103
-1.78462
0.5671
-0.37461300000000003
-0.280043
1.34251
0.807967
1.52346
1.26724
-0.26106999999999997
1.58565
-0.632698
0.775878
0.370183
-0.42761099999999996
0.0858233
0.797932
0.8641719999999999
1.17994
0.45872399999999997
0.408592
-0.357577
1.58733
1.10274
1.10274
0.723539
0.723539
0.0845176
-1.2045700000000001
-0.19663599999999998
-1.62543
-0.23652600000000001
-0.147885
-0.24828899999999998
2.7704400000000002
1.69153
0.251208
0.168075
0.43008199999999996
0.24102600000000002
0.042204900000000004
-0.24465900000000002
-0.552565
0.813743
-0.233778
-0.647293
0.28074299999999996
0.704484
0.304402
0.9293549999999999
0.837859
1.34382
0.404801
0.752807
-0.6698
0.44638500000000003
1.1754200000000001
-0.511195
-0.561871
0.7050810000000001
-0.8934850000000001
-0.070483
-0.685565
-0.17385899999999999
0.6109640000000001
1.20171
0.709328
0.10261300000000001
-0.380754
0.957556
0.0355879
0.632951
-1.19871
-0.431158
-0.35864
0.407882
-2.20282
0.87665
1.2943799999999999
0.398201
0.389575
-2.1177200000000003
-0.43547399999999997
1.28653
1.54934
1.4561600000000001
-1.0035
0.00146733
-0.637995
0.385776
0.366127
1.5802
-1.15275
-0.9811
-0.27743
0.711773
0.551353
0.11349100000000001
1.35875
-1.6936799999999999
-0.42764399999999997
0.46530900000000003
0.758797
-0.22170399999999998
-0.188779
0.700974
-2.05907
-0.915111
0.016064099999999998
0.00160157
0.18771300000000002
0.7099310000000001
-2.4731400000000003
0.595996
-0.0969104
0.82158
-0.9259649999999999
0.238619
-0.0988454
0.443981
0.380295
0.0347342
0.17489100000000002
0.452457
1.2700799999999999
1.9260099999999998
1.3285799999999999
0.9373969999999999
1.03849
1.12182
-0.418792
-0.418792
0.0586381
1.19103
1.80708
0.836476
1.0428600000000001
1.2595399999999999
1.13862
0.599988
1.2309
1.2309
1.56723
-0.107575
-1.22215
-0.353777
-0.7671060000000001
3.3372699999999997
-1.81498
-0.35830700000000004
0.8328959999999999
-0.611521
0.828119
0.705338
-0.32338
1.18533
0.901799
1.5383
0.5298229999999999
-1.0285799999999998
0.400214
1.3008600000000001
1.45695
0.721534
1.7009299999999998
1.1359700000000001
-0.123498
0.26247600000000004
0.29580300000000004
0.965318
0.7285
0.478608
0.197426
1.37474
1.9857900000000002
0.29144499999999995
-0.46129899999999996
1.12693
0.391167
0.411736
0.494622
-1.1714799999999999
-0.6767479999999999
0.0862517
0.605579
0.9855510000000001
1.1308200000000002
0.965399
0.23331
1.14726
1.6737099999999998
1.03045
1.67799
1.54483
2.27318
0.70392
0.300485
1.12024
0.9888610000000001
-0.40315500000000004
0.39484400000000003
0.019436900000000003
-1.11846
1.5914
-0.909316
-0.144952
0.890194
0.520409
-1.39895
-0.037538199999999994
0.127649
0.452478
0.54665
-0.151845
0.0118931
-1.0352700000000001
-1.17517
-0.21514299999999997
0.202188
-0.180904
0.199777
-0.46473000000000003
-1.79383
-0.46151000000000003
0.0805591
-0.145797
-0.270285
0.5802039999999999
0.226253
0.234423
0.930983
1.27905
1.05395
0.8309469999999999
1.72827
1.0671700000000002
1.0671700000000002
-0.11165699999999999
0.191656
-0.46816599999999997
0.190344
0.449421
-1.3200399999999999
-0.40399
1.23332
1.43771
0.271216
0.923074
1.92518
0.5623640000000001
0.580233
1.6323299999999998
0.762566
0.670254
0.607553
0.401055
-0.0235269
1.19934
-0.7081689999999999
0.946375
1.02957
0.37613800000000003
0.26852
1.34714
0.8629100000000001
0.100108
0.823258
0.9694459999999999
1.11057
0.33933800000000003
1.1723
-0.55588
0.36193400000000003
1.02376
0.134466
0.320411
0.20488800000000001
-0.00609616
0.210894
-0.240748
0.331424
0.331424
0.946844
-0.7688729999999999
-0.335451
-0.5025689999999999
-0.133798
0.476051
1.00114
-1.18705
-1.7071599999999998
0.219781
-0.08326069999999999
-0.9874940000000001
0.4707
0.8658399999999999
-0.417084
0.0230933
0.986308
-0.753514
0.766066
0.21728499999999998
2.51686
-0.0433208
0.275022
0.5030020000000001
1.4376200000000001
0.11193900000000001
0.5147649999999999
0.20206500000000002
-0.751732
-0.58943
0.453661
-0.7913220000000001
-1.4222299999999999
-0.90681
