0.307246
1.71452
0.0817028
0.6894600000000001
4.35775
1.6574900000000001
0.337582
-0.191887
0.326736
0.6620020000000001
1.67777
1.57165
1.19049
0.814856
-0.422308
4.52859
1.86648
-0.100384
0.0336605
1.11917
1.21394
0.10335699999999999
0.0284144
4.133290000000001
0.14949400000000002
3.8750199999999997
1.20003
0.459024
1.16344
2.0766400000000003
0.243075
0.664957
0.878064
2.0252
1.57863
2.70031
0.355552
0.0212773
2.12015
0.884292
-0.118584
0.973941
-1.48038
0.702634
1.62766
0.82662
1.5289700000000002
0.48565600000000003
0.985735
0.13674
2.06125
1.24753
0.22173600000000002
0.5212289999999999
0.26558899999999996
0.20977600000000002
1.08873
0.41711899999999996
2.98703
0.293865
-0.433014
0.42944099999999996
0.546246
1.62846
-0.497612
0.47561099999999995
-0.0279975
0.957889
1.26119
-0.24072800000000003
-0.17857
1.45965
1.9856
0.810361
1.54851
4.7051300000000005
1.7538200000000002
2.2884599999999997
-1.15593
2.57045
3.7579300000000004
0.665568
1.39459
0.43097799999999997
0.466559
2.3935400000000002
0.132222
-0.299161
0.505418
1.23165
0.697553
0.143898
1.0913899999999999
0.842253
4.0137599999999996
2.01879
1.03482
3.87965
0.07318730000000001
0.844511
0.937162
2.86652
3.19211
0.183365
0.7130380000000001
-0.188272
3.8042
1.01947
0.32221
0.0107072
2.07738
0.299508
0.453061
1.0011299999999999
0.672035
0.672215
0.6339819999999999
-0.375354
0.219887
0.651309
1.85915
0.41938400000000003
0.910357
1.10655
1.07849
2.0486400000000002
1.44763
4.60568
1.9759099999999998
1.15273
2.87304
0.665563
1.07118
0.59843
0.242177
0.760884
0.921393
0.7122539999999999
1.87726
0.21224
0.6111449999999999
1.7288700000000001
0.155283
0.701138
0.018312000000000002
0.690333
-1.7857
0.430621
1.30661
2.2332
-0.281171
0.243653
-0.48633999999999994
0.206598
0.0873961
1.75852
0.0212104
1.4240700000000002
-1.0053
3.93656
-2.05932
0.11838199999999999
2.74235
0.737596
-0.868668
-0.118878
1.81857
1.12281
0.9959040000000001
2.03342
-0.18302000000000002
0.06550779999999999
-1.60721
1.0254299999999998
1.58059
1.4992
-1.01254
4.3001
0.186979
-0.49776099999999995
1.8459999999999999
0.3149
1.13445
0.322885
-2.14023
1.78265
0.1974
0.42955299999999996
0.719329
0.568825
-1.67441
1.2045299999999999
-0.266964
-0.120209
2.25333
1.5183
-0.5867100000000001
-0.330499
-3.2907900000000003
1.3676700000000002
-0.560635
1.85655
1.9810599999999998
2.8286599999999997
0.489354
2.43277
1.80375
1.0630899999999999
0.175496
1.08223
2.95338
2.9233599999999997
1.1819600000000001
0.567909
2.22383
-0.45083599999999996
2.2151099999999997
-0.654287
-0.586951
2.0602099999999997
-0.631939
1.75004
0.23705500000000002
3.11309
2.6670599999999998
3.77556
0.0508868
-0.5226069999999999
-2.58565
0.212377
-0.0074749
1.54026
-0.96545
0.544529
1.4340000000000002
3.94161
-1.14726
-0.933809
0.23884699999999998
0.556442
-3.17741
0.686786
1.93294
3.8899
-0.348351
-0.24507600000000002
1.2978
0.699226
-0.00910173
-0.00691926
0.443749
2.2404599999999997
0.613879
0.48091999999999996
0.426076
1.9981400000000002
2.1234
0.114976
-0.210504
1.10754
2.02678
1.2241600000000001
3.3425300000000004
1.14119
1.76973
-1.1454
-0.459203
0.450758
-2.41359
0.7079340000000001
0.286614
-0.134554
1.03624
2.2107900000000003
2.59636
0.665352
-1.7781
-0.6545300000000001
3.1584
0.30891
0.055820299999999996
0.45262700000000006
0.323448
0.657682
0.671383
-0.212173
0.013591399999999998
-2.02431
-2.17712
-0.24606599999999998
-1.95345
0.321269
0.14801199999999998
0.607484
-0.23448400000000003
0.5974729999999999
-0.658826
0.528104
0.212773
0.296626
-0.296984
0.0
-4.09468
0.0
0.134045
-0.6828810000000001
-0.671888
-0.5155529999999999
-0.031175099999999997
-0.427832
0.5031
-0.5777359999999999
0.0
-0.19381600000000002
0.932157
-0.18807000000000001
0.626947
0.122644
0.48772600000000005
0.0
-0.605001
0.009617
-0.746033
0.10630799999999999
-0.0717966
-2.54981
-0.242837
0.923351
-0.224827
0.751827
-0.411138
0.0715943
-0.515137
-0.539312
0.0
0.0518457
-2.53111
-1.52257
-0.194323
-0.378355
-0.12750999999999998
0.0641477
-0.867208
0.720783
0.433696
0.0518802
0.22579000000000002
-0.425306
-4.409680000000001
-2.95261
0.286568
-0.08798539999999999
-1.18458
-0.0546153
-0.561962
0.24711
0.0
0.489033
-0.433943
-2.22844
-0.795201
0.384803
-0.0196303
0.444563
-0.45520200000000005
0.46595600000000004
0.728386
0.447445
-0.0137349
0.037849900000000006
0.0527519
0.040070499999999995
1.14585
-0.273125
-2.24054
-0.0304098
-0.69362
-0.20347200000000001
-2.8121
-0.957658
-0.48797299999999993
0.731965
-0.157063
-0.0842967
0.21443299999999998
-0.533822
0.363304
-0.529604
0.765864
-1.9306599999999998
-0.14372100000000002
-1.90588
0.47269700000000003
-0.07735650000000001
0.16461199999999998
0.552868
-0.15015
0.0441205
0.0
-0.404386
0.608078
0.581568
-1.31045
0.60577
-0.914924
0.0
0.551858
-0.24063299999999999
-2.84496
0.375485
0.549651
0.78659
0.456142
-0.14213
-0.213813
-0.658077
-1.81506
-3.39605
0.0
-1.7881200000000002
-1.21258
-0.159552
0.0
0.0708011
1.9356200000000001
-0.547434
0.306865
0.67335
0.3286
-1.40172
0.780949
-0.00594304
-1.86399
0.430313
-0.570738
-0.260258
0.603302
0.219788
-0.8540469999999999
0.0
-0.329808
-0.6579699999999999
0.935383
-0.00532856
0.30915
3.96757
-1.9603599999999999
-1.1533
-0.03294880000000001
0.776713
-0.43758100000000005
0.545736
0.182231
0.28286
-0.0960842
-3.1120799999999997
-0.572113
0.915537
0.0234297
0.0
0.15215
0.8933209999999999
-2.39166
-2.66529
0.430374
0.214031
0.11523599999999999
-3.93931
-1.59069
-1.15654
-0.309339
-1.78798
-1.50366
0.520638
0.534803
0.376707
-0.993347
-0.9487690000000001
0.144321
0.7404149999999999
0.135802
-0.830941
0.294123
0.238242
-0.21339499999999997
-3.38096
-0.203924
-1.2507
-0.031508
-0.555326
0.00778058
0.143801
-0.569042
0.235233
-0.35625300000000004
-0.193412
0.27311399999999997
0.198932
1.05629
0.0388707
0.124177
0.868223
0.0
-0.197415
0.06650239999999999
-2.56907
0.507115
-0.00516812
-0.5065930000000001
-2.0068599999999996
0.799248
0.44596199999999997
-4.0442
-0.41169300000000003
-0.0197392
0.0147183
0.229202
0.327791
-0.0361352
0.5370550000000001
-0.763143
-0.0758952
-0.512573
-0.177495
0.108484
0.717729
0.400912
0.324837
0.13281800000000002
0.0234238
-1.01966
0.0
0.59334
0.582164
0.04045119999999999
0.29704400000000003
0.846669
-0.143673
0.0
0.273303
3.5590599999999997
0.636174
0.44378100000000004
0.265942
0.194382
-0.513501
-1.0082
-0.000934453
-2.19849
0.588813
-0.44141899999999995
0.508342
-4.2584599999999995
-0.253605
-0.415822
-0.24123499999999998
0.0296775
0.337488
0.0714542
0.0
-0.46995200000000004
-0.59067
-0.267779
-0.129505
-0.341945
0.10498299999999999
0.0
0.153067
1.15816
0.776162
0.0
-0.6004189999999999
-0.55628
0.12642899999999999
-4.30941
-0.5227970000000001
0.38921
-0.340727
-1.3595899999999999
0.182385
0.513247
0.526215
-0.150704
-0.28583200000000003
-0.13061
0.290013
-0.141543
0.045484
0.670723
0.54956
-0.029165899999999998
0.8347709999999999
0.490307
-0.377137
0.036012800000000005
0.150676
0.298294
-0.0040179000000000005
0.150383
0.37808200000000003
-0.264837
0.00404159
0.24554299999999998
0.783497
0.11336600000000001
0.297747
0.504991
0.0839582
-0.887639
-0.879591
0.349722
-1.94059
-3.18808
0.06433
-2.15581
-0.46901400000000004
-0.040253
-0.42232
0.39472399999999996
0.524626
0.109606
0.612915
0.35775500000000005
-0.830451
-1.64559
0.0
-4.38259
0.44221800000000006
-0.654315
0.0898888
-0.197179
0.0
-3.8707199999999995
-3.6431699999999996
1.6953
-0.5520609999999999
-0.0309228
0.5102359999999999
-1.30227
-0.00122829
0.49532299999999996
-3.7611800000000004
-0.48566499999999996
-1.29083
0.8469030000000001
1.02393
0.406071
0.191602
0.0
-0.0213447
-0.337439
-1.0166600000000001
-0.14496199999999998
-0.48743400000000003
-0.169104
-0.977147
-0.9912120000000001
-0.2826
-0.34481
-0.0434633
0.385702
-0.204021
0.35312899999999997
0.038786400000000006
-0.12801600000000002
0.473574
-3.85428
0.800045
0.605757
0.0865267
-0.581832
0.114158
0.602553
-0.350958
0.666084
-0.113357
0.0
-0.686372
0.124465
0.25352199999999997
0.8072630000000001
-0.697458
-0.382533
0.314038
0.397144
-3.65676
-0.08933060000000001
0.0
0.779332
-0.234508
-0.647704
-1.11022
0.250161
0.371164
-0.49386
-0.272808
-0.33466
-0.127316
0.200351
-0.562353
1.13565
-0.138098
-0.32309
-0.470316
-0.0552482
0.36915
0.44995100000000005
-0.322872
0.39667399999999997
0.320907
-1.7323400000000002
-2.49726
0.293008
0.20920100000000003
-0.274584
0.193596
0.142493
0.100094
0.0
1.49969
0.892609
-0.422806
-0.704785
0.232825
0.0127029
0.133108
0.0784192
0.512342
-0.9642950000000001
-0.9095120000000001
0.505027
0.526783
-0.389635
0.11975999999999999
-0.5555979999999999
-0.229442
0.23182199999999997
-0.388914
-2.48317
1.0515
0.5139600000000001
-0.224498
-4.0589
0.0451022
0.619055
-0.08954880000000001
-0.9411729999999999
0.287977
0.139809
0.0
0.37588299999999997
0.689778
0.361479
0.0958561
-0.337971
0.11809700000000001
0.09798530000000001
0.154962
0.7698229999999999
-2.4950799999999997
0.371996
0.407958
0.535284
-0.0110148
0.0
0.303467
0.11516300000000002
0.6998840000000001
-0.356319
-0.8769889999999999
0.204421
0.5041479999999999
0.493907
0.44158500000000006
-0.501101
1.38947
0.34627399999999997
0.08537230000000001
0.23886500000000002
-0.8596799999999999
-1.13384
-2.29236
0.457388
0.0
-0.170422
0.140726
-4.1946
-0.712019
0.24462399999999998
0.616527
0.0549929
0.044763300000000006
-0.7977890000000001
0.42524399999999996
0.48167
-0.718949
-0.164183
-0.288227
-0.619286
-0.033486
1.13631
-3.99674
-0.9328709999999999
0.5687949999999999
0.0138987
0.207936
0.054864800000000005
0.0
0.09344010000000001
0.274332
0.027711400000000004
2.52807
-0.123734
0.9964780000000001
1.52342
0.0
0.0
0.14494200000000002
-0.0246329
-0.164183
0.380256
0.060905799999999996
0.258234
-0.475872
0.48256899999999997
-0.221534
0.0
-0.255875
-0.06620039999999999
-0.8439049999999999
-0.5991850000000001
-4.27168
-0.200737
-0.131742
-0.573109
-0.63803
0.100985
-0.345346
-0.354528
1.29708
-0.550772
0.76221
0.364717
-0.307541
-0.339967
0.0176635
-0.019680200000000002
-1.21764
-0.124927
0.998748
0.43167
-0.28166399999999997
0.742316
0.286561
-0.049031599999999995
-0.263154
-0.225117
-0.266446
-1.31455
0.780085
1.11611
-3.97574
0.10808599999999999
0.222239
0.65695
-0.06858439999999999
0.834824
-2.02121
0.65579
0.872808
-0.548905
-3.2938300000000003
-1.5363200000000001
-0.12878299999999998
-0.140477
-0.00906152
0.10691800000000001
0.675686
-0.496364
0.942709
-0.522717
1.2426
0.452237
0.981777
1.07003
0.450658
0.474521
-0.0602389
-0.39373
0.301186
-0.38427100000000003
1.6987
-0.36635
-3.12777
-0.46362
-0.614138
-0.54881
-0.0680882
0.393864
-0.130656
0.0
-0.802146
-0.35698
0.20844200000000002
-0.996783
0.432144
-0.367762
0.191381
-0.325304
0.776964
1.3316
-1.8386099999999999
0.279505
-0.20042100000000002
1.1085200000000002
0.367149
-0.0656766
-0.32103400000000004
-1.4564
-0.171935
0.44019300000000006
0.662519
0.82681
0.0
-3.71705
-1.49227
0.0
-0.589635
-0.595151
-1.54272
-0.21907
0.180133
0.0
0.294211
-0.025896600000000002
0.536949
-0.10745999999999999
0.77652
0.48381599999999997
-0.172765
-0.113559
0.281577
-0.559646
0.0
0.0
-0.029833
-1.4438600000000001
0.0
0.0370324
-1.2465600000000001
-2.33331
0.41657
-0.344972
0.644452
0.810958
0.377726
-0.0919789
