-2.2185099999999998
2.11325
1.43408
1.57345
1.99813
-0.502275
1.39619
0.363109
-0.317112
0.34370300000000004
1.31549
0.775931
0.775931
1.2213200000000002
0.30372
0.107556
-1.66662
-2.96834
1.71505
0.9048229999999999
0.7288180000000001
0.52903
1.4841799999999998
2.89003
2.26637
3.4142300000000003
2.32633
2.45614
2.4327
2.4327
1.6921599999999999
0.730916
0.41895699999999997
-1.29206
-2.06657
-0.30549699999999996
1.8252700000000002
1.92167
2.00349
-1.7070900000000002
-1.77085
-0.6424340000000001
-0.156252
2.93358
1.44944
-0.8229620000000001
0.023630599999999998
1.38268
0.6629520000000001
3.32186
-0.8695299999999999
9.04646
1.77972
2.52395
-0.140951
2.2582299999999997
1.48549
2.03481
0.36593000000000003
-0.404729
0.9357540000000001
0.495036
-1.16454
0.016915200000000002
-0.28371799999999997
-1.0346799999999998
-1.0567799999999998
-0.994373
1.50984
-1.9294900000000001
0.770071
-3.01368
0.0577841
0.8859229999999999
1.09986
1.09986
-0.6825359999999999
-1.25435
-0.843901
1.1103299999999998
0.926407
2.52886
2.19515
0.375824
-1.52623
0.9630350000000001
1.3083
0.305144
-1.52758
-1.60556
-0.994384
1.80401
2.25981
0.664968
-4.17823
-0.200128
-1.15622
-0.0484582
0.440357
-0.025851
-2.4695099999999996
-1.29754
-4.74918
2.10799
-1.17735
0.79699
0.858355
0.22444
1.13685
1.31139
0.0
0.45466599999999996
0.0655154
-0.132997
-0.0520692
-1.34486
-1.53221
-0.666117
0.28237199999999996
-0.09990700000000001
1.46466
2.14242
-0.795084
-0.29830999999999996
-0.8286129999999999
0.735312
3.6161199999999996
-1.05316
1.64255
-3.2747
-2.42191
2.0777099999999997
-0.8030079999999999
0.093316
3.3244599999999997
0.136956
0.37657199999999996
1.55525
-2.1890099999999997
0.948635
1.52522
3.31711
2.52949
-1.79993
1.445
1.71301
3.3809199999999997
-1.28756
1.47595
-0.44668900000000006
0.753128
1.14942
1.37564
3.70614
2.24375
-1.38639
-0.29028899999999996
2.6186700000000003
3.1469400000000003
0.33417199999999997
1.08775
-2.2034599999999998
-0.905315
-0.940467
-0.923069
-0.030815600000000002
-0.42279399999999995
-0.0884072
0.886056
1.4923
1.22048
2.24979
2.24979
4.76893
4.76893
4.81233
-2.13444
-1.7595
-2.8894599999999997
-0.31411500000000003
-1.90473
-2.71857
0.0269115
0.177571
-2.80472
-1.7453599999999998
-2.18757
-1.1669200000000002
-1.5687799999999998
-0.154835
-3.01025
0.614667
3.5017199999999997
-0.652068
-1.1619899999999999
-1.15672
-2.03328
-2.75942
-0.629732
0.761133
-1.74153
-0.879376
-0.267998
0.355423
0.201938
5.3783
-0.8429719999999999
0.749872
-0.23353000000000002
-1.33541
1.34838
0.396978
0.21298000000000003
1.0690899999999999
-0.179207
-0.228068
0.237019
0.364816
-1.54817
-1.07265
-0.0332931
-1.5234
0.514003
-1.7195
-4.40678
0.312983
0.0951175
0.401294
-0.8834350000000001
5.12209
-0.23629
-0.46611800000000003
1.7421099999999998
2.40675
0.0617658
-0.852563
-0.591396
-0.690473
-0.617566
0.719975
-1.18393
-2.1851700000000003
0.742028
0.379938
2.02472
1.62798
1.7359
-1.10341
-0.793144
-0.538112
1.36855
-0.8775370000000001
-1.01902
4.89727
0.0
2.76811
-1.8662599999999998
-0.628567
-0.3454
-1.6667299999999998
-0.58667
0.34242100000000003
-0.395581
0.23051
-0.682459
-0.717884
-1.10991
1.37962
0.29692199999999996
-0.115543
-0.5132800000000001
0.956794
-0.770442
-1.6550099999999999
-0.156923
-1.9473799999999999
-2.27163
-0.348409
2.24595
2.24595
-0.0171283
0.146682
0.131113
-0.183227
1.20707
0.318934
-0.56682
-1.10756
-0.49817799999999995
-0.49817799999999995
-1.5572
-3.7738099999999997
-0.637003
-1.22053
-0.26271300000000003
-0.456034
-0.727163
-0.789144
0.0111668
1.06233
-1.45005
-0.13359100000000002
-0.819041
1.67766
1.30636
1.04456
0.58132
-1.6129799999999999
1.67031
-0.20693000000000003
0.613686
0.225606
1.28101
-0.076248
1.16813
-0.282792
1.48899
2.1419200000000003
-0.69298
0.0780113
-1.22174
1.78057
-1.09104
0.845143
-0.8469899999999999
1.6944099999999997
0.669216
-1.71213
0.8955299999999999
-1.39393
-1.0229
-0.49598000000000003
0.159633
0.384658
-2.1124
1.54988
0.599634
2.26281
2.01919
1.0722200000000002
-0.0191325
1.30094
-1.07923
-0.21371199999999999
0.6175609999999999
-0.9674209999999999
-0.9475309999999999
4.98656
-2.09165
-0.27014499999999997
0.611925
-2.99328
-2.6661799999999998
-1.15759
-0.662866
-3.2433
-3.62835
-2.65643
-4.93839
-0.417195
-1.8551099999999998
-1.0653299999999999
-3.3912
0.0929415
1.07241
2.32836
-0.486008
-0.6236
-1.6474400000000002
2.61671
1.83002
-5.30513
1.41555
-2.73549
-0.165258
0.391896
0.8534149999999999
-0.24600000000000002
1.15709
-1.19246
1.2459799999999999
1.22846
1.5051299999999999
1.94232
1.94232
2.38988
0.296863
3.12319
-1.0086600000000001
-2.97138
1.38686
-2.1943599999999996
-1.45744
-2.21749
-1.04301
0.783878
1.2250299999999998
-0.678032
-1.04985
-0.929391
-0.442891
0.41408900000000004
1.14707
0.8575020000000001
-0.24937800000000002
-4.1533
-1.48335
-2.9960400000000003
0.153475
-1.9958200000000001
-0.037806
-3.58566
-0.542231
-2.22658
-1.85572
-1.26148
2.32017
-1.32735
-2.48715
1.20856
-0.130475
-0.552453
-0.768192
-0.8333940000000001
0.797656
-1.39941
-0.00229197
-0.29782600000000004
-0.731625
-0.731625
-0.7614310000000001
0.566505
0.283294
-1.8191099999999998
-3.02141
3.15358
-2.31215
-2.61293
-2.13807
-5.28026
-3.8520199999999996
-1.11992
-0.416512
-1.4607299999999999
-4.73348
-4.51912
-4.96265
-1.6363
-2.10759
-0.631342
1.30809
-4.8813
-1.0869
-0.978231
0.21632300000000002
-1.97038
-4.03891
-0.283868
-1.63409
-2.9287099999999997
0.0569433
-1.02975
-0.7382270000000001
2.6245700000000003
