0.9534309999999999
1.16088
0.811828
0.728595
1.3212899999999999
1.86537
0.798049
-0.03742619999999999
1.24369
0.399521
0.947953
1.05437
-1.06469
0.549027
0.320232
1.0531
1.1679
-0.232621
0.5229520000000001
0.21326900000000001
0.666101
1.04969
-0.668987
1.49264
1.15105
-0.362057
1.48294
0.576472
0.862245
1.42664
0.326973
-0.22810100000000003
1.47035
0.879307
1.11722
0.620468
0.182394
-0.219919
1.54387
-0.205819
-0.077778
1.16835
-1.48164
-0.13358599999999998
1.9320700000000002
1.53954
1.5934
0.5595979999999999
1.25386
-0.48044799999999993
1.43541
0.936592
-0.116292
-0.289065
1.39014
0.33229000000000003
0.860456
0.505616
0.859798
1.03085
0.15886199999999998
0.381888
0.337609
1.27611
0.946217
1.42026
0.613842
-0.0661868
0.401094
-0.230946
0.047656
0.948335
-0.116449
1.62172
1.1301
2.38747
0.6857479999999999
0.777982
-1.21609
1.6967599999999998
0.752185
0.802243
0.9511790000000001
0.220148
1.40398
0.6019899999999999
0.763595
0.295795
0.8710100000000001
1.12963
0.905766
0.172026
0.490325
1.88864
0.335417
0.544623
0.732831
1.9038599999999999
0.577431
1.22163
1.06744
1.12666
1.18939
0.148153
1.32715
0.34663
1.8542900000000002
0.816531
0.5442899999999999
-0.055476599999999994
0.172157
-0.390913
0.8837309999999999
1.2553299999999998
-0.0837021
0.915269
0.5390050000000001
-0.17557899999999999
0.00223401
1.34964
1.13689
-0.0565006
-0.113005
1.1498899999999999
0.837549
2.13538
0.76175
1.1109
1.5275100000000001
0.247704
0.6958260000000001
-0.1028
1.7934400000000001
0.47013999999999995
0.478926
0.883
0.184872
1.42238
0.892999
0.44244700000000003
0.657359
1.80198
-0.00679621
1.6884299999999999
0.585232
1.99775
-0.665643
-0.766472
0.647412
0.00573679
0.0712763
-0.314605
-1.5428600000000001
0.8262010000000001
1.02568
0.732016
0.43040600000000007
1.0604200000000001
-0.31795
0.497838
-3.02025
1.0588
1.22466
1.95419
-0.45660600000000007
0.44417799999999996
1.0723799999999999
1.709
0.926811
0.9372149999999999
-0.550311
-0.254384
-1.3382100000000001
0.762416
1.22281
1.66747
-0.347159
0.676288
-0.962464
-0.0720724
1.35745
-0.42969799999999997
0.17431
0.9896659999999999
-0.176042
1.59881
0.509996
1.08345
1.43708
1.8187
-0.732869
0.6681060000000001
0.0103777
-1.36961
0.9241
0.714213
-0.0304188
-0.423022
-1.6875200000000001
1.25111
-0.237384
-0.00158977
1.8176400000000001
0.292111
0.963909
0.496541
0.40070900000000004
0.689474
1.16802
1.1493799999999998
0.716242
1.59297
0.184128
-0.664013
0.823617
-0.8323299999999999
0.453482
-0.619242
-0.40826799999999996
1.9358400000000002
-0.6405930000000001
0.905118
-0.339862
1.13405
2.17156
0.37843499999999997
-0.296135
0.41703100000000004
-0.746524
0.384807
-0.586997
1.04708
-1.8905900000000002
0.302691
1.04651
0.755404
-0.330085
-0.0440331
-0.869713
0.145527
0.6619619999999999
0.993625
0.960427
0.272444
-0.78022
-0.571915
1.43106
1.97984
0.021586599999999997
-0.44603400000000004
0.47333000000000003
0.678017
1.47565
0.992604
0.561528
-0.0610886
1.591
-0.8885430000000001
-0.913759
0.6519189999999999
0.8595790000000001
0.968413
0.469404
0.492913
0.9986290000000001
-0.8913530000000001
0.303981
0.473026
0.402175
0.25228
1.58835
-1.39941
0.285592
0.9821770000000001
0.794433
1.56148
-0.24304800000000001
-1.34864
0.340939
0.0358283
-1.17927
-0.548674
-0.134666
1.17913
0.058136900000000005
-0.725688
-1.47114
-0.528304
0.709615
-1.1012600000000001
-1.22197
-0.638324
-0.30738200000000004
0.277586
-0.076676
-0.20591700000000002
-0.7063470000000001
0.29846100000000003
-0.42439
-0.367122
0.22292800000000002
0.0
0.0
0.0
-1.7682200000000001
-1.17819
-1.46071
-0.74557
0.274609
-1.0164600000000001
0.83124
-1.90527
0.0
0.15884700000000002
-0.21655500000000003
-1.28767
-0.22843000000000002
-0.0170567
-1.55986
0.0
0.8980020000000001
-0.0115227
0.000444915
-0.291934
-1.04739
-0.326892
-0.250562
-0.957799
0.345281
-0.629836
-0.472229
0.9157719999999999
-0.981612
-1.0513700000000001
0.0
0.23277199999999998
-2.76286
-1.07839
-0.00471845
-1.0898
-0.588113
-0.232033
-0.261567
-0.587072
-1.09559
-0.620663
0.383918
-0.663999
0.508206
-0.8240780000000001
0.314326
-0.6491239999999999
-1.30148
-0.05259199999999999
-0.13561800000000002
0.115218
0.0
1.22179
-0.481179
0.16994
-0.44346499999999994
0.23670300000000002
-0.310502
0.392069
-1.5213299999999998
-0.7338560000000001
0.027011400000000005
-0.238132
0.55138
-2.00881
-0.45399700000000004
0.189102
0.642387
-1.42908
-1.75816
-1.07227
-0.390442
-0.0682056
0.00927905
-0.6573060000000001
-1.6862
-0.429645
0.0816522
-0.8312219999999999
0.831184
-0.44602299999999995
-0.8275030000000001
-0.11121800000000001
0.44637
-1.9605099999999998
-0.54686
-0.310071
1.12913
-1.15006
-0.06879249999999999
0.28534299999999996
-0.528053
0.6807310000000001
0.0
-0.8084720000000001
-0.3819
-1.1543700000000001
-0.00152782
0.472504
0.0188992
0.0
0.965725
-0.950476
-0.80416
-0.107822
1.04945
1.00799
-0.11458800000000001
-0.603875
-0.963936
-0.303519
-2.3891400000000003
-0.00911834
0.0
-0.353991
-1.34372
0.959996
0.0
-0.9504959999999999
1.32861
-0.9914209999999999
0.844533
-1.83617
-0.27728
-0.462187
0.756332
0.429751
-1.6428200000000002
1.4885
0.0045193
0.00865745
0.4568
-0.052658800000000006
-0.21284099999999997
0.0
-0.701267
-1.1296700000000002
-0.096791
0.203239
0.44142299999999995
1.2678399999999999
-0.42606400000000005
-1.51991
-0.18478699999999998
0.8029470000000001
-0.13165
0.144349
0.821283
0.41808999999999996
-0.345529
0.188524
0.163458
1.0547600000000001
-1.04851
0.0
0.00562316
-0.41033100000000006
-0.546219
-0.937684
-0.895849
-2.06756
0.043851999999999995
0.0
-0.43042600000000003
-0.9861540000000001
-0.013198099999999999
-2.14323
-0.7256229999999999
0.469142
0.0127748
0.46748599999999996
-0.731202
-1.2735299999999998
0.5269010000000001
0.368273
-0.636491
-0.0353335
-0.582936
0.0821835
-0.5699270000000001
-0.9339860000000001
0.47347399999999995
-0.326227
-0.0231335
-0.0889737
0.388045
0.455746
-1.05484
0.5952189999999999
0.055053099999999994
-0.396454
-1.15491
-1.0432
0.178816
-0.095149
-0.8912680000000001
-0.342619
0.0
-1.68855
-0.505053
0.339526
0.645725
-0.051705499999999995
-0.051649900000000006
-0.633487
0.0618467
0.224462
-0.154165
0.9790840000000001
0.677322
-0.249546
-0.435436
0.031293400000000006
-0.374281
0.686816
-0.48656800000000006
0.442993
0.0409551
-0.512393
1.24672
-0.762196
0.219728
-0.137756
0.6328189999999999
-0.311129
0.13103499999999998
0.0
0.437233
0.538305
0.0859532
-0.56528
0.185972
0.45489799999999997
0.0
0.803215
0.196707
0.311575
-0.8576030000000001
0.55088
0.12422000000000001
-1.71107
-0.3017
-0.019844900000000002
-0.577289
-0.177403
-0.757368
-0.685585
-0.5229090000000001
-1.3542299999999998
-0.995394
-0.545291
-0.606312
0.24835700000000002
-0.746749
0.0
-0.326904
-0.8060579999999999
-1.9155
-0.278512
-1.6545900000000002
-0.829802
0.0
1.41326
0.16561700000000001
-0.0262678
0.0
-0.946408
-0.26665500000000003
0.8395799999999999
0.0
0.41537399999999997
0.261372
-0.1864
-0.9101790000000001
-0.304732
-0.1423
-0.45443599999999995
-0.46326000000000006
-0.348575
-0.07836510000000001
0.270719
-0.5168520000000001
0.416192
-0.304287
-1.09992
-0.743749
0.175103
-0.118746
-1.9599400000000002
-0.724529
-0.670719
-0.20739699999999997
0.254716
0.294576
0.42466499999999996
-0.936724
0.344029
0.146267
-0.490188
0.339199
0.00400961
0.516977
-0.126929
-1.2432
-0.43113999999999997
-0.140374
1.7075900000000002
0.5705279999999999
-0.5584560000000001
0.815203
-0.15362
-1.25421
-0.81321
0.150886
-0.776403
0.0915942
-0.20163299999999998
-0.874338
-0.48537399999999997
-1.8031099999999998
0.0
0.0
-0.419533
-0.42114300000000005
-0.42451400000000006
-0.491461
0.0
-0.067246
-2.44437
1.34837
0.41708599999999996
-0.111451
0.386567
-0.36877600000000005
-0.305224
-0.411679
-0.164717
-0.315399
-1.07978
-0.35522800000000004
0.645846
0.477836
0.110076
0.0
-0.299072
-0.446935
-0.520889
-0.11433299999999999
-0.619616
0.0905422
0.552323
-0.11589200000000001
-0.154528
-0.525366
-0.171429
0.0345794
-0.408702
0.246209
-1.28322
0.180654
-0.0415602
0.0
0.42836499999999994
-0.18294000000000002
-0.9841850000000001
-0.798871
-0.425317
-0.31628
-0.126443
-0.104657
-0.891285
0.0
-1.91293
0.572558
-0.5674130000000001
0.21685300000000002
-0.427303
-0.604919
-0.680174
-1.4693
0.0
-0.379632
0.0
1.1353799999999998
0.279859
-0.364181
-0.019703400000000003
-0.345206
0.6606479999999999
-0.32907600000000004
-0.652775
0.716751
-0.69331
1.0682399999999999
-0.511315
1.41751
-0.0638713
0.40079899999999996
-0.125564
-0.859297
-0.140666
-0.46543599999999996
0.1457
-0.655733
0.186112
-1.7856400000000001
-1.00349
-0.974576
0.0754593
0.663802
-0.422814
-0.380894
-0.39314299999999996
0.0
0.45942799999999995
0.296064
-0.6129220000000001
-0.749654
0.586196
-0.410789
-0.595923
-0.806412
-0.260479
-0.9232469999999999
-0.146868
0.144451
-0.5614060000000001
-0.575542
-0.229606
-0.8531569999999999
-1.21117
-0.858344
0.0840245
-0.39642
-1.35931
0.50111
-1.36969
-0.32311999999999996
-0.647284
-0.00944035
-0.127203
-1.13952
-0.0158638
0.289615
0.0
0.350691
-0.129422
0.0604899
0.34602
-0.9810530000000001
0.06903200000000001
0.521633
0.329997
0.08557189999999999
0.402821
0.253724
0.0345269
-0.44882799999999995
-0.380262
0.0
-0.694901
-1.12448
-1.00068
-1.0639299999999998
-1.7336900000000002
-0.347105
-0.670619
-0.328912
-1.18563
-0.264964
0.0442396
1.41024
-0.0292668
-0.31953000000000004
-0.390108
-2.30516
0.778668
0.5276529999999999
0.0
0.5957520000000001
-0.39064299999999996
0.0
-1.0976
-1.68777
-1.14609
-0.056634699999999996
-0.778878
0.06765639999999999
0.331588
-0.386728
-0.751202
-0.194778
-0.09465939999999999
0.269007
0.22802199999999997
1.94632
-0.362232
-1.1249
-0.8846040000000001
-0.388008
0.638632
-0.44197600000000004
0.0
-0.240927
-0.25950500000000004
0.10032100000000001
1.5084899999999999
-0.746035
0.752325
1.25722
0.0
0.0
0.563379
0.508872
0.216277
-0.514044
-0.354538
-0.337911
-0.00238828
-0.177547
0.267252
0.0
-0.0265123
0.42270699999999994
-0.448088
-1.17692
0.0
0.0780722
-0.296985
-0.590372
-0.497597
-0.26158200000000004
-1.16044
-0.9823459999999999
-0.320763
-2.39079
0.267974
0.301164
-0.403602
0.0470407
1.07833
-0.390415
-0.465628
-0.0916689
0.9767899999999999
0.559461
-1.41933
-0.980758
-0.237831
-0.36091599999999996
-0.48822600000000005
-0.412253
-0.757254
-0.26057199999999997
0.789191
-0.453721
-0.102612
-0.997602
-0.160576
0.08379310000000001
0.47916400000000003
-0.8214969999999999
-0.8415159999999999
0.20236400000000002
0.346171
0.45565
0.575058
-0.197527
-0.297112
-0.214991
-0.546266
0.258997
-0.294566
-0.599327
0.9885459999999999
-0.0159359
-0.312422
0.504777
0.583972
0.011308
0.0511254
0.292937
-0.613813
-0.42365699999999995
0.336379
0.408236
0.436532
-0.334154
-0.286548
-0.314231
-0.125608
-0.7604069999999999
0.160227
-0.399405
-0.459892
0.0
-0.32493
0.42721899999999996
0.5632560000000001
-0.689703
-1.33599
-0.055505
0.373987
1.10352
0.049712
1.37355
-0.147013
-0.21160500000000002
-1.30301
0.9665950000000001
-0.15548
0.0762946
-0.5022939999999999
-0.9834870000000001
-0.8264520000000001
0.0337375
1.2715
1.7561
0.0
0.508206
-0.8099609999999999
0.0
-1.06768
0.9878530000000001
-0.884856
-0.6769189999999999
0.14304
0.0
-0.6078100000000001
0.372015
-1.99321
0.7438670000000001
0.0149464
0.296404
-0.653962
0.36356700000000003
0.00379867
-0.30530999999999997
0.0
0.0
-0.48956700000000003
-0.9201219999999999
0.0
-0.59142
-1.83192
-0.68605
1.09109
-0.39267399999999997
-0.31150300000000003
0.644224
0.09587530000000001
-0.8410780000000001
