-0.267935
-0.33631500000000003
0.954268
-0.12876700000000002
1.6779400000000002
0.357241
1.51682
0.564593
0.873373
-0.0659965
1.03864
0.296419
0.296419
-0.161656
0.308027
-0.6982079999999999
0.510584
0.887244
0.250101
-0.23766900000000002
0.765729
1.3503399999999999
2.51152
0.5358850000000001
0.14237
2.4014900000000003
3.14332
2.27287
1.37153
1.37153
0.999276
0.9189209999999999
-0.251467
0.21815900000000002
0.33102
-1.06247
0.558841
-0.84499
-0.301171
1.5728
-0.369607
0.314614
0.584906
0.6373270000000001
1.7488400000000002
-0.8418260000000001
-0.0159417
1.07501
-0.05787130000000001
-0.626383
-0.21243099999999998
1.10356
0.5940439999999999
1.44969
-1.64009
0.255325
0.772177
2.39778
5.57072
0.014746500000000001
-0.390305
1.1048799999999999
0.243242
0.592917
0.05725
0.409758
0.229675
-0.129215
1.88906
0.45167299999999994
0.673135
-2.14788
-0.484966
1.23957
-0.32561999999999997
-0.32561999999999997
-2.34355
-0.611452
-0.725158
-1.41803
-1.11686
-0.7469520000000001
-0.667299
-0.569958
0.157568
-0.789632
-0.304601
-0.190297
-0.582172
-0.761246
0.337589
-0.346477
-0.0845407
-0.843801
-0.956777
0.510035
1.23996
1.9046
-1.07644
-0.674372
-0.015663200000000002
-0.388061
-1.11316
-0.783109
-1.7732900000000003
0.597342
0.9240729999999999
-0.11458900000000001
-1.9739200000000001
-0.027846199999999998
-4.98644
-0.5755899999999999
0.10496199999999999
-0.952594
-1.33007
-1.40854
0.414554
0.677381
-0.534972
-0.408058
0.806234
-0.21360900000000002
-0.641309
-1.01645
-0.387392
0.5032810000000001
0.18276099999999998
0.110302
-0.8878280000000001
-0.647385
-0.370568
0.1105
-0.181675
0.117004
-0.9325760000000001
0.933919
0.311008
0.383527
-2.30152
0.61022
0.695876
1.00937
1.78721
1.36363
-1.04756
-0.39969499999999997
-2.16003
-1.15105
-0.362456
-1.28395
-3.1337
-0.46241899999999997
0.60069
1.3280299999999998
-1.90071
-0.32849
-0.407858
0.25446199999999997
0.13416199999999998
-0.242617
0.15296099999999999
1.3630799999999998
-0.9690030000000001
0.164704
1.22185
-0.32700999999999997
-0.526305
-0.8417209999999999
0.400978
0.337538
-0.160636
0.309977
0.309977
-0.23462800000000003
-0.23462800000000003
-0.581907
0.238117
-1.2690299999999999
-1.8296400000000002
-1.2699
-0.15646
0.34842
0.7616189999999999
0.426374
0.719951
1.29995
-0.37552399999999997
0.482995
1.6602400000000002
0.666132
-0.864848
0.9602790000000001
-0.448963
-0.373759
-0.6794359999999999
0.788243
-0.14336600000000002
-0.45355100000000004
1.46571
3.3507800000000003
-1.3850200000000001
-1.3120399999999999
0.13229200000000002
-0.7801899999999999
0.41990500000000003
0.0222625
0.043647000000000005
0.0238439
1.0108
-1.76079
-0.25914899999999996
0.394295
-0.207702
-0.406798
-2.30186
0.165235
0.0649391
-0.158602
-2.4486
1.0862399999999999
0.620782
0.278055
0.9793540000000001
-0.236585
-1.19835
1.29148
1.47161
-0.894035
0.23738
0.0
-0.026408799999999996
0.643235
0.332044
-0.319382
-0.265048
-1.27874
-1.0083799999999998
-1.53472
-1.3210899999999999
0.26068
0.501188
1.09314
0.130748
0.563405
0.5485300000000001
0.0878922
-0.171904
0.189211
-0.925932
-0.42543400000000003
1.7731
-0.360622
-1.08197
-3.15709
-0.79981
-1.7721
-0.682608
0.508346
1.5914700000000002
0.218244
-0.5554560000000001
0.143626
-0.495753
-0.533194
-0.0886586
-0.12573299999999998
0.211702
0.30308
-0.577172
0.47880100000000003
0.32993
0.34729299999999996
0.9955860000000001
0.779405
-0.399073
-1.6805900000000003
0.08619249999999999
-0.501552
2.20159
2.20159
-1.1934
-0.57898
0.285878
-0.28412800000000005
0.566531
-1.38704
0.728488
1.44918
0.171823
0.171823
-0.290674
0.34274299999999996
0.8348200000000001
-0.305042
0.412613
-0.98836
-0.537511
0.38211300000000004
0.20692800000000003
0.471696
1.5390000000000001
0.0589045
0.29517899999999997
3.3109900000000003
0.7694949999999999
1.56199
0.9478559999999999
-1.27636
0.9459790000000001
1.9275
-0.112847
1.51844
1.51163
-0.042173300000000004
0.330982
2.33521
0.800962
-0.23592600000000002
0.04391880000000001
0.696912
0.259765
0.317311
0.9114399999999999
-0.9867610000000001
0.735823
1.23458
-0.5255350000000001
1.43261
1.50858
0.542538
-0.239973
-0.35226
0.107492
-0.49437700000000007
0.44647600000000004
-1.39393
0.35284299999999996
0.0189327
2.36668
2.3742099999999997
0.594494
1.08255
0.8589110000000001
0.763141
0.936472
0.9838969999999999
2.263
0.280003
0.35267600000000005
0.26083
0.725017
0.129512
0.7175279999999999
-0.403913
-0.354864
0.935193
-1.24891
0.40725700000000004
0.18043199999999998
-0.54308
-0.262826
0.900768
0.164575
-0.5043340000000001
-0.44464
-0.247608
-1.07195
-1.31871
0.22411999999999999
-0.163485
1.07142
1.31776
-0.40729699999999996
-1.44759
-0.784987
1.1053
-0.872965
1.5287899999999999
-0.515803
-0.0831843
0.201062
0.0324913
1.1692200000000001
-0.15801800000000002
-0.15801800000000002
-0.348529
0.510043
0.484785
-0.756433
0.204859
-1.9050099999999999
1.10538
-0.221933
0.3831
1.18256
1.49957
1.13242
-0.168587
1.1444
2.42443
1.00371
0.0464917
-0.931852
-0.523505
1.46266
1.1140299999999999
0.35479499999999997
1.01274
0.7178770000000001
0.833974
0.12064100000000001
0.667842
0.8861469999999999
0.325924
1.19452
0.361605
0.909301
-1.0461200000000002
-1.0483
0.719381
0.309521
0.859309
-0.201598
-0.28133600000000003
-0.798212
0.2808
-0.330836
0.38311799999999996
0.0759427
0.0759427
1.6093600000000001
0.57547
0.6557350000000001
-0.371678
0.208957
-1.63409
0.719627
1.4669999999999999
-0.739923
-0.7897310000000001
0.321419
0.592823
-0.200656
-0.505437
-0.671606
0.384459
-0.47391700000000003
-2.0920099999999997
0.138688
-1.34645
-0.98054
-0.597201
0.756007
0.0553677
1.05566
-0.33464
-0.9741290000000001
0.51502
0.65901
-0.272314
-3.01222
-3.02602
-1.5720299999999998
0.200174
