-0.29130900000000004
-0.446407
0.911008
0.455766
1.17107
-0.347296
-0.0277488
-0.164864
0.371143
-0.24109299999999997
0.882342
0.37194
0.37194
-0.417217
0.660231
-1.21801
-0.312214
0.24656199999999998
-0.0953805
0.689697
-0.202647
0.7830739999999999
0.674006
-0.797506
-0.782934
-0.030409500000000003
-0.1361
-0.828376
-0.33576500000000004
-0.33576500000000004
-0.564318
1.4759200000000001
1.0438399999999999
1.77073
0.029595999999999997
1.5881
1.50073
1.0311700000000001
0.42442799999999997
0.722888
0.898284
2.9071
1.16454
-0.06394069999999999
0.0507333
-1.51619
-0.52251
1.01535
-0.0851904
-0.26214499999999996
-0.298144
0.34795
0.469289
-0.7740060000000001
-0.0407218
-0.113969
-0.325293
-0.145905
1.63551
-0.8725430000000001
-0.300157
0.390858
0.642737
0.8342620000000001
-0.628315
0.212509
0.261374
-0.07817439999999999
0.9437969999999999
0.00277978
0.000904469
0.00210429
-0.632837
-0.741581
1.0609899999999999
1.0609899999999999
-0.41375100000000004
-0.301107
-0.290313
-0.111344
-0.25303600000000004
0.180569
-0.393717
-1.20925
-0.0268264
-0.46871499999999994
-0.692527
-0.523574
-0.395183
-0.846665
1.04979
-0.757376
0.0837812
-0.29179499999999997
-0.276966
0.515494
0.803255
0.9852870000000001
-1.63226
-1.6528200000000002
0.299356
-0.43273100000000003
-0.499954
-0.7022689999999999
-0.578154
0.612873
0.256081
0.0773383
-2.48725
-0.729055
-0.161744
-0.022474400000000002
0.0493783
-0.100148
-0.420137
-0.44654799999999994
-0.20214100000000002
0.361615
-0.68747
-0.43174300000000004
0.16274
-0.11970599999999999
0.0704961
-0.20744400000000002
-0.12394200000000001
-1.19287
-0.664614
0.5048199999999999
-0.342617
-0.810802
-0.873361
-0.08196139999999999
-0.49412700000000004
0.67494
-1.1562299999999999
-0.11532200000000001
0.149919
-0.612333
-0.486275
-0.396009
-0.322241
0.176947
-1.15862
-0.8673219999999999
-0.719079
-0.727342
-0.8522290000000001
-0.8821690000000001
-0.46895299999999995
0.528044
-0.016086600000000003
0.535046
0.617872
1.76758
0.779118
0.0281658
-1.96743
1.07687
1.69563
-0.10993
-0.102243
0.970548
-0.40010500000000004
-0.6538470000000001
-0.10238799999999999
0.0271288
-0.794556
-0.519925
-0.048149300000000006
1.27777
1.18652
1.54164
1.54164
0.12623499999999999
0.12623499999999999
1.14665
0.48692399999999997
1.41039
-0.666957
-0.577033
-0.220219
-0.04039980000000001
1.5662399999999999
0.220894
0.163944
0.59463
0.8578450000000001
-0.31864000000000003
1.9269999999999998
-1.40245
-2.5678799999999997
0.8228489999999999
-0.668538
0.35470100000000004
0.0233832
-0.271801
-0.607011
0.0166815
-0.44018999999999997
0.28735700000000003
-0.776227
-1.12584
-0.809884
-0.391596
-0.6265729999999999
-1.6514400000000002
-1.08653
-0.261998
0.299711
0.989468
-0.407787
-1.53661
-0.509245
0.33670100000000003
-0.608956
-1.49482
0.689842
0.0856978
-0.500159
-0.45515200000000006
0.119859
-0.10113899999999999
-0.053432400000000005
0.00557076
-0.520774
-0.694392
-0.779235
-0.5445979999999999
0.391291
1.9770299999999998
-0.0376202
0.136724
0.288576
-0.548546
-0.740341
0.0878872
-0.867714
-0.806736
-0.657438
1.6539099999999998
0.23854899999999998
0.0427758
-0.643828
0.446588
0.18774200000000002
-0.11961199999999998
-1.7466700000000002
0.04604280000000001
0.07802869999999999
0.0576953
1.46099
-0.29394699999999996
-1.66831
-1.8906599999999998
-3.7073099999999997
-0.05279580000000001
0.45815
0.0285185
1.5190700000000001
0.359657
-0.54743
-0.645147
0.167106
-0.154353
-0.39022199999999996
0.419401
0.26126900000000003
-0.8234670000000001
-1.0042200000000001
0.579395
0.899328
0.971475
2.0172
1.1474600000000001
-0.0888069
0.560699
1.66274
1.59901
-0.675387
-0.675387
-0.305663
2.70915
0.449229
-0.282921
0.32509099999999996
0.577662
1.03136
0.87884
1.62012
1.62012
-0.533017
0.534558
-0.183383
-1.08666
-0.139769
-1.03188
-1.3784
-0.0525095
0.646732
-0.051747400000000006
0.847612
-0.0485641
1.10789
0.38183
0.12673099999999998
-1.7744099999999998
0.0107066
0.609527
2.11904
1.04011
-0.08075510000000001
0.360338
1.19446
2.60473
0.619448
0.767509
1.03158
-1.2302799999999998
-0.13706600000000002
0.617985
0.24445
-0.807135
1.69278
-0.583341
-0.6123
-0.19905499999999998
1.16695
0.41716400000000003
0.0575572
1.7413599999999998
0.263156
-0.508031
0.363203
-0.128937
0.432821
1.14188
1.89695
0.6980770000000001
0.45451400000000003
3.0851900000000003
0.7065640000000001
0.260293
-0.040411800000000005
0.597828
-0.11508
-0.31900100000000003
0.0964737
-1.06491
-0.022617599999999998
-0.502029
0.697729
0.654425
0.293042
0.331646
-0.0311557
0.440968
-0.64462
0.349039
0.557298
0.183843
0.8464780000000001
0.48993000000000003
0.0694818
0.572261
-1.61602
-1.48928
-0.273607
-0.873252
-0.279198
-1.05554
-0.258235
0.772687
0.38961799999999996
0.9059370000000001
-0.63615
-0.283954
-0.00637895
1.24919
-0.402887
-0.314154
-0.305173
0.954751
1.7092900000000002
0.952802
0.952802
0.402368
-0.382787
-1.61679
-0.150978
0.298714
0.342246
1.29836
-0.0204644
0.756741
0.228327
0.24773299999999998
-0.309906
-0.0116697
0.663671
1.58948
0.254154
0.503166
0.343074
0.22101500000000002
0.195395
0.5073449999999999
0.623256
1.03415
0.62007
-0.284145
0.682728
0.638045
-0.540625
-0.047361400000000005
0.7037
0.0624179
-0.366552
-0.0041397
-0.23852600000000002
0.8283309999999999
0.181642
0.018872999999999997
0.0488927
0.516614
0.205481
0.217664
-0.60641
-1.2938399999999999
0.055385500000000004
0.055385500000000004
1.23791
-0.134394
0.29954899999999995
-1.03088
-0.246254
-0.621221
0.343099
1.7824400000000002
-0.467991
0.43707799999999997
1.48259
0.61565
1.44879
0.16211
0.502041
-0.24921300000000002
0.221752
1.30035
1.15585
-1.85537
-0.6854979999999999
-0.130548
2.23334
0.463211
1.1126200000000002
0.358053
0.191702
0.26719899999999996
0.792381
-0.0192156
-0.350826
-0.2471
-0.08686289999999999
-0.25427
