0.0914797
0.404382
0.17840699999999998
1.15421
2.77508
1.67346
0.9507540000000001
0.47908900000000004
1.1273600000000001
0.014949299999999999
1.6932
0.8687469999999999
-0.5288109999999999
-0.15659800000000001
-0.07244260000000001
3.97516
1.12214
-0.658934
-0.6687350000000001
0.171735
0.110765
0.576204
-1.0814700000000002
1.84338
0.5848760000000001
3.5767599999999997
1.79751
0.73011
1.45297
0.604939
0.462049
0.424666
1.0524799999999999
1.16402
1.0025
3.5532
-0.445917
-0.229696
1.69101
-0.577097
-0.363196
0.357552
-0.24738400000000002
-0.127545
1.1038
0.588938
0.8446819999999999
-0.283038
1.31276
-0.721109
2.2351099999999997
1.11163
0.809127
-0.07106799999999999
0.530396
0.438758
2.0849900000000003
0.621574
2.36675
0.10214
0.169271
-0.817245
0.09937080000000001
2.43187
0.00159307
0.614996
0.32814299999999996
0.00255726
0.926753
-0.161629
-0.550455
0.603324
2.90196
0.887983
2.59179
3.1328099999999997
3.40947
3.7318800000000003
-0.754815
2.91509
4.03899
0.547983
1.76885
-0.535265
0.600967
1.0971
-0.000603795
0.181203
1.6753200000000001
-0.9175690000000001
1.17403
0.12708
1.55554
2.20102
3.5876
1.0759100000000001
0.211488
1.25275
0.187748
2.01015
1.09015
2.22345
2.02819
0.8447969999999999
1.29982
0.0654944
1.5026700000000002
2.24768
-0.182299
0.476997
2.1057099999999997
0.127217
0.00414708
1.3544
0.278765
1.30061
0.864663
-0.0159993
-0.398535
-0.0374457
2.1322099999999997
0.2938
0.160328
0.12365
0.382257
1.5951
0.17693
4.1264
2.49232
0.78937
4.14751
0.195
1.01375
0.0640434
-0.626706
0.41585
0.548623
1.28902
1.7019400000000002
-0.19371
0.189341
0.897806
-0.565686
2.0482
1.28532
2.55428
-2.47777
-0.100244
3.07789
4.2345
-1.01763
0.249453
-1.00671
-0.18711
0.5236810000000001
3.2460299999999997
0.202931
2.85443
-0.28309
3.887
-0.463082
2.08648
3.96757
1.18261
-1.3363399999999999
-0.0005119559999999999
3.9925900000000003
2.47309
0.993849
3.0843
-0.45646499999999995
-0.0854087
-0.9987520000000001
2.0259099999999997
2.64235
1.93913
-0.418156
5.2821
-0.643744
-0.408263
3.19656
0.41726899999999995
2.1992700000000003
3.28309
-1.55102
2.25149
-0.304614
1.3963
0.13531400000000002
0.677563
-2.20543
2.2558700000000003
0.16894800000000001
0.0892892
4.037669999999999
0.677837
-0.2267
0.37813800000000003
-1.3864100000000001
2.8683799999999997
0.667009
2.18063
1.96522
2.18879
1.73937
3.23317
3.3563099999999997
1.48333
1.63749
0.6992510000000001
4.06516
2.37771
0.0819564
0.0421158
1.7459799999999999
-0.706063
2.89118
-0.97173
-0.535792
4.29663
-1.27157
3.58429
-0.6569729999999999
2.53684
2.19165
4.02905
-0.29175700000000004
1.01409
-0.7901060000000001
-0.0154524
-0.12885
3.03372
-1.39355
0.6045550000000001
1.01302
4.281680000000001
-0.94385
-0.14566099999999998
-0.47742700000000005
-0.112168
-1.05671
1.59815
2.1511
2.8894599999999997
0.013727600000000001
-2.3959200000000003
2.23329
1.27929
0.201938
0.014737799999999999
0.558828
3.8526199999999995
1.84738
0.945948
0.776083
3.0560099999999997
3.33972
-0.42429399999999995
-1.2760799999999999
1.65515
2.1724799999999997
2.96265
4.11643
2.40996
2.88092
-0.0291082
0.364603
0.38454099999999997
-0.853086
0.7328859999999999
2.18135
-0.433075
0.360504
1.98045
3.71466
1.31733
-0.6265930000000001
-1.3242
3.6014699999999995
0.519646
-0.762412
0.37529
-0.21981900000000001
0.9441799999999999
-0.46252
0.249888
-1.46375
-0.536691
-1.7006599999999998
-0.171983
-0.531181
0.145321
-1.67203
-0.277077
-0.11488
-0.5957560000000001
-0.7608159999999999
0.434971
-2.5457
-0.541389
0.175765
0.0
0.0
0.0
-1.04849
-0.09739389999999999
-1.4735200000000002
-0.12984400000000001
-0.373868
-1.9294200000000001
0.566725
-0.40313000000000004
0.0
-0.383923
0.7449319999999999
-1.4064
-0.781759
0.145084
-1.3698299999999999
0.0
-1.05098
-0.5844
-0.175207
-0.664427
-0.824362
0.179951
0.316374
-0.0856345
0.0874809
-0.0795301
0.114407
0.981397
0.0631289
-0.8499180000000001
0.0
0.325909
-0.671687
-0.92496
-0.22465
-0.42059399999999997
0.134245
0.807791
0.0070965
-0.8218219999999999
-0.12106099999999999
-0.736557
0.41535299999999997
-1.0083600000000001
0.0
-1.8159299999999998
0.470487
-0.266059
-0.741116
0.395648
-0.405356
-0.729408
0.0
-0.895975
-0.0936933
0.0243235
-1.39689
0.028468900000000002
-1.2259799999999998
0.375201
-1.4312
-1.1205100000000001
0.62234
-0.700919
0.134826
-1.55694
0.156074
0.8556969999999999
1.19928
-0.700179
-1.47147
-0.612558
-0.441723
-0.539589
0.54737
-0.324861
-1.26411
-0.605402
-0.7948729999999999
-0.9236489999999999
0.300249
-0.629058
-1.06714
0.140487
0.23531799999999997
-2.19797
-0.465085
-0.646987
0.87775
-1.4656200000000001
0.534589
1.21815
0.492142
0.26590199999999997
0.0
-0.224863
-0.565046
-0.652111
-1.00852
-0.254128
-0.22762
0.0
0.392681
-2.05912
0.658062
-0.266031
-0.57211
0.5523100000000001
-0.16368
-1.02388
-0.454651
-1.04254
-1.77374
0.297609
0.0
0.151246
-1.9335900000000001
-0.9778530000000001
0.0
-0.6787380000000001
1.07465
-0.429525
0.25424800000000003
-1.40949
-0.0997654
-0.757528
0.19727
-0.48846300000000004
-0.679017
1.2364600000000001
-1.0092
0.18581199999999998
-0.217806
-0.284946
-0.318591
0.0
-0.164479
-0.24077600000000002
-0.26864299999999997
0.225742
-0.0851172
1.83712
-0.896334
-1.24079
0.12073900000000001
-0.440013
-0.46031099999999997
0.5822689999999999
-0.76969
1.40475
-0.0420525
-0.0887509
-0.5622590000000001
1.86442
-0.45236000000000004
0.0
0.138567
-0.192458
-0.722959
-0.9433440000000001
-0.659524
-0.8977649999999999
-0.48467200000000005
0.49026800000000004
-1.68734
-1.3273
-0.728843
0.396883
-0.775662
0.0748072
-0.755508
-0.732254
0.992611
-1.38065
-0.07132589999999998
0.251402
-0.912781
-0.38554
-0.568979
0.357299
-0.0823168
0.699004
-0.48422200000000004
-1.23963
-0.5484939999999999
-0.053026699999999996
0.24055900000000002
0.0597205
-1.0225899999999999
0.7433310000000001
0.480862
0.027189599999999994
0.16309300000000002
-0.945343
1.2436
-0.20649499999999998
-0.13411800000000001
-0.0261824
0.0
-2.03687
0.26563600000000004
-1.41224
-0.162313
-0.537519
-0.0561693
-0.552343
-0.799243
0.284511
-0.287271
0.227706
-0.5082979999999999
-0.9725440000000001
-0.291574
-0.9492799999999999
-0.0890439
0.5262819999999999
-0.983665
-0.144073
0.763725
-0.379677
0.994292
-0.632433
-0.861756
0.368956
-0.23894899999999997
-0.45282
-1.40293
0.0
0.40069
0.585464
-0.141775
0.0497888
0.303721
0.589796
0.0
0.384355
0.9839120000000001
-0.010837399999999999
-0.333811
0.241564
-0.20091900000000001
-2.52183
-0.88055
-0.489809
-0.8341040000000001
-1.66793
-1.12992
-1.26017
-0.098098
-0.244761
-0.838659
-0.8200219999999999
-0.585129
0.255461
-0.976656
0.0
-1.3819
-0.293035
-1.4985700000000002
-0.691836
-3.0055099999999997
-2.1410299999999998
0.0
1.9249
-0.755447
0.062681
0.0
-0.521652
-0.24051199999999998
0.5189560000000001
0.0
-0.7040270000000001
0.144319
0.048695
-1.20449
0.485874
0.139061
-1.32621
-0.554541
-0.39332
-1.05449
0.307125
-1.07915
-0.0714568
-0.30233699999999997
-0.70133
-0.0122578
0.07196469999999999
-0.322411
-0.467552
0.108196
-0.185411
-0.38514
-0.38085399999999997
0.335652
0.0362088
-0.523072
0.6675760000000001
-0.27066
0.0463263
0.704344
-0.341175
0.26361100000000004
-0.433832
-0.110981
-1.53522
0.13461700000000001
-0.752533
0.12507100000000002
-0.41042
-1.15015
-1.196
-0.254832
-1.17826
0.116203
0.729716
0.265309
0.46125200000000005
-0.497363
-0.188612
-1.16111
0.0
-0.135518
-0.499541
-0.769644
-0.9454450000000001
-0.51345
0.0
-0.295061
-0.315052
1.1687100000000001
-0.134012
-1.4933299999999998
0.817779
-1.8087900000000001
-0.186559
0.0980216
-0.6204430000000001
-0.131649
-0.638365
-0.613916
0.981714
-0.534062
-0.4926
0.0
-0.263869
-0.421342
-1.0286899999999999
-0.499179
-1.09027
-0.191118
-0.350638
-0.12725899999999998
-0.525887
-0.881689
0.6962510000000001
-0.38009699999999996
0.24286
0.176464
-1.27416
-0.157906
-0.286128
-0.244804
0.201561
-0.179878
-1.6846
-0.0826111
-0.297259
0.15609800000000001
-0.898481
-0.24187399999999998
-0.854456
0.0
-2.10942
0.8653799999999999
0.0615861
-0.271719
-0.870719
-0.886775
-0.133154
-2.0036400000000003
0.0
-0.23200199999999999
0.0
-0.03768
-0.609479
-1.23558
-1.1677799999999998
-0.383696
-0.0378355
-0.295158
-0.547246
0.583854
-1.9005400000000001
0.628376
-1.55382
0.13972
-0.42584700000000003
0.508383
0.226885
-0.614897
-0.787783
-0.41080500000000003
1.2501200000000001
-0.9543020000000001
0.00404621
-1.54641
-0.287425
-0.0310106
-0.250469
0.0837232
0.287159
-0.37251100000000004
-0.474864
0.0
-0.0802172
1.05006
-0.500367
0.213277
1.89238
0.304473
-0.8382059999999999
-0.573904
0.266575
-1.49291
-0.303748
-0.890877
-0.29843600000000003
-0.187994
0.43622299999999997
-0.8262520000000001
-1.37006
-1.11745
0.43250200000000005
-1.98455
-1.21999
-0.624858
-0.694465
-1.11211
-0.533237
0.0369141
-0.395362
-0.0853949
0.172421
0.534512
0.0
-0.545896
-0.256575
0.274938
0.327281
0.610111
0.26668400000000003
-0.037032800000000005
0.0076101
0.661888
-1.47688
0.913014
0.26621
-1.32237
0.0439594
0.0
-0.692351
-0.6510050000000001
-0.571293
-0.9839680000000001
0.08119320000000001
0.176584
-0.616524
-0.315054
-2.04085
0.676181
0.658949
0.38403699999999996
0.174404
-0.42767200000000005
-0.788567
-2.13875
-2.25178
-0.429148
0.0
0.335832
-0.181618
0.0
-1.63696
-0.82465
0.0119485
-0.251673
-1.03975
-1.49149
-0.7812520000000001
-0.555701
-1.5394700000000001
-0.114934
-0.23171599999999998
-0.9484549999999999
-0.394843
1.08887
0.49026800000000004
-0.986426
-0.195431
0.347577
0.292274
0.287553
0.0
0.5340520000000001
-0.204251
-0.6865680000000001
1.3161
-0.10741700000000001
0.157442
0.20707399999999998
0.0
0.0
-0.0195731
0.0193743
0.23118699999999998
-0.9269069999999999
-0.879913
-0.489016
-1.08491
-0.27644
-0.502454
0.0
-0.931485
-0.683567
-0.156444
-1.1356700000000002
0.0
-0.456477
-0.0903164
-0.352666
-1.2792
0.014191999999999998
-1.4001
-0.434478
-0.7228289999999999
-1.3683
0.424967
0.139011
-1.08084
0.262006
1.45844
-0.5001359999999999
-0.23325500000000002
-0.41863
0.400525
0.032833499999999995
-0.488938
0.0190851
-0.6425810000000001
0.0938197
-0.725255
-0.44232200000000005
-0.673345
-0.210819
0.719512
0.6091840000000001
0.367701
-1.63945
-0.13816900000000001
-0.43898400000000004
0.515714
-0.623848
-1.80205
0.886051
0.052394399999999994
0.104405
-0.26466100000000004
0.671171
-0.0565452
-0.634081
-0.09492510000000001
-0.241446
0.11797300000000001
-1.1278
0.643204
-0.172459
-0.472591
0.0180163
-0.282584
0.029308999999999998
0.658071
-0.377576
-0.249373
-0.517228
0.0046588
-0.25014899999999995
-0.0788319
-0.549231
-0.809467
-0.51972
-0.480547
-0.446111
-0.642482
-0.42455299999999996
-0.230935
0.0
-0.627659
-0.367969
-0.25043899999999997
-1.77453
-0.438042
-0.613069
-0.9046290000000001
-0.15649000000000002
0.24004699999999998
0.463863
-1.4762600000000001
0.211829
-0.17488199999999998
0.14891600000000002
-0.878179
0.593212
-0.582075
-1.56372
-0.5034069999999999
-0.6213890000000001
0.633851
1.5044899999999999
0.0
-1.09897
-0.397094
0.0
-1.83607
-0.6939270000000001
-1.06819
-0.45777399999999996
0.402025
0.0
-0.448141
0.145627
-0.650388
-0.00502041
-0.251709
-0.9539120000000001
-2.59271
0.0299471
-0.18241
-0.9447270000000001
0.0
0.0
-0.691503
-1.31748
0.0
-0.280048
-1.09819
-0.8602709999999999
0.592721
0.190072
-1.02874
0.564915
0.38949
-0.867499
