0.685307
0.627273
0.904299
0.8662559999999999
0.7111609999999999
0.713214
0.15399100000000002
0.43870600000000004
0.485521
0.6887
0.749316
0.547736
0.547736
0.615217
0.521378
0.9525680000000001
0.618959
0.804805
0.6024109999999999
0.688569
0.480991
0.6220829999999999
0.542794
0.575758
0.732759
0.379176
0.49428500000000003
0.282542
0.20847399999999996
0.20847399999999996
0.474545
0.16891099999999998
0.739101
0.610598
0.783991
0.545319
0.321825
0.669098
0.552508
0.37011
0.8153020000000001
0.5522
0.37105
0.331789
0.305551
0.588244
0.8699629999999999
0.618446
0.407121
0.419023
0.63688
0.342632
0.846728
0.34876399999999996
0.476137
0.562656
0.524962
0.37706300000000004
0.386117
0.490645
0.835734
0.374421
0.39866799999999997
0.47358599999999995
0.547894
0.39147
0.836952
0.640029
0.7994680000000001
0.7340909999999999
0.624588
0.741699
0.590064
0.594643
0.693409
0.693409
0.464312
0.64972
0.560477
0.536241
0.543289
0.691049
0.63885
0.9096049999999999
0.768755
0.347648
0.755764
0.683333
0.793747
0.742898
0.8091109999999999
0.682776
0.901283
0.852274
0.579882
0.806331
0.7860149999999999
0.559874
0.755813
0.823419
0.560716
0.883784
0.602883
0.871245
0.838458
0.533655
0.312319
0.40678400000000003
0.586957
0.783626
0.748857
0.84335
0.6390319999999999
0.669283
0.754462
0.644173
0.6844779999999999
0.626141
0.6250859999999999
0.568889
0.205127
0.6002970000000001
0.418551
0.818713
0.8136
0.8950620000000001
0.620054
0.683032
0.355263
0.607459
0.608626
0.738096
0.687725
0.545144
0.780961
0.168453
0.42157799999999995
0.508905
0.8691059999999999
0.9367129999999999
0.7062649999999999
0.6273479999999999
0.39114899999999997
0.846511
0.8274440000000001
0.871676
0.70935
0.814103
0.598023
0.6026859999999999
0.846894
0.20214000000000001
0.588196
0.411967
0.20164100000000001
0.743939
0.622116
0.5656439999999999
0.7249720000000001
0.6476109999999999
0.810597
0.684136
0.792061
0.739541
0.7959510000000001
0.610433
0.800248
0.787875
0.8992540000000001
0.752596
0.17208199999999998
0.14073
0.14073
0.61553
0.61553
0.6127779999999999
0.789095
0.6543329999999999
0.715476
0.588889
0.690164
0.8451049999999999
0.787543
0.8561989999999999
0.45685200000000004
0.852632
0.5720770000000001
0.36866
0.702264
0.710484
0.672817
0.616787
0.637931
0.80474
0.655188
0.613518
0.5934149999999999
0.691819
0.778122
0.480696
0.724021
0.640077
0.625505
0.589338
0.720946
0.861245
0.8671690000000001
0.8002859999999999
0.695297
0.796578
0.715108
0.8394729999999999
0.48529700000000003
0.22802199999999997
0.5994619999999999
0.626931
0.461909
0.8608969999999999
0.5081399999999999
0.595306
0.769137
0.6994239999999999
0.803122
0.6412939999999999
0.701418
0.6675300000000001
0.828966
0.6597189999999999
0.710861
0.901724
0.8338690000000001
0.662129
0.336805
0.47553999999999996
0.764444
0.506938
0.8409030000000001
0.7658
0.157407
0.726228
0.89071
0.377661
0.9293170000000001
0.9256280000000001
0.914819
0.941315
0.716867
0.642857
0.691842
0.5575979999999999
0.481703
0.608085
0.678017
0.5714229999999999
0.40425500000000003
0.8376899999999999
0.866766
0.90845
0.7808510000000001
0.8488870000000001
0.6844939999999999
0.784478
0.944891
0.668009
0.833859
0.921906
0.665633
0.892176
0.657054
0.793345
0.800475
0.23184699999999997
0.509899
0.64173
0.390756
0.811796
0.906767
0.778821
0.540008
0.540008
0.7851819999999999
0.105171
0.187067
0.73164
0.619888
0.374855
0.762372
0.655421
0.334972
0.334972
0.56192
0.8481049999999999
0.764392
0.7457630000000001
0.7114550000000001
0.63964
0.8809520000000001
0.8580760000000001
0.735155
0.8776370000000001
0.897014
0.32958699999999996
0.857858
0.508939
0.340943
0.287451
0.696408
0.739809
0.683955
0.465479
0.792392
0.812075
0.35366
0.08074160000000001
0.811017
0.5654060000000001
0.905766
0.374862
0.7306010000000001
0.381105
0.758993
0.263542
0.436159
0.59601
0.757976
0.5531739999999999
0.735667
0.571847
0.9046930000000001
0.753735
0.437378
0.47830500000000004
0.42961099999999997
0.42684099999999997
0.7025100000000001
0.559267
0.37204899999999996
0.6174930000000001
0.027476999999999998
0.558076
0.459218
0.105229
0.465789
0.692855
0.8593139999999999
0.7790779999999999
0.703059
0.609559
0.771211
0.653062
0.714721
0.561472
0.862682
0.768844
0.741302
0.737229
0.8627549999999999
0.8711610000000001
0.64095
0.613747
0.631288
0.784881
0.824317
0.6000810000000001
0.726945
0.806285
0.8356959999999999
0.789906
0.792131
0.760007
0.617257
0.344262
0.78293
0.7252350000000001
0.776201
0.684196
0.828699
0.841666
0.795142
0.7198439999999999
0.612748
0.74697
0.365083
0.317182
0.317182
0.6014149999999999
0.622071
0.5069779999999999
0.8082060000000001
0.6681520000000001
0.8209219999999999
0.7689020000000001
0.597121
0.662942
0.726159
0.27463000000000004
0.502151
0.78094
0.6604300000000001
0.478566
0.5977979999999999
0.8089
0.5270229999999999
0.831456
0.652485
0.6897300000000001
0.815443
0.819973
0.779371
0.482149
0.775659
0.5544560000000001
0.797194
0.692901
0.797167
0.743426
0.667725
0.7268060000000001
0.7665350000000001
0.503209
0.540412
0.8740020000000001
0.661796
0.5733
0.761822
0.8390129999999999
0.811305
0.7090380000000001
0.736486
0.736486
0.692946
0.7383810000000001
0.8509620000000001
0.880193
0.798165
0.7557550000000001
0.741624
0.868662
0.554561
0.533818
0.820048
0.643772
0.624836
0.761523
0.742247
0.781994
0.654013
0.696002
0.8457450000000001
0.8872399999999999
0.9171459999999999
0.8763989999999999
0.57386
0.750835
0.467142
0.662237
0.626581
0.375239
0.46
0.717893
0.713065
0.430357
0.567944
0.6137859999999999
