-0.0729094
0.19070299999999998
-0.189708
0.384461
3.18127
1.74357
0.380227
0.30525
0.562975
0.724989
0.6134
1.3008
-0.45535600000000004
0.303001
0.336607
4.27816
2.01465
-0.296654
0.262818
-0.0277099
0.40826799999999996
-0.39295599999999997
0.323283
2.9439599999999997
-0.726659
2.85087
0.488262
0.180868
0.9996010000000001
0.849101
0.36046999999999996
0.657207
0.8537100000000001
1.52649
2.20872
2.74697
-0.290671
-0.6572520000000001
2.3469599999999997
-0.8530719999999999
0.146473
2.65243
-0.667203
0.228645
2.26531
0.465967
1.0279200000000002
0.361728
1.01233
-0.627895
2.0253
0.9981260000000001
-0.028643900000000003
1.02655
-0.028441200000000003
0.220097
0.916091
0.6701199999999999
2.2517400000000003
0.974447
0.174103
-0.5410560000000001
1.34858
1.4601600000000001
0.7143430000000001
1.16619
0.23704099999999997
-0.236948
-0.49136199999999997
-0.342445
-0.401006
0.781183
1.79383
0.516514
1.1664
2.9361099999999998
1.1592
2.46407
-0.953464
3.9308400000000003
2.78352
1.16729
1.31361
-0.30895500000000004
0.0407278
0.954017
1.4585
0.326637
-0.813947
-0.48523900000000003
-0.18746500000000002
-0.18601099999999998
1.09588
0.992022
3.71564
0.584959
-0.549909
1.92585
0.059771500000000005
1.55512
-0.562716
2.66392
3.95778
0.8369049999999999
1.03946
-0.04432
1.61706
0.384741
-0.43735100000000005
0.327757
1.19755
-0.29590500000000003
-0.1331
1.24737
0.908676
0.0957219
-0.22182
-1.0750899999999999
0.519807
-0.0290697
1.90473
0.37758200000000003
0.393608
-0.18663
-0.446637
0.865503
0.871165
3.5987400000000003
1.06314
1.29785
2.96821
0.420125
0.9761190000000001
0.4172
-0.688884
0.788825
-0.11023
2.29725
1.8268900000000001
0.6445850000000001
0.9343870000000001
1.11543
-0.7173649999999999
0.9859399999999999
0.171195
1.91947
-2.0055400000000003
-0.75429
1.2364600000000001
2.73219
-1.3719299999999999
-0.18299
-1.99249
0.479628
0.356048
0.629391
-1.68303
1.03281
-0.31875
3.4431800000000004
-2.26055
0.399975
2.88383
0.466512
-0.612708
0.499857
1.3073700000000001
0.468822
0.696427
0.833195
-1.24458
-0.5735060000000001
-0.0371491
1.04916
2.4603599999999997
1.19654
-2.30516
3.45422
-0.8434159999999999
-0.219151
2.40536
-0.118193
0.977456
1.3040399999999999
0.460642
1.01981
-1.18855
0.0729155
0.662079
0.345321
-0.814814
0.822118
0.35186999999999996
-1.15323
2.21092
0.14829
0.170266
-0.752678
-0.8809950000000001
0.802762
0.368929
1.12824
1.90871
1.5838700000000001
0.162786
1.98184
2.17959
-0.0410462
-0.47472299999999995
0.725584
3.05681
2.73853
-1.4779200000000001
-0.665153
0.767262
-0.510476
1.12189
-0.709411
-1.13209
1.35553
-0.619801
1.8525099999999999
-0.233138
1.93858
2.19618
2.8351
-1.53039
0.058873699999999994
-2.1425400000000003
-0.27250100000000005
-0.0113766
1.3757700000000002
-1.7179099999999998
0.584068
1.75794
3.10203
-0.801002
0.800138
-0.891583
0.00605703
0.0789037
0.645383
1.8417599999999998
3.55139
-0.728835
-0.5899979999999999
0.514843
0.43278
-0.149048
-0.21541100000000002
-0.307847
2.24379
1.48108
0.279951
0.344037
1.7842
1.88306
-0.92894
-0.46453599999999995
0.845506
1.9469999999999998
1.9140700000000002
2.4298599999999997
0.8741770000000001
1.60006
0.11658699999999998
0.0212922
0.262494
0.711191
1.14143
0.0904296
0.015824500000000002
0.713803
1.6653200000000001
1.97548
0.419049
-1.00158
0.189782
3.47692
-0.461218
0.27878600000000003
-0.21463000000000002
-0.09798480000000001
0.687758
-1.39294
-0.056601599999999995
-1.6866900000000002
-0.514421
-2.08575
-1.9320599999999999
-1.72281
0.108824
-0.405369
0.544027
0.24674000000000001
-1.4973299999999998
-0.477245
-1.04659
-0.961116
-0.06978200000000001
-0.22175100000000003
0.0
0.0
0.0
-0.184836
-0.434188
-0.383562
-0.14291099999999998
-0.19611800000000001
-0.568805
0.5413359999999999
-1.29221
0.0
0.265266
0.463154
-1.36268
0.082968
0.784658
-2.88137
0.0
-1.5019200000000001
0.10648599999999998
1.34122
-0.559657
-0.8808860000000001
-0.8520209999999999
-0.650435
-1.14419
-0.399563
-0.592002
-0.8848280000000001
1.72635
-0.164941
-0.569328
0.0
0.102843
-1.6615
-0.327633
1.4279
-0.7665069999999999
-2.16378
-0.0653855
-0.586316
-1.3449
-0.462251
-0.591487
-0.0118332
-0.807381
-0.318181
-0.18985
0.915811
-1.20851
-1.60982
-0.397254
0.774555
-0.261547
0.0
-0.084888
0.40666199999999997
-2.21866
-1.37799
0.30448800000000004
-0.567155
0.11293199999999999
-1.0207600000000001
-1.9334900000000002
0.387081
0.22340300000000002
-0.677752
-0.26469699999999996
-0.11083499999999999
0.47833100000000006
0.52274
-1.0979999999999999
-1.49774
-0.8988450000000001
-0.0822626
-0.503346
0.6210220000000001
0.398951
0.044915699999999996
-0.632105
-0.6048279999999999
-1.6567
-0.487468
-0.294049
-1.26207
-0.409298
0.270544
-1.51166
-1.3883
0.26729200000000003
-0.345508
-1.09596
-1.6306100000000001
0.51042
-0.651519
-0.22075999999999998
0.0
-0.797524
-0.386966
0.504359
-2.15767
0.021977299999999998
0.345907
0.0
1.0089299999999999
-1.25908
-0.636105
-0.0813865
1.64241
-0.11562599999999999
-1.6695099999999998
0.148251
0.172421
0.111322
0.42152
-0.355444
0.0
-1.30351
-1.37701
-0.199568
0.0
0.48702700000000004
1.27508
-0.7389439999999999
-0.784191
-1.6653099999999998
-0.260921
-0.626458
-0.08007410000000001
-0.385081
-2.03547
0.518027
-1.19935
0.23478400000000002
0.35275300000000004
-0.46267700000000006
0.30809699999999995
0.0
-1.0280200000000002
-2.08315
-0.0112444
-0.167683
0.325264
1.91058
0.022112700000000002
0.181998
0.17935299999999998
0.726378
-0.258669
-0.134914
-0.249381
0.835851
-1.51268
0.11498
-0.283054
0.33281700000000003
-0.8919100000000001
0.0
0.777725
0.620758
0.838183
0.0
-0.21611599999999997
-0.811067
0.433982
0.0
0.12256900000000001
0.7469399999999999
-0.0643501
-2.53743
-0.845764
0.18078699999999998
-0.33195399999999997
-1.02411
-0.33972199999999997
-1.15165
0.8555520000000001
0.030421800000000002
-0.230875
1.1579700000000002
-0.21419899999999997
-0.156695
0.502329
0.8076479999999999
0.48986899999999994
-1.01807
-0.5803550000000001
-0.284326
-0.13456400000000002
-0.192129
-0.523273
0.216219
0.502129
-0.24008000000000002
-0.7210310000000001
-0.307653
-0.0803442
0.439075
0.105386
-0.526623
0.0
-0.513127
0.47508500000000004
-0.8899590000000001
0.429565
-1.01185
-0.323853
-0.901215
1.30634
0.5159020000000001
-0.006321500000000001
0.5873229999999999
-0.45223800000000003
0.044693199999999995
-0.980786
-0.8706290000000001
0.030125700000000002
-0.175656
-0.8479040000000001
0.0712029
0.21861
0.667903
0.55712
-1.3138100000000001
0.500052
-1.84502
0.30880599999999997
0.111517
-2.15267
0.0
0.393667
-0.0400537
-0.26612800000000003
0.210761
0.08528519999999999
-0.446669
0.0
-0.7454069999999999
0.736178
0.0833862
0.12299500000000001
0.428816
0.394385
-3.11053
0.437878
-0.151421
-0.0909756
-0.359058
-0.975727
-0.0338236
-0.12798199999999998
-0.0391975
-1.29389
-0.632268
-0.6699109999999999
0.406775
-0.8836879999999999
0.0
-0.723198
-1.7469700000000001
0.792878
-0.446089
-0.708742
-1.22383
0.0
-0.42733999999999994
-0.11729
-0.016792599999999998
0.0
-0.375712
0.0190998
1.2343899999999999
0.0
-0.0199019
-0.39474899999999996
-1.01803
0.0803145
-0.397169
0.060999199999999996
-0.210721
0.0564346
-0.877875
-0.422037
0.325841
-0.320301
0.9750129999999999
-0.032985400000000005
-0.43788
0.541095
0.352161
0.042919900000000004
1.0012
-0.347164
-0.199413
0.238288
-0.31351
-0.27505
-0.23140300000000003
-0.700712
-1.02215
0.27127199999999996
-0.275654
-1.4001700000000001
-0.897976
0.64786
-1.59146
-2.59323
-0.48289899999999997
-0.0734889
-0.9662959999999999
-0.0194503
0.18403
-0.269669
-1.4231200000000002
0.224766
-0.101901
1.9937099999999999
0.026156400000000003
-0.0804938
0.403536
-1.3015299999999999
-0.051972199999999996
-0.456099
0.0
-0.556466
-0.512867
0.24113400000000001
-0.00886683
-0.174397
0.0
0.0
-3.31485
1.14077
-0.0477522
-0.258182
0.154584
-2.35553
-0.299711
-0.107025
-0.318693
-0.16478900000000002
0.13081600000000002
-0.565186
0.163271
-0.38705700000000004
-1.64357
0.0
-0.384524
-0.375699
-0.280977
-1.09006
-1.60827
0.0459631
-0.328532
-0.345457
-0.25199099999999997
-0.09461950000000001
-0.676294
-0.676099
-0.09097360000000002
-0.528836
-1.8106
0.278292
-1.01063
-0.07675549999999999
0.46259300000000003
-0.252765
-1.5417399999999999
-0.032868699999999994
-0.684778
-0.298559
-0.0856595
-0.693539
-0.24297600000000003
0.0
-1.46814
0.353912
0.648148
-1.22767
-0.000729245
0.317834
-0.6332810000000001
-2.45108
0.0
0.168486
0.0
-0.5555720000000001
-2.08473
-0.264335
-0.634899
0.21834
-0.115336
-1.29403
-0.811521
0.314008
-0.366002
0.035079
-1.07282
-0.44886400000000004
0.15474300000000002
0.524095
-0.400574
-0.616391
-0.803484
-1.46536
0.8471690000000001
-0.292933
0.36020100000000005
-0.914784
0.8924219999999999
-0.718739
-0.954749
-0.187055
0.7203649999999999
0.317688
0.00219813
0.0
-0.44752299999999995
-0.151001
-0.21404099999999998
-0.27374899999999996
0.528967
-0.7418279999999999
-0.947082
-0.806318
-0.319608
-1.95252
-0.736507
-0.0602063
-0.41909300000000005
0.192438
-0.197997
-0.00475785
-1.02318
-0.526523
0.529569
-3.08708
-0.904897
0.349601
-2.53954
-0.706047
-1.6064399999999999
-0.822566
-0.331805
-0.7873720000000001
-0.122777
-0.0199329
0.0
-0.326804
0.27881500000000004
-0.601748
-0.9040379999999999
-1.07754
-0.09661549999999999
-0.48134099999999996
-0.748905
1.1625299999999998
-1.57758
0.270352
0.655541
-0.0404806
-0.577745
0.0
-0.5231140000000001
-1.7721200000000001
-0.683275
0.612366
-1.6989
-0.0535072
-0.95378
-0.761694
-1.71524
-1.16111
0.7076279999999999
-0.637637
-0.37233499999999997
-1.2706899999999999
-0.16485999999999998
-1.68187
-2.57078
-0.411263
0.0
0.379479
0.28681100000000004
0.0
-0.3645
-0.051072900000000004
-0.512894
-0.282456
-0.377874
1.6094899999999999
0.156121
-1.63392
0.30632600000000004
-0.289583
-0.669659
0.135022
-0.513835
0.539143
-1.3513899999999999
-1.20137
0.298288
-0.9870680000000001
0.561987
0.400092
0.0
-1.1957200000000001
-0.34356
-0.0489541
1.11734
-1.45756
-0.458769
-0.031038
0.0
0.0
-0.46251000000000003
0.80276
-0.341869
0.0571732
-0.0694293
-0.928831
-1.05864
0.115719
-0.0899691
0.0
-0.011907700000000002
0.9611040000000001
0.553421
-0.900727
0.0
-0.955084
-0.810868
0.265389
-1.24981
-1.01177
-0.556446
-0.504236
0.21078200000000002
-0.7322069999999999
-0.32572
0.650961
-0.275494
-0.18699100000000002
0.505329
-0.396462
0.424079
-0.11189
0.300904
0.609346
0.350591
-1.44554
-0.0963316
-0.366076
0.182099
-0.173848
-2.22417
-1.52789
0.095752
-0.11149500000000001
0.6461180000000001
-0.884899
-0.28694200000000003
-0.812028
-0.58089
-0.854125
0.151776
0.028473599999999998
0.21285500000000002
0.00365971
1.38434
-0.905001
-1.0906
-0.9489920000000001
-0.9085479999999999
-0.465758
0.15479400000000001
-0.391499
-0.031100799999999998
-0.7087180000000001
-0.163116
0.040384500000000004
0.396258
1.00447
0.0900372
-0.530654
0.142051
-1.18097
-0.202381
-0.415404
1.22348
-0.590201
-0.7778729999999999
0.21585500000000002
0.10305
-0.742889
0.057356
-0.508641
-0.437974
0.0
-0.6502140000000001
0.271935
0.375575
-1.2329
-0.47305600000000003
-0.717483
-0.419288
0.28210999999999997
-0.179004
0.257589
2.0095099999999997
-0.11868599999999999
1.0361200000000002
1.25871
-1.1820700000000002
-0.16433599999999998
-0.7175779999999999
-0.844269
-1.24363
0.225437
-0.167355
-0.49632600000000004
0.0
-0.394937
-1.74816
0.0
-1.69976
-1.49124
-0.904176
-1.61986
0.309501
0.0
-1.5629
0.0353768
-1.0531700000000002
0.985409
-0.722691
0.0847808
-2.26865
0.8845360000000001
-0.354107
-0.12329100000000001
0.0
0.0
-0.17858800000000002
-1.86611
0.0
0.47777600000000003
-0.6661159999999999
-0.681179
0.401516
0.46616899999999994
0.13508499999999998
0.9878299999999999
-0.34134699999999996
-0.7900050000000001
