0.134708
0.8447020000000001
0.887791
0.6463840000000001
1.94357
1.68635
0.286489
0.0746192
0.66743
0.674597
1.66325
0.853455
-0.24311300000000002
-0.12119100000000001
0.188672
3.54575
1.1858899999999999
-0.51677
-0.32256
-0.319764
0.116336
0.686641
-0.0693799
2.29262
0.314203
3.4263
0.335511
0.49704799999999993
0.887329
1.01894
1.4512
0.417338
0.572067
0.9997280000000001
0.29441300000000004
3.95586
-0.0519323
-0.0620561
1.16396
-0.610796
-0.0485733
0.958471
-1.13004
-0.00242701
1.59141
0.592425
0.278647
-0.0491418
1.1028200000000001
-0.21040999999999999
2.1452299999999997
0.737512
-0.113071
-0.226811
0.295666
-0.266317
1.33545
0.231248
1.9916099999999999
0.32322
-0.325435
-0.631729
0.015119299999999999
1.39303
0.644389
0.10355
0.251209
0.198251
0.265771
-0.49047799999999997
0.0465692
0.384577
2.2040599999999997
0.916518
3.04862
2.45797
2.7825599999999997
3.44781
-0.644634
3.08775
3.2729
0.120976
1.59404
-0.43778199999999995
1.17279
2.30898
0.08197839999999999
0.447085
0.374112
0.8145899999999999
0.942825
0.683541
0.712859
1.14867
3.2737700000000003
1.7346700000000002
0.861301
1.54636
0.931114
1.90673
1.35303
2.00698
2.05068
0.295072
1.09426
1.22154
1.46845
1.67425
-0.233344
0.273381
1.00986
0.19295
0.771935
1.26817
0.812493
0.5457310000000001
0.957989
-0.790377
0.25206
-0.114401
1.93862
1.0897299999999999
1.15731
0.10583599999999999
0.277413
1.58428
0.6175510000000001
4.55778
2.0451599999999996
0.914048
3.22885
0.495904
0.782741
-0.7302029999999999
-0.43354499999999996
1.21681
1.43169
1.4980000000000002
2.0889
0.9793270000000001
-0.365552
0.9783959999999999
-0.227478
1.0857700000000001
1.31072
1.8665200000000002
-1.32964
0.656287
2.0394799999999997
3.1503200000000002
-0.43185500000000004
0.208448
-2.60636
-0.426913
0.5840380000000001
2.86749
0.12992599999999999
2.74262
-0.999324
3.5321
-0.45894700000000005
1.8427900000000002
3.60531
0.9431950000000001
-0.619587
-0.09806139999999999
2.44483
2.01083
1.06762
2.1816400000000002
-0.23095100000000002
0.75355
-1.31355
1.34722
2.42582
1.82265
-0.921049
4.42664
-1.29672
-0.0932352
2.82197
-0.21185199999999998
1.70311
2.3984
-1.26765
2.18313
-0.637529
0.6176560000000001
0.717112
0.940255
-1.02132
2.1451
0.535313
-1.01135
4.11525
0.83329
0.0274032
0.227134
-0.0469847
1.8562299999999998
0.32107399999999997
2.1009900000000004
1.5152700000000001
2.55248
1.82191
2.81812
2.94557
1.50363
0.7713909999999999
1.2657
3.22116
1.96098
-0.23684000000000002
-0.443799
1.89565
0.0737705
2.42386
-2.08228
-1.11016
1.07037
-0.616254
2.5031
-0.7275550000000001
2.6952599999999998
2.07032
3.19185
-1.1764700000000001
0.594902
0.550561
0.20706999999999998
-0.173576
1.93881
-1.01793
1.56775
0.48030600000000007
4.02473
-0.955785
-0.770659
0.5103310000000001
0.24032399999999998
0.406104
1.3282399999999999
2.6893700000000003
2.60732
-0.341079
-1.29205
1.75768
0.696702
-0.426662
-0.129573
0.122797
2.9106400000000003
1.52124
0.9886219999999999
-0.0413233
2.33992
2.40278
-0.45972299999999994
-0.706819
1.49326
2.3117400000000004
3.31969
3.49694
2.16712
1.7760900000000002
0.337065
-0.12364800000000001
0.534035
-2.09154
0.7779
1.40683
-0.9493969999999999
1.06561
1.97832
3.05234
2.14289
-1.1060299999999998
-1.02783
2.55678
0.31542
-0.80676
0.682001
0.49711000000000005
0.894015
-0.580643
-0.164054
-1.54164
-2.22566
-1.34691
-0.763563
-0.886817
-0.606301
-2.70494
-0.00645514
-0.380666
-0.420191
0.133597
0.773203
-1.23776
0.039081599999999994
-0.0844185
0.0
0.0
0.0
-0.993343
0.216625
-1.25794
-0.600981
-0.47835900000000003
-0.9190219999999999
-0.044936300000000005
-1.2229700000000001
0.0
-0.20031
0.862815
-2.18594
-0.00837757
0.30244899999999997
-1.51758
0.0
-1.18391
-0.1129
0.0443286
-0.318741
-0.9743729999999999
-0.95005
-0.043077
-0.382882
0.0440256
-1.00445
-0.13108
0.459667
-0.593308
0.32995399999999997
0.0
0.445524
0.225557
-0.645016
0.16941900000000001
-1.05569
-0.574224
0.327071
0.5161939999999999
-0.679886
-0.101499
-0.957957
0.5029100000000001
0.33505799999999997
0.0
0.5920300000000001
0.620206
-0.42016400000000004
-1.08197
-0.09263660000000001
-0.395073
-0.055463900000000003
0.0
-0.51766
-0.47642799999999996
-0.869748
-1.00201
-0.23307199999999997
-0.506022
-0.303105
-0.909112
0.0430565
0.06915299999999999
-0.174066
0.388302
-1.38065
0.197749
0.580874
0.979102
-1.3378
-2.2290799999999997
-0.9645540000000001
-0.0276997
0.034468
-0.539585
-0.93243
-1.07415
-0.923509
-0.477509
-0.9828979999999999
0.0545453
-1.6424900000000002
-0.703763
-0.523541
-0.00986742
-1.31198
-0.239614
-1.01683
0.642088
-1.47691
0.207806
1.09502
0.401208
0.35226399999999997
0.0
-0.668887
-0.879834
-0.686754
-1.9235900000000001
0.0473246
0.29017
0.0
0.518245
-1.41563
-0.5751930000000001
0.22243200000000002
0.183696
0.402088
-0.47011899999999995
-1.25199
-0.015145500000000001
0.27310500000000004
-0.720759
-0.625213
0.0
-0.45532399999999995
-1.50786
-0.9908889999999999
0.0
-0.755367
0.928535
-0.235906
0.772415
-1.34228
0.0407027
-0.7239180000000001
0.561399
-0.416497
-2.07564
0.556296
-0.9964629999999999
0.524734
0.688376
-0.0766353
-0.397348
0.0
-1.2008299999999998
-0.030179900000000003
0.443338
0.108925
0.704071
1.0817299999999999
0.606362
-1.46781
-0.459201
0.429025
-0.732259
0.37859699999999996
-0.06898489999999999
-0.012688600000000001
-0.254756
-1.10555
-0.52962
-0.479434
-0.840666
0.0
-0.03825680000000001
-0.8580479999999999
-0.256181
-1.9908099999999997
-0.690433
-1.1787299999999998
0.6502180000000001
-0.170968
-1.20179
-0.736344
-0.929908
-2.16655
-0.523243
-0.556837
-0.646196
-0.148451
-0.22268200000000002
-0.740909
-0.12051500000000001
-0.388838
-1.09277
0.20681999999999998
-0.45315200000000005
-0.292265
-0.819508
-0.035137800000000004
-0.537744
-1.04447
-0.725681
0.513835
-0.058377899999999996
-0.123575
-0.749182
0.332356
0.394752
-0.667435
-0.947415
-0.764224
-0.21536100000000002
-0.822026
-0.30806500000000003
0.0473047
0.0
-0.761764
0.564769
-0.840849
0.152263
-0.414962
-0.037630000000000004
0.181315
0.111746
-0.5544680000000001
0.159933
0.689463
-0.45507600000000004
-0.028844799999999997
-0.205692
-0.786821
0.439089
0.8757799999999999
-0.254424
0.0484695
-0.311934
-0.651406
0.676307
-1.14139
-0.18761
-1.29637
-0.8199299999999999
-0.28223400000000004
-1.01338
0.0
0.44951599999999997
-0.189141
0.504134
-0.147076
-0.40131700000000003
-0.16058
0.0
0.580527
0.474625
-0.00203566
-0.898443
-0.392823
0.554713
-1.68845
-0.7226319999999999
-1.32711
0.0338005
-0.9996010000000001
-1.3399
-1.3382100000000001
0.178116
-0.106482
-0.9933290000000001
-0.857218
-0.71015
-0.00678686
-0.565785
0.0
0.7243
-1.53996
-1.90631
-1.0857
-1.89048
-0.554195
0.0
0.7226319999999999
0.142286
-0.213428
0.0
-0.688411
-0.44313
0.36746100000000004
0.0
-0.917552
0.442895
-1.39257
-0.286063
-0.031303899999999996
-0.5074529999999999
-0.23134699999999997
-0.105032
-0.745567
-0.702693
-0.299538
-0.669086
0.25913400000000003
-0.254666
-0.944627
-0.80157
0.375417
-0.324502
-1.38855
0.109072
-0.490216
-0.13003900000000002
0.265329
0.746872
-0.260442
-0.45442
0.586299
0.118745
-0.4427
0.022627200000000004
-1.08077
-0.0108176
-0.264876
-0.890178
-0.8469450000000001
-0.421303
0.6758850000000001
-1.1588
0.187081
0.982474
0.0409497
0.0261517
-0.0285567
0.12649000000000002
-0.00496454
-0.546991
0.076322
-0.135156
-0.801954
-0.5722430000000001
0.0
0.12211
-0.598779
0.21255900000000003
-0.597122
0.408356
0.0
0.0
-0.8478540000000001
1.1593
0.600738
-0.406233
0.861137
-2.2279299999999997
-0.73546
-0.779659
-0.663197
-0.706112
-0.7438239999999999
-0.146062
-0.0225176
0.177118
0.200423
0.0
0.00371873
-0.12455899999999999
-0.705807
-0.47831899999999994
-1.20197
-0.046712199999999995
0.768966
-0.761422
0.0403372
-0.485166
0.70708
-0.41150299999999995
-0.327383
0.18440499999999999
-1.03282
-0.172798
0.07766519999999999
-0.170968
0.637103
-0.539883
-0.355644
-0.827427
-0.588929
0.13225699999999999
-0.446533
-0.285945
-0.778536
0.0
-2.60757
0.164412
0.48019700000000004
0.736729
0.298946
-0.261629
-0.00949078
-2.12984
0.0
-0.777335
0.0
0.104024
-0.40782399999999996
-1.23509
0.549655
0.312546
0.647943
-0.9507120000000001
-1.2516100000000001
-0.0761613
-1.7531400000000001
0.72947
-1.64687
0.102143
-0.921241
1.29874
-0.09897689999999999
-0.32874699999999996
-0.640833
-1.10284
0.18906900000000001
-0.360406
0.0119179
-1.45074
-0.46798199999999995
-0.359119
0.736287
-0.25276
-0.491192
-0.791067
-0.670696
0.0
1.07228
0.348642
-0.622836
-0.15242999999999998
1.58704
0.0242922
-0.6945399999999999
-1.0373700000000001
-0.495007
-1.31833
-0.129
-0.353833
1.13327
0.423329
-0.877459
-1.01738
-1.06535
-0.243263
-0.0526773
-0.0953352
-0.239927
-0.22080100000000003
-0.5799529999999999
-0.25348000000000004
-0.42008199999999996
-0.289655
-0.677618
-0.339699
0.23956999999999998
-0.0785455
0.0
-0.275355
-0.666064
-0.398134
-0.861402
0.283709
-0.26351199999999997
0.08001060000000002
0.07223439999999999
1.17545
-0.799612
0.59895
-0.14853
-0.256392
-0.032048
0.0
-0.738514
-1.1074899999999999
-0.212594
-1.18577
-0.224269
-0.199706
-0.6591130000000001
-0.070249
-0.92564
0.17365999999999998
0.629471
0.7294579999999999
-0.488408
-0.16178199999999998
-0.7349
-2.3026
0.5113850000000001
0.8985280000000001
0.0
-0.357618
0.286113
-0.170968
-1.55857
-1.25411
0.12803299999999998
0.5015189999999999
-1.5327
-1.4169399999999999
-0.057415999999999995
0.150142
-0.333513
-0.469758
0.280411
-0.14543299999999998
-0.0974519
0.8393459999999999
-0.9261030000000001
-0.66922
-0.394115
-0.9416979999999999
0.661146
-0.33160100000000003
0.0
-0.517645
-0.23108099999999998
-0.569263
1.06942
-0.17050099999999999
-0.11928599999999999
0.7666930000000001
0.0
0.0
-0.23295300000000002
0.356061
-0.802164
-0.8905799999999999
0.685844
-0.14774
-0.585379
0.255861
0.198955
0.0
-0.255768
0.653688
-0.315628
-1.79685
0.0
0.110845
-0.025675599999999996
-0.382721
0.0706301
-0.38416100000000003
-0.575799
-0.210056
0.126471
-1.1636
0.2015
0.5475979999999999
-0.9679709999999999
-0.8753639999999999
-0.42433999999999994
-0.450029
0.107499
-0.100252
0.25959899999999997
0.6473909999999999
-0.05481180000000001
0.364845
-0.339171
0.402527
-0.5551649999999999
0.276791
-0.633074
-0.68947
-0.13214700000000001
1.3653
-1.10191
-0.44232
-1.1957
0.0565576
0.152375
-0.18996500000000002
-0.22687800000000002
0.529435
0.46993100000000004
-0.248873
-1.18244
-0.9436479999999999
-0.212483
0.229654
-0.479296
0.34172800000000003
0.00712321
-0.887811
0.805303
-1.25235
0.0351759
0.12057000000000001
-0.261992
0.11259200000000001
-0.13303800000000002
-0.9150729999999999
-0.23158099999999998
0.0218822
-0.912684
0.338217
0.733258
-0.555512
-0.263297
-0.524482
-0.413976
-0.9033959999999999
-0.163974
-0.950569
0.552349
0.0
-0.36141999999999996
-0.58104
0.137561
-0.223633
-0.394868
-1.64563
0.324108
0.46943100000000004
0.54923
0.22046999999999997
-1.14202
-0.524645
-0.26619299999999996
-0.249007
-0.356636
0.0504823
-1.05026
-0.8791680000000001
-0.0205523
-0.47705600000000004
0.566092
0.817654
0.0
-1.1092799999999998
-0.708222
0.0
-1.3833
0.060808600000000004
-0.21722600000000003
-1.27152
-0.134276
0.0
-1.45716
0.118948
-0.323491
0.854183
-0.0957558
-0.771113
-0.194528
0.161234
-0.141269
-0.339469
0.0
0.0
-0.0719035
0.627595
0.0
-0.716771
-0.8607870000000001
0.153722
1.20068
0.426021
-0.45044300000000004
0.202916
0.173996
-0.7071270000000001
