1.06608
0.207075
-0.46698100000000003
0.266918
-0.540706
-0.769004
1.8326900000000002
1.3610799999999998
0.5703550000000001
1.08552
-0.348909
0.47561899999999996
0.47561899999999996
-0.689026
1.42511
0.457987
-0.361325
1.55151
0.449136
1.22314
1.22304
1.0633700000000001
0.6520229999999999
0.810588
1.1806
1.84054
1.71078
1.79522
1.7920900000000002
1.7920900000000002
0.360531
1.2683
1.13001
1.27109
-0.611755
1.0693700000000002
0.158728
0.42286899999999994
0.26666
0.0218935
0.249176
0.056621000000000005
2.28308
1.05685
2.7202900000000003
0.307138
1.29926
0.287618
-0.635432
1.30585
-0.905914
1.94785
1.0158399999999999
2.1735599999999997
-0.255488
-0.699272
0.574327
0.456712
0.774401
0.5233260000000001
-0.0369469
1.13822
1.10002
0.417759
1.23435
0.10771700000000001
0.793868
-0.510042
1.48118
-0.421538
0.8717940000000001
-0.915688
0.7863020000000001
-0.0015027999999999999
-0.901652
-0.901652
-1.26001
-0.367696
-0.242588
-0.792288
-0.0553649
0.0684661
-0.812756
-0.564407
-0.3147
-1.40933
-0.0178026
-0.9086049999999999
-0.8143729999999999
1.0701
0.9920459999999999
-0.192025
0.049779699999999996
-0.310571
-0.727804
0.453902
0.19506300000000001
0.514487
0.15773199999999998
-0.9651770000000001
0.112496
-0.904826
-0.822892
-0.787849
0.5645939999999999
-0.897789
0.0672029
-0.0222698
-0.32161100000000004
-0.604237
1.06433
-1.32531
-0.841266
0.00918282
-0.34935
-0.434058
0.07647739999999999
1.76597
0.370427
-0.5542
1.57566
0.9891110000000001
-0.0188445
-0.233334
-0.257495
0.883
-2.16915
-0.4525
-0.570059
-1.93225
-0.224252
0.12048699999999998
-0.9941040000000001
0.274625
-2.28908
0.0723592
-0.084459
-0.435623
-0.924558
-0.657265
-0.9413090000000001
1.44692
2.51788
0.9329959999999999
0.211416
0.90465
-0.26201599999999997
-0.983245
-0.377011
-1.57097
0.292692
-0.666423
-0.052228
1.2234399999999999
0.716288
0.263205
-3.1147299999999998
0.48837700000000006
2.3624400000000003
-0.9426469999999999
-0.394785
0.812579
-0.257898
-0.660709
0.873244
0.0334336
0.735974
-0.441079
-0.136821
-0.24635700000000002
1.01778
0.640301
0.640301
0.222277
0.222277
-1.5247899999999999
0.23817
-0.384266
-3.00267
0.0361887
-0.455194
-1.37077
1.9897900000000002
1.4877200000000002
0.0315056
-0.0511974
0.21436100000000002
-0.106826
-0.755899
-0.605877
-1.11673
-0.450434
0.20084200000000002
-0.796215
0.49572700000000003
-0.40433600000000003
-0.6322720000000001
0.538738
-0.33315500000000003
0.674294
0.337544
-0.381278
-0.24153899999999998
-0.0930904
0.6839189999999999
-0.432726
-0.247292
0.353279
-0.500588
0.8578540000000001
-0.8854709999999999
-0.784483
0.241972
1.47884
0.691832
0.113773
-0.80402
0.45126000000000005
0.31488299999999997
-0.171098
-0.881215
-0.546064
-0.345516
-1.1134700000000002
-1.59271
0.829681
0.28013000000000005
0.06644320000000001
0.0963969
-2.1177200000000003
-1.58618
0.8428620000000001
0.825305
0.41428999999999994
-0.544601
-0.0362528
0.028353500000000004
-0.27357800000000004
-0.381293
0.8794379999999999
-1.39513
-0.917691
-0.452298
-0.454913
0.29591799999999996
0.194277
1.07904
-0.794035
-0.11281600000000001
0.26657
-0.041791699999999994
-1.321
-0.58423
0.0
-3.4733699999999996
-0.9898809999999999
-0.930408
0.171198
-0.198707
0.503872
-1.60927
0.260843
-0.35086799999999996
1.3972799999999999
0.029144099999999996
-0.8842139999999999
0.199594
-0.375316
0.22708299999999998
-0.49156700000000003
-0.27529000000000003
-0.11984700000000001
0.410473
1.6268
1.22624
0.232764
-0.248376
-0.19958399999999998
0.336928
0.336928
-1.30797
0.089173
1.7057200000000001
0.220871
0.7136319999999999
-0.1225
0.5210859999999999
-0.119245
0.49139399999999994
0.49139399999999994
1.19345
-0.587037
-0.44128100000000003
-0.580438
-0.769016
3.48498
-0.134418
0.26228
0.666722
0.10905
0.647382
0.035720999999999996
-0.962225
1.18413
1.1011600000000001
0.553104
-0.358643
-0.228794
0.238724
1.2571299999999999
0.779673
-0.148671
1.30669
0.77737
-0.0486295
0.542316
-0.247952
0.810176
0.10243699999999999
-0.0934291
0.6060369999999999
1.45164
1.26711
0.680824
0.713322
1.47294
1.0683
0.652065
0.45215200000000005
0.08008480000000001
-0.576476
0.134241
1.2305
0.817438
1.5890799999999998
3.4316400000000002
2.3328900000000004
1.7702099999999998
2.14793
0.5923149999999999
1.48696
1.12014
0.9262290000000001
0.622949
-0.178809
0.520981
0.9595440000000001
-0.701075
0.21618800000000002
0.102779
-1.0697
1.1909100000000001
-1.02637
-0.139522
-0.06824569999999999
0.257287
-0.48511899999999997
-0.7107760000000001
-0.09036430000000001
0.0675313
-0.034299300000000005
-0.40610300000000005
-0.7258560000000001
-0.640921
-1.6698400000000002
-0.42226099999999994
0.24460700000000002
-0.737939
0.227845
-1.32176
-0.128974
-1.31823
-0.476865
0.30064
0.13747
0.26506399999999997
-0.49613
-0.80976
0.0913926
0.327292
1.26072
0.321777
0.389469
0.727746
0.727746
-0.360674
-0.0750673
0.0054369
0.246707
0.21175500000000003
-1.11647
0.10215700000000001
0.835685
0.828061
-0.688609
0.673995
0.9549139999999999
0.524882
0.102927
0.580662
0.15962
-0.0636385
-0.102815
-0.31893699999999997
-0.83255
-0.153869
-0.69931
0.17591800000000002
0.772278
0.0821701
1.09605
1.05705
0.41176499999999994
-0.445097
0.00776113
0.291602
1.8355
0.0861052
0.288162
-0.480049
-0.45455500000000004
0.530933
-0.835375
-0.9017200000000001
0.272758
-0.516482
-0.037194300000000007
-0.435697
-0.685524
-0.685524
0.5571020000000001
-0.14437
0.10999500000000001
-0.7393390000000001
-0.44633
0.439854
0.9847530000000001
-0.459679
-0.629223
-0.449937
-0.311755
-1.1866700000000001
0.783948
0.770151
-0.5194840000000001
-2.31625
0.9010100000000001
-0.717749
0.147891
0.673608
1.7659099999999999
-0.538547
0.09631
0.829574
1.20566
0.0825878
0.145402
-0.056754
0.33879699999999996
-0.311157
-1.06342
-1.7958
-1.20365
-0.48034899999999997
