0.309721
1.2049
-0.39834400000000003
2.02942
3.83565
1.58748
0.147161
0.164167
-0.332362
-0.32421500000000003
3.35753
1.4544
0.08400310000000001
0.5778260000000001
-0.26511599999999996
3.92485
0.534081
-0.5804239999999999
-0.537079
0.0591938
0.973419
0.352544
-0.729979
2.53825
0.11779500000000001
4.6977
3.0482
0.8760680000000001
-0.222746
2.18531
0.137853
0.272029
0.491792
2.12232
0.937198
4.44891
-0.22539499999999998
-0.108322
1.98092
0.720112
-0.193908
0.630659
-0.844191
0.415206
0.5669420000000001
0.9347209999999999
0.7771779999999999
-0.16147999999999998
3.31734
-0.47697799999999996
3.18245
0.369977
0.24891100000000002
-0.476699
-0.47336000000000006
-0.05707280000000001
3.32755
0.154417
3.82131
0.286455
-0.870922
-0.725759
-0.5283640000000001
4.108230000000001
-0.788722
0.564653
0.0137923
0.138356
0.32914
-0.686833
0.13071300000000002
0.338884
2.92203
0.824267
4.92751
3.0343
3.7418199999999997
3.9705699999999995
-0.279853
4.38336
5.64446
-0.323448
3.77515
-0.016784099999999996
0.684972
3.02835
-0.367983
1.2684
1.45771
0.656832
1.26555
-0.186094
2.29962
4.528519999999999
3.6151699999999996
2.87607
0.893287
2.32895
-0.49508199999999997
3.71383
1.79036
3.4932300000000005
3.5961199999999995
0.322696
2.06897
-0.22469699999999998
2.41188
4.070790000000001
-0.563575
-1.06828
3.44443
-0.5874189999999999
1.8277700000000001
1.2610700000000001
0.48303900000000005
1.84827
1.01426
-0.404133
-0.37191399999999997
1.1251799999999998
2.6395
0.24772399999999997
0.316755
0.9494100000000001
1.42852
2.07112
0.264544
5.04646
4.6354
2.4407
3.6608400000000003
-0.336136
2.27197
0.44366400000000006
-0.5972
0.24107699999999999
0.212513
0.532274
3.6798300000000004
-0.304654
0.400554
1.78598
0.122249
3.43939
2.6067400000000003
4.04294
-2.1836
0.375677
4.61621
3.63878
-0.531188
-0.205391
-1.58518
0.0696729
-0.0718974
4.02923
1.01344
4.66895
-0.3332
4.73822
-1.57047
3.7638300000000005
3.1852099999999997
4.07763
-1.43574
-0.430975
4.42408
4.754580000000001
2.52963
3.7595199999999998
-0.921057
-0.261691
-1.26071
3.30139
3.68506
3.66344
-1.05952
4.80546
-1.59943
-0.8541340000000001
3.6746300000000005
0.384218
3.12689
3.60909
-2.27988
4.01025
0.0464271
2.36642
2.24765
2.2611
-2.41818
3.55985
0.08859249999999999
0.0410825
4.28982
1.0069
-0.615055
-0.61683
-3.23095
4.05081
-0.783826
3.4276
2.11457
3.87806
4.27083
3.98268
4.29938
3.8764800000000004
3.46924
0.9045639999999999
4.95634
3.1223799999999997
-0.247664
0.00695945
4.677630000000001
-0.720144
4.16014
0.15535
-1.0318399999999999
4.524719999999999
-1.1041299999999998
4.2386800000000004
-0.0502071
3.61436
2.52466
5.31625
-0.21548699999999998
1.44959
-1.17493
0.10722999999999999
-0.52564
4.4032
-0.9200459999999999
-0.0697979
0.7142189999999999
4.6730599999999995
-0.46131400000000006
-1.28425
-0.32071900000000003
0.0362144
-1.8517299999999999
4.4263699999999995
3.31158
4.11836
-0.675375
0.199939
4.4606
2.55239
0.693441
-0.11123
0.611057
4.34285
1.88688
2.2495700000000003
0.362881
3.13482
3.4658599999999997
-0.23950500000000002
-0.171261
2.37089
4.31652
4.18043
4.890219999999999
3.91005
3.3394
-0.786722
-0.423849
-0.0718975
-1.6708900000000002
0.152719
3.9622699999999997
-1.52665
0.43337
3.45031
5.53228
3.7194300000000005
-1.11817
-0.406953
3.29015
-0.204956
-0.9590069999999999
0.5278390000000001
0.22859899999999997
0.0648953
-0.052226999999999996
-0.43111099999999997
-0.40797100000000003
-0.8581989999999999
-1.46793
-1.95745
-1.84618
-0.42681
-0.388508
-0.784015
-0.725942
0.156993
-0.7449
0.00768652
-1.32679
-0.183842
-0.229017
0.0
-4.09468
0.0
-0.43552299999999994
-0.715579
-1.71133
-0.39194
-1.03616
-1.36825
-0.166525
-0.322508
0.0
-0.361398
0.620963
-0.9983790000000001
0.45325299999999996
-0.332411
-0.49412799999999996
0.0
-0.848625
-0.044539800000000004
-0.9231360000000001
-0.95088
-1.23058
-1.59016
-0.33747699999999997
0.015166200000000001
-0.556764
-0.019316299999999998
-0.9440569999999999
-0.119131
-1.32705
-0.991617
0.0
-0.029217400000000004
-1.07769
-1.3979
-0.716874
-1.6708599999999998
-0.689327
-0.32202600000000003
-0.633853
-0.21949899999999997
-0.17131500000000002
-0.49718500000000004
-0.317367
-1.74003
-3.9369
-2.78701
-0.16503299999999999
-0.424454
-1.0301799999999999
-0.34129499999999996
-0.687685
-0.8286370000000001
0.0
-0.661233
-0.00134018
-2.57179
-0.350066
-0.7327739999999999
-1.79675
-0.25059899999999996
-0.7825949999999999
-0.5656680000000001
-0.46941499999999997
-1.12396
-0.183831
-0.555281
-0.6900609999999999
0.28844699999999995
0.580227
-2.26856
-1.71239
-0.238938
-1.56235
-0.7650359999999999
-3.28822
-0.805532
-0.21935
-0.0176738
-0.820089
-0.431492
-0.229017
-0.47026899999999994
-1.3359999999999999
-0.758833
0.785535
-1.9655
-0.795085
1.2745799999999998
-0.00196358
-0.310581
0.148988
1.00053
-0.652794
-0.302165
0.0
-0.93485
0.07762519999999999
-0.34275500000000003
-0.982167
-0.010290100000000002
-1.22496
0.0
0.0359182
-1.24124
-1.8272599999999999
0.215194
-0.43981099999999995
0.303032
-1.0245
-0.22532600000000003
-0.195321
-1.94992
-1.61773
-1.8357599999999998
0.0
-2.04316
-1.29716
-0.527429
0.0
-0.7033659999999999
3.3172099999999998
-0.92671
-0.0370703
0.135012
-0.43860200000000005
-1.02478
0.37978
0.0336943
-1.40485
0.6608
-0.407149
-0.270859
0.236474
-0.9436
-1.2175799999999999
0.0
-1.05755
-0.173308
0.6544260000000001
0.203264
0.387355
1.4933
-2.42833
-2.12854
-0.490996
0.288024
-0.615329
0.117001
-0.9083120000000001
-0.661736
-0.6435649999999999
-3.13775
-0.682237
2.03287
-1.18185
0.0
-0.218493
0.266264
-1.47177
-3.32409
0.16375599999999998
0.046157199999999995
-0.132855
-3.0693200000000003
-1.58714
-0.792771
-1.05887
-1.45818
-1.81255
-0.045909399999999996
-0.15145999999999998
-0.647108
-0.413717
-1.60786
-0.455225
0.621323
-0.0760205
-1.0664
-0.26451399999999997
0.040575
-0.8854139999999999
-3.7241
-0.116225
-0.303557
-0.127921
-0.692084
-0.133828
-0.10555199999999999
-1.0562799999999999
-0.0498366
-0.23575100000000002
-0.317375
-0.803678
0.38409099999999996
0.835559
-0.5636329999999999
-1.13019
0.23680700000000002
0.0
-0.21518299999999999
-1.14099
-1.00394
0.34186300000000003
-0.07011569999999999
-1.4306
-0.216991
-0.279513
0.378279
-4.18018
-0.355421
0.102845
-0.48354899999999995
-0.337621
0.314542
-0.42618100000000003
0.11498499999999999
-1.1007799999999999
0.49523199999999995
0.09295010000000001
-0.69155
0.0924721
0.21131
0.08400239999999999
-0.760714
-0.5094529999999999
-0.19537100000000002
-2.00422
0.0
0.23167600000000002
0.22283899999999998
-0.08383869999999999
0.0400973
0.127995
-0.476516
0.0
-0.562542
2.7612200000000002
-0.59682
0.26765100000000003
-0.225721
0.220898
-1.2807
-0.7587619999999999
-0.52528
-2.09477
-0.551014
-0.667927
-0.349084
-4.39444
-0.7476189999999999
-1.1106
0.53546
-0.284989
-0.514092
0.273198
0.0
-1.17476
-0.8654940000000001
-1.07596
-0.137474
-1.59122
-1.30518
0.0
2.5531099999999998
0.486008
0.744167
0.0
-0.700741
-0.271154
-0.498312
-4.30941
-1.01019
-0.27333
-0.381253
-1.30611
-0.0520961
0.151382
-0.9378059999999999
-0.47663500000000003
-0.7961520000000001
-0.5274310000000001
-0.639528
-0.746575
-0.232159
-0.333721
-1.33294
-0.8338629999999999
0.0920586
-0.07752569999999999
-0.175407
-1.0190000000000001
-0.23607899999999998
-0.79332
0.0724558
-0.38036
-0.110095
0.0969811
-0.2514
-0.6349600000000001
-0.622201
0.26819
-0.392876
-0.376253
0.25338099999999997
-0.40018899999999996
-1.47879
-0.5270560000000001
-0.146322
-2.3902200000000002
-0.9198719999999999
-1.33714
-0.24700300000000003
-0.522385
-0.920991
-0.223609
0.048163
0.708619
0.10576700000000001
-0.557782
-1.9297400000000002
-1.05958
0.0
-3.55524
0.336871
-1.18241
-0.380662
-0.372674
0.0
-4.14269
-1.47366
0.982088
-0.7565029999999999
-0.619631
0.676746
-1.99128
-1.11706
0.015441700000000001
-3.90317
-0.225491
-0.903524
0.395893
0.129697
0.43624799999999997
-0.7116140000000001
0.0
-1.35935
-0.529401
-0.304172
-0.29898600000000003
-1.12667
-0.322914
-1.15404
-1.2773299999999999
-0.236371
-1.14079
-0.330191
-0.272491
-0.0875216
0.381382
0.7540640000000001
-0.029257400000000003
-0.570642
-3.9902599999999997
0.7188100000000001
0.182907
-0.833158
-1.4113799999999999
-0.562746
-0.1091
-0.9109
-0.764916
-0.881548
0.0
-0.160831
-0.0255115
-0.24181799999999998
0.177847
-0.707374
-0.024721299999999998
-0.190155
0.22168600000000002
-3.65676
-0.491073
0.0
0.219957
-1.6314
-1.99259
-0.870566
-0.81971
-0.315862
-0.8751530000000001
-0.812344
0.280729
-0.339832
-0.18174200000000001
-1.09988
0.24744699999999997
-0.0238247
-0.953485
-0.7902710000000001
-0.167647
-0.883676
-0.225435
-0.48414700000000005
0.224881
0.263415
-1.55779
-1.38208
-0.295567
-0.27377199999999996
-0.339956
0.07379119999999999
-0.11440499999999999
-0.18515299999999998
0.0
1.07879
0.14766700000000002
-0.24905100000000002
-1.1794200000000001
-0.264193
-0.8238840000000001
0.324888
-1.6838799999999998
-0.24305700000000002
-0.564095
-0.866642
-0.322928
-0.180355
-0.7412880000000001
0.024031099999999996
-0.24890900000000002
-0.431062
-0.28162800000000004
-0.456971
-3.8730599999999997
0.610849
-0.955973
-1.53522
-3.11335
-0.4013
-0.24131
-0.818623
-0.031175900000000003
0.29270300000000005
0.195383
0.0
-0.22991599999999998
-0.018609
-0.0207066
0.195197
-0.9216979999999999
-0.337723
0.218392
-0.302241
0.812654
-1.59075
0.332821
-0.567772
-0.87265
-0.567972
0.0
-0.620805
-0.43609899999999996
-0.13388599999999998
-0.33918200000000004
-0.900583
-0.20994699999999997
-0.0387946
0.058535199999999996
0.065786
-0.309191
0.212425
0.30348800000000004
-0.44948299999999997
-0.267448
-0.9390290000000001
-1.24414
-2.2010400000000003
0.585136
0.0
-0.930791
-0.396242
-4.1946
-1.5957700000000001
-0.605255
-0.0919599
-0.126352
-2.36116
-0.46718699999999996
-0.747858
-0.36203
-1.02686
-0.0269812
0.31455
-0.684762
-0.348617
1.45997
-3.99674
-0.415815
-0.200746
-0.367183
0.361012
-0.194943
0.0
-0.31049
-0.021441400000000003
-0.637301
0.283448
-0.472088
0.8885569999999999
0.07892310000000001
0.0
0.0
-0.201475
-0.687283
-0.460585
0.16477
-0.442117
-0.795892
-0.641509
0.11788699999999999
0.15956700000000001
0.0
-0.7962819999999999
-0.781373
-0.302952
-0.820139
-4.27168
-0.250974
-0.33026300000000003
-0.689535
-1.5448600000000001
-0.0691995
-0.708808
-1.15435
0.210286
-0.627011
0.31346999999999997
0.01662
-0.857842
-0.667916
0.17051
-0.135945
-1.02471
-0.596681
0.627165
-1.0731899999999999
-0.36663
-0.128359
-0.302446
-0.232541
-0.708725
-1.26186
-0.33202
-1.80615
0.877589
0.640305
-3.75714
-0.238656
-0.543284
0.50921
-0.117601
-0.44241400000000003
-1.1300299999999999
0.911761
0.45526400000000006
-0.812012
-3.15143
-1.9539799999999998
-0.03454840000000001
-0.9952409999999999
-0.609065
0.23820100000000002
-0.233177
-0.689344
0.304175
-1.2805
0.434987
-0.74976
0.45032
0.63422
-0.110595
0.0248043
-0.585128
-0.365257
0.309215
-0.645703
2.14278
-0.557393
-2.82755
-0.66425
-0.466142
-0.969635
-0.62015
-0.358912
-0.876295
0.0
-0.41272700000000007
-0.88203
0.317126
-1.60982
-0.389484
-0.47877299999999995
0.0320241
-0.372711
0.030771100000000003
0.714383
-0.824361
0.132462
-0.6000260000000001
0.201202
-0.6786439999999999
-0.333313
-0.953657
-1.24581
-0.550007
0.14010699999999998
0.052863099999999996
1.75433
0.0
-2.52103
-1.76941
0.0
-0.369202
-1.08838
-0.273563
-1.3651
-0.166545
0.0
0.229829
-0.0661957
-0.29987600000000003
0.0054033
0.014137799999999999
-0.44018599999999997
-0.14118699999999998
0.00827585
-0.5283869999999999
-0.417545
0.0
0.0
-0.396348
-1.0328
0.0
-0.0477073
-2.1503799999999997
-0.563008
1.01956
0.0329714
-0.156816
0.036722199999999997
-0.714253
-1.00716
