0.400883
0.5028630000000001
0.419767
0.43065299999999995
0.0812388
0.397719
0.673249
0.49852700000000005
0.555754
0.87745
0.15090499999999998
0.464316
0.8593709999999999
0.723815
0.637296
0.022257299999999997
0.480786
0.836836
0.83334
0.776874
0.839145
0.46101400000000003
0.9028510000000001
0.416454
0.174776
0.0277504
0.20872
0.139693
0.767993
0.35170799999999997
0.8499909999999999
0.792775
0.442171
0.177885
0.465334
0.188372
0.57081
0.670357
0.34591700000000003
0.784519
0.844565
0.257859
0.801412
0.817615
0.397403
0.276397
0.524275
0.795884
0.150326
0.882718
0.23495300000000002
0.903502
0.668655
0.8234379999999999
0.64346
0.8518469999999999
0.34136500000000003
0.350267
0.167821
0.386851
0.809243
0.891732
0.724318
0.0107333
0.176173
0.241085
0.585036
0.865052
0.771504
0.42397399999999996
0.7045140000000001
0.596827
0.267689
0.223636
0.17811
0.207198
0.276358
0.117315
0.786198
0.011538
0.0504654
0.542661
0.172126
0.8288200000000001
0.41872200000000004
0.45504300000000003
0.525662
0.17899600000000002
0.272631
0.560823
0.370787
0.768875
0.305894
0.013544200000000001
0.021965400000000003
0.651076
0.315499
0.7032609999999999
0.546898
0.13575399999999999
0.284083
0.0861604
0.180505
0.701855
0.450122
0.847267
0.693037
0.0971567
0.7394189999999999
0.726816
0.40366199999999997
0.916892
0.35785100000000003
0.5241399999999999
0.7247399999999999
0.390288
0.59822
0.943427
0.871782
0.060315099999999996
0.125055
0.7279329999999999
0.8729979999999999
0.565425
0.528118
0.46190600000000004
0.797705
0.00212863
0.532841
0.296272
0.07387300000000001
0.754629
0.534204
0.667148
0.876343
0.485178
0.883233
0.186388
0.225512
0.739677
0.9096870000000001
0.8135
0.8218200000000001
0.124899
0.301218
0.05429439999999999
0.9277139999999999
0.869258
0.129643
0.141501
0.8340930000000001
0.8479899999999999
0.84819
0.018585499999999998
0.732159
0.22342800000000002
0.49610299999999996
0.187584
0.813055
0.0801905
0.808297
0.21993400000000002
0.0974037
0.034036000000000004
0.8474950000000001
0.8784190000000001
0.175992
0.0954025
0.46598500000000004
0.167155
0.9079780000000001
0.791053
0.842741
0.266982
0.182225
0.33889600000000003
0.8427549999999999
0.00578526
0.9496110000000001
0.8819020000000001
0.345476
0.818084
0.0987984
0.21167600000000003
0.8308260000000001
0.18074500000000002
0.918175
0.272177
0.24395
0.46951899999999996
0.7081850000000001
0.23212800000000003
0.708573
0.897407
0.150731
0.8355899999999999
0.8721909999999999
0.827659
0.8777879999999999
0.330136
0.8692620000000001
0.233179
0.725722
0.26329
0.0424214
0.338819
0.0908318
0.395598
0.188798
0.545599
0.041614599999999995
0.42134499999999997
0.836469
0.8471989999999999
0.24687399999999998
0.802136
0.197128
0.785439
0.8044680000000001
0.00351783
0.9145030000000001
0.150365
0.862825
0.12051300000000001
0.372519
0.10954900000000001
0.828752
0.45706899999999995
0.704624
0.887601
0.744861
0.16225799999999999
0.909228
0.6335970000000001
0.7900189999999999
0.0767919
0.792573
0.888057
0.886862
0.9468629999999999
0.700181
0.041563499999999996
0.374935
0.00282323
0.938434
0.760951
0.251709
0.24704600000000002
0.819383
0.926156
0.5514720000000001
0.0467843
0.304063
0.274169
0.5834189999999999
0.211684
0.12094
0.8292940000000001
0.881842
0.5706220000000001
0.210346
0.157199
0.021869
0.0748452
0.308329
0.928271
0.7951630000000001
0.765316
0.824631
0.724106
0.125057
0.872825
0.8250379999999999
0.283585
0.101833
0.0301103
0.706121
0.937103
0.0178827
0.890976
0.8604569999999999
0.817308
0.902042
0.805624
0.657552
0.752833
0.767654
0.8677159999999999
0.825578
0.8673709999999999
0.789246
0.8467
0.8340700000000001
0.860311
0.812646
0.684227
0.816276
0.74876
0.6585979999999999
0.912264
0.858957
0.0
0.0
0.0
0.803737
0.841082
0.708426
0.897115
0.6724439999999999
0.805342
0.867835
0.853807
0.0
0.855675
0.717684
0.810991
0.9167379999999999
0.718497
0.862216
0.0
0.893703
0.826614
0.873275
0.883208
0.5706439999999999
0.833623
0.8371940000000001
0.8406370000000001
0.950416
0.8847280000000001
0.834551
0.6632560000000001
0.8750040000000001
0.921035
0.0
0.531122
0.726367
0.783974
0.868662
0.8734120000000001
0.784396
0.789612
0.8191
0.8718239999999999
0.903322
0.9093
0.8860379999999999
0.9317350000000001
0.902439
0.843367
0.836872
0.8541350000000001
0.899593
0.80792
0.828348
0.8198780000000001
0.0
0.865547
0.832722
0.8817020000000001
0.876426
0.8177979999999999
0.876009
0.8645219999999999
0.804538
0.9234690000000001
0.907199
0.671914
0.686929
0.743879
0.8784489999999999
0.798248
0.755418
0.8965420000000001
0.809248
0.798502
0.8437969999999999
0.8258409999999999
0.894799
0.7591399999999999
0.861859
0.833192
0.68107
0.8954139999999999
0.855613
0.8488459999999999
0.7293470000000001
0.900169
0.866812
0.8446879999999999
0.840425
0.47176599999999996
0.12554300000000002
0.8816120000000001
0.853878
0.917925
0.843859
0.823577
0.0
0.9195200000000001
0.871344
0.8738030000000001
0.859857
0.910451
0.82591
0.0
0.885368
0.846751
0.741896
0.8849610000000001
0.905618
0.408692
0.9222940000000001
0.8865430000000001
0.81285
0.84006
0.809006
0.73974
0.0
0.8569829999999999
0.762737
0.8795430000000001
0.0
0.839842
0.263692
0.932557
0.839802
0.78568
0.89149
0.8264290000000001
0.835586
0.9229959999999999
0.6971609999999999
0.836816
0.8537870000000001
0.8223090000000001
0.9065770000000001
0.827522
0.859159
0.0
0.913007
0.770972
0.823477
0.809381
0.7800779999999999
0.743479
0.8397540000000001
0.837878
0.689084
0.81535
0.922134
0.760827
0.748984
0.614262
0.909324
0.689145
0.87551
0.00923335
0.8362809999999999
0.0
0.813473
0.749398
0.66082
0.720821
0.889049
0.91571
0.867417
0.796682
0.901749
0.9325100000000001
0.8954799999999999
0.8302639999999999
0.75048
0.7486520000000001
0.908334
0.8577819999999999
0.821468
0.8739979999999999
0.766891
0.9069510000000001
0.889225
0.88925
0.848217
0.650895
0.938776
0.8508879999999999
0.875691
0.8930110000000001
0.858381
0.8478049999999999
0.890548
0.909143
0.862117
0.653957
0.758027
0.849978
0.8922110000000001
0.9210290000000001
0.767911
0.836714
0.836988
0.89975
0.0
0.8689100000000001
0.804624
0.839483
0.888403
0.800308
0.893971
0.811855
0.840575
0.841908
0.8755149999999999
0.794473
0.8759600000000001
0.7985260000000001
0.9464290000000001
0.887367
0.759679
0.8129109999999999
0.843239
0.919666
0.731536
0.8415379999999999
0.605412
0.77927
0.8164640000000001
0.840852
0.871833
0.864176
0.779423
0.0
0.6845479999999999
0.812139
0.782071
0.838843
0.774267
0.853477
0.0
0.837404
0.9360299999999999
0.8883790000000001
0.8935360000000001
0.829276
0.90422
0.776517
0.679032
0.907753
0.797502
0.858526
0.875606
0.81023
0.9549549999999999
0.513897
0.929507
0.9053540000000001
0.855914
0.7977810000000001
0.899236
0.0
0.853151
0.756016
0.773465
0.8699959999999999
0.838636
0.8503930000000001
0.0
0.573741
0.780656
0.819012
0.0
0.843407
0.8581209999999999
0.8448110000000001
1.0
0.85135
0.777563
0.808188
0.7301529999999999
0.851678
0.8507110000000001
0.791409
0.90581
0.853715
0.8444889999999999
0.795301
0.8895049999999999
0.735338
0.914159
0.859217
0.9077059999999999
0.878727
0.857824
0.8379270000000001
0.923694
0.827851
0.819048
0.692106
0.92605
0.776546
0.8307180000000001
0.8910540000000001
0.8577670000000001
0.742158
0.9071610000000001
0.919064
0.790425
0.793307
0.9119309999999999
0.616502
0.828723
0.79767
0.7223510000000001
0.764382
0.815187
0.796387
0.8620909999999999
0.84062
0.819094
0.905668
0.828702
0.8423149999999999
0.828525
0.850616
0.8613780000000001
0.0
0.214285
0.870128
0.843076
0.824326
0.86961
0.0
0.748448
0.687032
0.6502859999999999
0.821264
0.765046
0.858772
0.765456
0.849648
0.818268
0.9285709999999999
0.714254
0.827399
0.9197770000000001
0.753592
0.8532270000000001
0.878473
0.0
0.788767
0.897098
0.8518030000000001
0.9129799999999999
0.8160430000000001
0.899531
0.7831670000000001
0.857068
0.7555
0.770225
0.916314
0.792037
0.8413940000000001
0.773008
0.827239
0.714507
0.8354729999999999
0.944055
0.8727229999999999
0.9250639999999999
0.8064479999999999
0.914191
0.8422370000000001
0.520991
0.792974
0.79382
0.9001680000000001
0.0
0.884491
0.9016149999999999
0.905392
0.82394
0.8742030000000001
0.879057
0.771582
0.9009959999999999
0.0
0.760372
0.0
0.644753
0.8729309999999999
0.88838
0.732517
0.8517610000000001
0.832313
0.8572770000000001
0.874923
0.7426550000000001
0.8776370000000001
0.536832
0.6367659999999999
0.9099729999999999
0.8266290000000001
0.766403
0.897515
0.868877
0.784976
0.8946879999999999
0.576566
0.869925
0.843276
0.8519969999999999
0.707594
0.898334
0.837923
0.8246889999999999
0.851266
0.857635
0.8948020000000001
0.0
0.9143469999999999
0.7717890000000001
0.8657309999999999
0.8584450000000001
0.7891100000000001
0.8751639999999999
0.8665809999999999
0.812693
0.897066
0.851018
0.8958780000000001
0.824498
0.9080090000000001
0.8612690000000001
0.9057790000000001
0.8246100000000001
0.886015
0.757725
0.36874
0.7125560000000001
0.746219
0.886863
0.7993819999999999
0.633943
0.80504
0.626922
0.915892
0.848822
0.858661
0.850757
0.0
0.7531329999999999
0.917431
0.936807
0.84251
0.780007
0.558667
0.72751
0.784551
0.851036
0.805615
0.741538
0.8539559999999999
0.8413649999999999
0.839317
0.0
0.8909959999999999
0.8883719999999999
0.8420540000000001
0.812283
0.788492
0.9027
0.8982969999999999
0.897051
0.840016
0.801125
0.816096
0.798782
0.8807959999999999
0.877458
0.9128639999999999
0.799268
0.695166
0.798613
0.0
0.859034
0.81919
0.0
0.8519610000000001
0.8750829999999999
0.896217
0.8913190000000001
0.929939
0.763796
0.9020440000000001
0.905265
0.814136
0.865599
0.7824409999999999
0.7889470000000001
0.710756
0.517293
0.882051
0.8706940000000001
0.8282459999999999
0.768943
0.884843
0.8303959999999999
0.0
0.7746310000000001
0.8258489999999999
0.8710870000000001
0.7042109999999999
0.8597819999999999
0.68514
0.8787729999999999
0.0
0.0
0.893445
0.840793
0.8165640000000001
0.8487879999999999
0.6897270000000001
0.843933
0.844476
0.7735569999999999
0.805439
0.0
0.810124
0.759412
0.889824
0.8377209999999999
0.717576
0.875474
0.896703
0.8826299999999999
0.8729870000000001
0.757652
0.737889
0.8867809999999999
0.817958
0.791732
0.810851
0.805767
0.7921100000000001
0.813702
0.807368
0.8666
0.775792
0.483012
0.8658520000000001
0.8630770000000001
0.9413870000000001
0.871199
0.9156850000000001
0.919367
0.852147
0.8831370000000001
0.829428
0.927617
0.894591
0.8603360000000001
0.636692
0.8174239999999999
0.722955
0.897648
0.8522620000000001
0.850183
0.814059
0.751152
0.8720950000000001
0.846621
0.770891
0.757155
0.783259
0.892216
0.876502
0.87928
0.7153510000000001
0.8365520000000001
0.636905
0.91881
0.901789
0.8771899999999999
0.7809159999999999
0.724028
0.8811959999999999
0.491928
0.9197299999999999
0.866334
0.855672
0.9056129999999999
0.315923
0.9006
0.7298560000000001
0.9094399999999999
0.799692
0.8382299999999999
0.8541860000000001
0.8894719999999999
0.644734
0.0
0.8177949999999999
0.8206450000000001
0.800986
0.764509
0.904832
0.737981
0.874031
0.726342
0.617219
0.791822
0.83314
0.909107
0.8989209999999999
0.8248790000000001
0.76415
0.777795
0.798279
0.83711
0.8584719999999999
0.714642
0.825249
0.6132270000000001
0.0
0.798933
0.8526520000000001
0.0
0.767119
0.891666
0.618995
0.808267
0.778467
0.0
0.8257610000000001
0.653041
0.881019
0.801984
0.858555
0.767628
0.7968649999999999
0.93709
0.836815
0.890508
0.0
0.0
0.841181
0.8687229999999999
0.0
0.896999
0.729902
0.924585
0.010099
0.795568
0.90107
0.843151
0.834498
0.89628
