0.377308
0.429262
0.46822700000000006
0.444158
0.114514
0.315042
0.6068479999999999
0.506404
0.605209
0.8314799999999999
0.24323699999999998
0.667188
0.8474700000000001
0.6809529999999999
0.6294569999999999
0.057119500000000004
0.569677
0.798742
0.816788
0.679079
0.6606449999999999
0.296516
0.8255
0.41494
0.250393
0.0147873
0.18525999999999998
0.214763
0.763418
0.524442
0.798609
0.556521
0.568016
0.297689
0.593827
0.12481099999999999
0.654889
0.638821
0.37999499999999997
0.660139
0.740067
0.40986000000000006
0.725471
0.772547
0.534455
0.28334000000000004
0.48786899999999994
0.73087
0.181015
0.804916
0.160405
0.854326
0.629895
0.698242
0.6528520000000001
0.793154
0.313362
0.301377
0.195994
0.5935600000000001
0.7271489999999999
0.826282
0.6953090000000001
0.0121304
0.394256
0.350878
0.509675
0.809542
0.8146260000000001
0.620491
0.631387
0.600096
0.23575
0.303437
0.142036
0.306446
0.190216
0.09929960000000002
0.7028369999999999
0.0210663
0.0479209
0.688445
0.178029
0.805496
0.389117
0.47003999999999996
0.7375109999999999
0.136322
0.26250300000000004
0.539492
0.358612
0.704756
0.354417
0.0128826
0.0235524
0.641275
0.41796700000000003
0.742576
0.6780510000000001
0.146145
0.287498
0.170988
0.181311
0.664987
0.461769
0.8413930000000001
0.720299
0.0821742
0.705307
0.6732020000000001
0.36390500000000003
0.8910319999999999
0.330532
0.48678599999999994
0.590897
0.43008
0.516578
0.928192
0.800242
0.09169930000000001
0.0746503
0.641419
0.802304
0.41148900000000005
0.506506
0.481695
0.609698
0.00599378
0.332716
0.276054
0.0676056
0.760351
0.56491
0.705855
0.7381340000000001
0.586444
0.879092
0.206938
0.224046
0.8385530000000001
0.887916
0.546882
0.7522979999999999
0.08603730000000001
0.25669899999999995
0.0442298
0.888018
0.827973
0.176262
0.160442
0.783536
0.787981
0.719316
0.0392654
0.68421
0.185976
0.435148
0.141941
0.713147
0.0470644
0.711162
0.197766
0.09602089999999999
0.047915
0.841742
0.769081
0.12766
0.09336169999999999
0.309729
0.148083
0.8518950000000001
0.707522
0.70735
0.243867
0.17663
0.217835
0.7544420000000001
0.015952200000000003
0.9078149999999999
0.886927
0.340265
0.698719
0.0911932
0.189976
0.7753770000000001
0.18893800000000002
0.844327
0.323698
0.21908000000000002
0.45326000000000005
0.641502
0.193555
0.664026
0.852182
0.130706
0.745758
0.803917
0.773555
0.811026
0.305888
0.8083560000000001
0.20666500000000002
0.415401
0.217074
0.035285000000000004
0.277713
0.0743666
0.352175
0.182527
0.571701
0.0371174
0.23596
0.783619
0.7606430000000001
0.21512699999999998
0.727985
0.179148
0.708236
0.748042
0.0107534
0.883617
0.13228399999999998
0.793896
0.132159
0.30412100000000003
0.07150210000000001
0.725588
0.47216199999999997
0.733675
0.844327
0.626779
0.11201400000000002
0.893094
0.591063
0.662443
0.0727255
0.706403
0.865841
0.8047489999999999
0.902709
0.84352
0.0625654
0.281949
0.00537556
0.933257
0.5794239999999999
0.242319
0.226714
0.786934
0.87818
0.577516
0.0426622
0.27170700000000003
0.300478
0.600969
0.184059
0.121326
0.63874
0.758001
0.45177
0.20244700000000002
0.10920999999999999
0.011100299999999999
0.048601599999999995
0.230723
0.8635870000000001
0.755257
0.684326
0.768405
0.7467020000000001
0.148642
0.748434
0.765821
0.283339
0.0832416
0.0337436
0.573338
0.83265
0.0170951
0.798236
0.793524
0.773274
0.8523290000000001
0.6760149999999999
0.6310939999999999
0.751339
0.68787
0.776069
0.736631
0.727958
0.726294
0.766638
0.736244
0.735358
0.720362
0.649471
0.708141
0.622322
0.8260290000000001
0.8969870000000001
0.783328
0.0
0.0
0.0
0.765356
0.677098
0.5800420000000001
0.776834
0.658197
0.743859
0.766768
0.803747
0.0
0.7454109999999999
0.575001
0.709795
0.742164
0.617437
0.762195
0.0
0.793407
0.7382569999999999
0.774022
0.740012
0.545899
0.70405
0.78665
0.817908
0.8612139999999999
0.841417
0.768848
0.74848
0.793211
0.8206709999999999
0.0
0.44230600000000003
0.5824590000000001
0.653472
0.814746
0.8357690000000001
0.694914
0.764346
0.738993
0.778968
0.9029520000000001
0.798239
0.874966
0.895064
0.7460319999999999
0.758898
0.819631
0.753309
0.776346
0.712537
0.74574
0.701179
0.0
0.762528
0.780435
0.787017
0.679786
0.78883
0.732699
0.800305
0.7646930000000001
0.8654719999999999
0.850791
0.63351
0.62657
0.5907789999999999
0.821034
0.7829050000000001
0.736032
0.8398100000000001
0.666802
0.727123
0.74552
0.6827529999999999
0.796872
0.7129770000000001
0.787718
0.744323
0.585769
0.863926
0.867459
0.728042
0.808416
0.7298520000000001
0.790808
0.7051189999999999
0.764213
0.44184399999999996
0.45906
0.745023
0.796028
0.875597
0.791531
0.742862
0.0
0.888173
0.76243
0.782563
0.748065
0.8818379999999999
0.695032
0.0
0.857274
0.794502
0.694858
0.755109
0.8782969999999999
0.46448999999999996
0.813595
0.8614120000000001
0.743348
0.770426
0.6896720000000001
0.628848
0.0
0.516278
0.606338
0.776488
0.0
0.761005
0.323157
0.849685
0.792132
0.685287
0.9070280000000001
0.780662
0.759739
0.761187
0.5518569999999999
0.708485
0.776081
0.71225
0.8766809999999999
0.78461
0.799813
0.0
0.839902
0.779822
0.769529
0.7223510000000001
0.7745449999999999
0.5993930000000001
0.724011
0.666483
0.719166
0.803656
0.9198299999999999
0.703857
0.795605
0.727699
0.785064
0.798221
0.831139
0.0201974
0.6731010000000001
0.0
0.656118
0.781345
0.5544859999999999
0.587535
0.780674
0.9042620000000001
0.797597
0.683519
0.7609779999999999
0.845723
0.8501860000000001
0.6946939999999999
0.6268729999999999
0.793863
0.7300449999999999
0.71915
0.638841
0.810859
0.684063
0.8239549999999999
0.8107409999999999
0.791517
0.818986
0.659449
0.9151229999999999
0.690024
0.810582
0.775593
0.81685
0.64113
0.82189
0.8846870000000001
0.788251
0.66397
0.703795
0.789263
0.803455
0.8702469999999999
0.668396
0.773399
0.753071
0.844232
0.0
0.744715
0.7889390000000001
0.771641
0.8359850000000001
0.759721
0.900747
0.752203
0.788435
0.664914
0.665791
0.871814
0.8244370000000001
0.6493270000000001
0.910169
0.849957
0.789754
0.73536
0.756274
0.820049
0.665715
0.794262
0.583687
0.713407
0.7200770000000001
0.7638
0.777822
0.770225
0.670451
0.0
0.557075
0.69109
0.7457729999999999
0.815787
0.778717
0.744958
0.0
0.814032
0.873084
0.865547
0.886408
0.680107
0.846959
0.6571359999999999
0.659762
0.812221
0.666536
0.743745
0.83221
0.8246030000000001
0.809483
0.663478
0.850864
0.884243
0.734344
0.7833060000000001
0.8197700000000001
0.0
0.7864270000000001
0.775378
0.6968449999999999
0.8225790000000001
0.6761560000000001
0.790309
0.0
0.594436
0.6912590000000001
0.798009
0.0
0.743658
0.7911739999999999
0.82511
1.0
0.8473950000000001
0.766933
0.7891520000000001
0.759067
0.84646
0.8459770000000001
0.741287
0.8241430000000001
0.778399
0.802755
0.733711
0.849759
0.681082
0.9143290000000001
0.733246
0.812488
0.8325530000000001
0.8529059999999999
0.804776
0.875708
0.777439
0.791388
0.702354
0.8924129999999999
0.751831
0.738761
0.8645379999999999
0.7841600000000001
0.72617
0.884231
0.849816
0.752239
0.75871
0.824292
0.511625
0.802802
0.710471
0.667153
0.743581
0.704738
0.742165
0.8234379999999999
0.740703
0.81024
0.862442
0.7700600000000001
0.773373
0.735781
0.682863
0.782852
0.0
0.5
0.763558
0.741017
0.7937960000000001
0.809991
0.0
0.6446310000000001
0.627714
0.5712689999999999
0.7529859999999999
0.61378
0.839625
0.688442
0.7547050000000001
0.8090470000000001
0.708279
0.548298
0.680455
0.886352
0.620927
0.815937
0.790812
0.0
0.788373
0.8165520000000001
0.8438379999999999
0.778526
0.7902939999999999
0.841269
0.745092
0.742883
0.730075
0.694477
0.811739
0.800374
0.7590439999999999
0.7016220000000001
0.7373970000000001
0.657054
0.718983
0.7948149999999999
0.7436010000000001
0.9230870000000001
0.649649
0.8781770000000001
0.789026
0.652866
0.7329060000000001
0.7232149999999999
0.856771
0.0
0.796471
0.9050440000000001
0.850432
0.743578
0.7680060000000001
0.8102159999999999
0.671879
0.820326
0.0
0.7793260000000001
0.0
0.645124
0.801764
0.814474
0.633362
0.87782
0.76327
0.8567520000000001
0.725952
0.637681
0.744608
0.7332310000000001
0.515628
0.830757
0.7760050000000001
0.73963
0.802003
0.722807
0.7028449999999999
0.848899
0.6485
0.807591
0.7394350000000001
0.813863
0.6621
0.8221579999999999
0.785325
0.7892560000000001
0.80689
0.699343
0.780478
0.0
0.85716
0.736171
0.746143
0.792535
0.638571
0.810539
0.799986
0.6841020000000001
0.7551979999999999
0.7732979999999999
0.829094
0.704418
0.875761
0.8397879999999999
0.861655
0.781872
0.793488
0.651404
0.445655
0.676085
0.572325
0.814826
0.716071
0.514583
0.7605109999999999
0.594013
0.9048440000000001
0.786858
0.860266
0.744761
0.0
0.6180180000000001
0.802355
0.914425
0.717043
0.746684
0.390286
0.711357
0.6772640000000001
0.864758
0.7871239999999999
0.709018
0.876942
0.748027
0.66771
0.0
0.8817870000000001
0.806405
0.7449060000000001
0.80777
0.601837
0.829781
0.801475
0.8456610000000001
0.7307239999999999
0.6792729999999999
0.52065
0.738678
0.817325
0.80435
0.873015
0.693403
0.583971
0.6967409999999999
0.0
0.737007
0.7787470000000001
0.0
0.7085130000000001
0.799469
0.799236
0.767336
0.8841049999999999
0.6902159999999999
0.900957
0.808551
0.708975
0.815246
0.754135
0.6258600000000001
0.820124
0.580073
0.744977
0.8080970000000001
0.805573
0.7545930000000001
0.868266
0.722052
0.0
0.864727
0.704689
0.779547
0.63674
0.779044
0.718874
0.801728
0.0
0.0
0.7821279999999999
0.719863
0.752084
0.758195
0.7951550000000001
0.7916569999999999
0.758979
0.7131390000000001
0.691624
0.0
0.64376
0.8206680000000001
0.845827
0.7325119999999999
0.561508
0.899216
0.8517299999999999
0.780469
0.77262
0.598643
0.632498
0.74412
0.8147909999999999
0.6426689999999999
0.7182029999999999
0.777814
0.762505
0.7374189999999999
0.898487
0.789601
0.755302
0.47660600000000003
0.797044
0.7934859999999999
0.859978
0.7811239999999999
0.8411879999999999
0.847404
0.772096
0.8684879999999999
0.7381310000000001
0.884532
0.890224
0.799571
0.498809
0.7034739999999999
0.7620439999999999
0.7907529999999999
0.744028
0.808283
0.631037
0.7173149999999999
0.811495
0.771728
0.65768
0.645411
0.518373
0.797108
0.744738
0.809571
0.607995
0.688775
0.61565
0.881976
0.9236209999999999
0.7641640000000001
0.766617
0.7957390000000001
0.87203
0.49437200000000003
0.91646
0.775356
0.734503
0.763053
0.5069859999999999
0.7224520000000001
0.564487
0.88302
0.7522340000000001
0.784814
0.706842
0.779617
0.728308
0.0
0.84475
0.741114
0.75898
0.737726
0.842572
0.598688
0.765387
0.681689
0.6114689999999999
0.781137
0.753109
0.840892
0.8416299999999999
0.677503
0.687646
0.6904100000000001
0.7519779999999999
0.687982
0.786538
0.677106
0.787561
0.518305
0.0
0.682481
0.820478
0.0
0.636694
0.872042
0.509541
0.658726
0.767547
0.0
0.687508
0.675876
0.860676
0.718241
0.8014939999999999
0.772517
0.752422
0.8926229999999999
0.728025
0.8088
0.0
0.0
0.759908
0.813942
0.0
0.8437969999999999
0.763537
0.857195
0.0400974
0.6883729999999999
0.7761939999999999
0.697291
0.789662
0.799635
