-0.38974200000000003
-0.104344
0.124747
0.240642
-0.115906
-0.0225268
0.283005
0.454474
0.35723
0.116513
-0.280587
0.259106
0.259106
-0.31393499999999996
-0.128884
-0.21583899999999998
-0.45242299999999996
1.32184
0.28939899999999996
1.11424
0.11698599999999999
0.193245
1.81218
2.12807
1.24949
2.08968
4.005269999999999
1.44697
1.45859
1.45859
0.367661
2.00521
0.862482
0.36509400000000003
-0.304008
-0.09602419999999999
1.27158
-0.0964414
0.0632313
0.543396
-0.022975299999999997
-1.28015
1.52604
2.53303
5.01484
0.197615
0.413954
0.0920539
0.15393900000000002
0.827139
-0.949682
1.74089
0.54656
1.72907
0.300188
-0.13914300000000002
1.18422
0.8472299999999999
1.7329700000000001
1.27967
-0.4622
1.4721899999999999
-0.753058
0.8250569999999999
0.314715
1.6551799999999999
-0.044637
0.227958
0.3682
-0.7146060000000001
-0.070103
-1.17953
0.748246
-1.5205
-0.642509
-0.642509
0.46648199999999995
-1.2709
0.0236805
-0.8282709999999999
0.034696199999999996
0.398489
0.6069220000000001
0.351465
0.515696
-0.40667800000000004
-0.694708
-0.24153000000000002
-0.271346
-0.314896
-0.0696562
-0.34679899999999997
0.261786
1.9342
-2.02084
0.263357
0.653885
-0.632594
0.46587700000000004
0.504206
0.141714
-0.8609620000000001
-0.0844233
0.7103520000000001
-1.04379
-0.407543
-0.9855510000000001
-0.8982549999999999
-1.5852
-0.9297120000000001
-1.33446
-2.3995599999999997
-0.30051300000000003
-0.7102510000000001
-0.0964561
0.296267
-0.528899
1.28356
-0.0701336
0.459844
-0.86292
0.146075
2.13139
-1.05575
-0.18758699999999998
0.802082
1.03985
-0.0218834
-0.00640165
0.682145
-0.513037
-0.437246
-0.550179
-0.0481163
-1.06528
0.24997199999999997
0.5209590000000001
-0.704465
0.30849299999999996
-0.1239
0.39210900000000004
3.10558
4.68714
0.647641
-1.01769
-1.00791
0.30292399999999997
0.42672200000000005
0.49406400000000006
0.5696220000000001
-1.10721
-0.320549
0.482583
1.16361
0.181105
0.0886947
-0.590427
0.5280859999999999
0.334427
-0.5910380000000001
-0.891423
-2.32388
-0.333405
-0.6894020000000001
1.13141
2.6505400000000003
0.0756576
1.3034
1.7176799999999999
0.8042229999999999
-0.0237002
-0.19625
-0.19625
0.365546
0.365546
-0.363663
0.6632779999999999
0.31352399999999997
-2.11099
-0.803988
-1.85503
0.11651700000000001
0.740841
0.47272700000000006
0.774996
-0.11119100000000001
0.689919
0.10493599999999999
-0.798242
-0.607722
-0.000527916
2.34682
1.54075
0.73348
0.44473
-1.47389
-1.21302
-0.28271
1.35581
1.1852
-0.0490539
-0.626138
0.47414399999999995
0.7522840000000001
1.17133
-1.3204200000000001
0.297568
-0.173731
0.5347890000000001
1.15862
1.05945
1.08744
0.778369
-0.891382
0.657783
-0.774196
1.526
-0.30758800000000003
-0.521308
-0.21348899999999998
-0.626398
0.864664
0.5449470000000001
0.700313
0.6020770000000001
-0.194322
0.17587
-0.677712
0.8724879999999999
0.472396
-0.225068
-0.35274
-1.53548
-0.718843
-1.27596
0.350072
1.4565
0.16655599999999998
-1.0557
-0.6643060000000001
-0.740538
-1.2188
-0.344138
0.779067
0.196189
0.429019
0.32737
-0.292877
-0.343575
-0.0757824
-0.712249
-0.815191
-0.995109
0.0
-0.586647
-0.18020899999999998
0.335735
0.04559969999999999
-0.636506
0.0440616
-0.282082
-0.671412
-0.07976339999999998
-0.592769
-1.02055
-0.392758
0.137191
0.708842
0.160197
0.158105
-0.540868
0.8511780000000001
1.04968
0.35239699999999996
-0.571803
0.397448
-0.19178699999999999
-0.8619129999999999
2.20552
2.20552
-1.0968200000000001
-1.4161299999999999
0.11482300000000001
0.147791
1.3780000000000001
-0.171265
-0.9949040000000001
0.0789134
1.16303
1.16303
0.384035
-0.0180077
1.0426799999999998
-0.529181
0.21461
-1.18086
0.392891
0.249729
0.12669
-0.0487798
-0.0352734
-0.841441
-1.33239
3.17834
1.94442
1.05775
1.5351
-2.73409
-0.563951
0.871828
0.301846
1.8738700000000001
0.46465500000000004
-0.5386310000000001
0.25052800000000003
1.0950799999999998
0.834476
1.03734
0.165449
0.057205200000000005
0.43100900000000003
2.13122
1.86978
0.949902
-0.38103899999999996
0.14991600000000002
-0.027806099999999997
0.28471599999999997
0.20480700000000002
-1.8175299999999999
-0.22328699999999999
-0.800067
-0.0146116
1.79675
-0.992301
0.754375
1.76751
0.837764
0.99734
0.0388208
0.45331000000000005
0.308109
0.307056
0.91869
0.144781
0.504325
0.872976
-0.692821
0.538776
0.12469000000000001
0.47373000000000004
0.5747329999999999
-0.581994
-0.210615
0.566299
0.5283399999999999
-0.979569
0.7516079999999999
-0.6713359999999999
-0.615971
-1.64388
-0.526818
-0.578661
-0.648242
0.374514
-1.25377
1.4922
-0.898429
-0.6326390000000001
-0.687275
0.08887569999999999
-0.325048
-0.727116
-0.866801
-0.346097
0.041192599999999996
-0.516409
2.00484
-0.0219496
-0.374424
-0.010407399999999999
-0.33129699999999995
0.8579540000000001
1.193
1.193
0.05673380000000001
-0.44446800000000003
0.7744850000000001
-0.515995
1.1417
-0.224415
-0.0885596
1.7196099999999999
4.19404
0.133829
1.84302
1.82192
1.21043
1.53295
-0.609907
-0.4597
1.1625299999999998
-0.00606127
-0.08200980000000001
-0.24826700000000002
-1.07996
-0.678407
-0.44001899999999994
-0.45175600000000005
-0.0429898
0.609333
0.74702
0.309465
0.254364
1.20719
1.38547
1.1722299999999999
-0.311396
-0.26460900000000004
-2.01775
-0.338568
0.817129
0.9808389999999999
0.22144
-0.204592
0.293238
1.02837
-0.0186834
-0.437204
-0.437204
0.429008
-0.7867
1.08902
-0.20760900000000002
0.06305
-0.289955
0.267993
-0.622909
1.6256700000000002
-1.12075
0.542081
-0.789255
-1.27625
0.44454499999999997
0.278487
0.6833
0.26571500000000003
0.765695
0.48408199999999996
2.00677
1.18876
-0.8873280000000001
2.14978
2.0577400000000003
1.54993
0.939485
0.08057189999999999
0.464747
-0.438751
-1.3355
-0.506911
-1.49537
-0.320292
-5.14584
