-1.27294
-0.32751399999999997
-0.47829099999999997
-0.459517
0.568491
0.44255200000000006
2.9779
0.6145579999999999
0.0956135
1.10432
1.1470200000000002
0.335016
0.335016
0.256262
0.32242600000000005
0.11673499999999999
-0.87839
0.7287779999999999
2.0095099999999997
3.0556200000000002
0.29728699999999997
0.628406
0.672032
0.7501399999999999
0.909695
1.9372200000000002
0.5652560000000001
1.9929700000000001
1.37242
1.37242
0.7752829999999999
1.51415
-0.7041350000000001
0.41224099999999997
1.0591700000000002
0.753434
-0.227821
-0.614251
-0.203516
-0.7179800000000001
-0.576378
0.522591
1.93471
1.73102
1.28278
0.48176199999999997
0.232052
-0.226158
-2.0059400000000003
-0.527894
1.3718700000000001
3.12553
2.32918
2.76856
0.737999
0.702535
-1.19164
0.45848599999999995
1.1516
0.33960799999999997
0.0475631
-0.27852
-1.35617
0.199652
-0.896358
-0.28492
-0.500568
-1.04265
-0.0963682
-0.66696
1.0710600000000001
-3.22923
-1.29406
-1.34317
-1.40744
-1.40744
-0.560339
-2.51631
0.160991
0.532411
-1.07421
-0.987507
-0.962001
-0.0276829
-0.645129
-0.6042609999999999
-1.28164
0.6734439999999999
-1.0250700000000001
-2.14006
-2.24896
0.191217
-0.239892
-0.75397
-0.425922
-0.265786
0.493046
0.364747
-0.108795
-1.45235
-0.9836870000000001
0.209957
-0.201931
-1.12255
-0.352215
1.5328899999999999
0.717279
-1.7030299999999998
-2.1716599999999997
-0.979783
0.48934700000000003
0.673355
-0.8541639999999999
-0.0363319
-1.5924
-4.587940000000001
-2.83512
0.613498
-0.558222
-0.9996
1.32364
1.11372
1.93901
-0.654341
-1.8075400000000001
-0.277572
-2.503
-0.416886
-0.168621
-0.4198
-1.69
-0.626607
-1.4532
-0.230711
-0.744315
1.37717
-0.18446500000000002
-1.12717
-0.136177
0.05429400000000001
-1.03
2.20833
2.31854
-1.55218
0.063411
-0.725964
-1.02042
-1.31748
-0.85288
-1.17347
-1.05292
-1.0948
-0.5615319999999999
0.9319729999999999
-0.16780499999999998
-0.514995
-0.991239
0.900324
-0.7659600000000001
-0.639223
-0.865812
-0.849382
-1.59712
-0.89089
-0.8516469999999999
0.0491673
-0.930975
-0.8112060000000001
-1.7786400000000002
-0.41709399999999996
0.610151
-0.671475
-0.671475
-0.295419
-0.295419
-1.01599
0.604308
0.131669
-1.8019599999999998
-1.30029
-0.860118
-0.767247
-0.391955
-1.06287
-0.696394
-0.9321940000000001
-1.18719
0.627368
-0.680912
-0.313133
-0.681883
-0.201226
-0.7946880000000001
-2.01602
-1.21579
-0.9052389999999999
-0.909855
-0.395163
-1.25681
0.338074
-2.0751
-1.74038
-1.40188
0.47102200000000005
-0.668262
-1.43478
-0.433084
-0.609753
-0.013227299999999999
-1.3216299999999999
-2.6103099999999997
0.236511
-0.29342199999999996
0.22710500000000003
-3.26793
-0.543499
-0.33442
-0.169207
-1.20024
-1.95025
-0.731903
-0.225177
-0.00165103
0.0338377
-0.823081
0.331002
-0.366012
-0.24967899999999998
-0.865869
3.26155
-0.8599450000000001
-0.61939
-0.642439
-0.943973
-0.450122
0.0813892
0.035868699999999996
0.524414
-0.659357
0.0935928
-1.7237
-1.0712700000000002
-0.511099
-0.375324
-0.9662629999999999
0.8692350000000001
0.9351229999999999
-2.4845200000000003
-1.30646
-0.329401
-1.45747
-1.3441100000000001
-1.8033099999999997
-2.5002299999999997
-2.14228
-0.216324
-1.33087
-1.00676
-1.7398099999999999
0.42443000000000003
-0.71882
-0.73138
-0.47238500000000005
-1.9274799999999999
-0.118415
0.992193
-0.749598
0.67909
-0.432374
-0.81717
0.570966
-0.332717
-1.01417
-1.21817
-1.10209
0.73927
-0.152722
-0.5121140000000001
-0.47058999999999995
-0.47058999999999995
-1.08037
1.0882
1.1163399999999999
-3.64517
-0.18988
0.8553930000000001
0.051112199999999997
0.420732
0.470866
0.470866
0.0779591
-0.0347526
1.55769
-0.9061239999999999
0.9878370000000001
-0.48252799999999996
-1.83054
-0.944893
0.0588969
-0.301613
-0.157654
-0.598781
-0.5934149999999999
1.3614600000000001
0.877732
0.919117
-0.144476
0.275904
0.061782000000000004
-0.194372
0.101361
0.124279
-0.15046500000000002
0.148324
-0.478731
-0.5939409999999999
-0.0826461
0.343061
0.0173111
-0.848289
-0.586928
3.44414
1.3251700000000002
0.412811
1.10182
2.0647
0.24909099999999998
-0.182608
0.332663
0.0149786
-0.726633
-0.19933
0.276845
0.269727
-0.00939978
3.0985099999999997
2.9881
2.58557
2.15083
-0.617677
0.368551
2.14613
-0.20511300000000002
-0.417494
0.154686
-0.38723
0.227921
0.799085
-2.53951
-1.00163
-1.04525
-0.203499
0.28584699999999996
-0.327368
-4.43414
-1.53325
-1.8355400000000002
-0.213785
-0.7254520000000001
-0.685709
0.0991155
-0.405546
-1.20919
-2.07187
-1.10923
-1.4779200000000001
-1.89585
-1.59601
-1.36212
-0.677478
0.287394
-0.957405
-0.584542
-0.77595
-1.08714
0.21780300000000002
-0.669895
-0.719532
0.338252
0.26303899999999997
-1.23266
-0.536049
1.43065
0.845648
0.845648
-0.44668900000000006
-1.3609200000000001
-0.08744860000000002
-2.23336
-0.324972
-1.90865
-0.168676
0.553491
-0.46712299999999995
-0.313481
1.29483
0.969577
0.8630260000000001
-0.0413596
0.0967217
-0.45283599999999996
-0.173251
-0.625965
-1.0221799999999999
-0.845075
-0.42896999999999996
0.42623199999999994
-1.37629
-0.353072
0.678565
-0.185134
-0.342041
0.693943
1.3261399999999999
0.68735
-0.948735
2.47122
-0.7563979999999999
-1.1426
-2.16935
-0.680143
-0.6902590000000001
-0.980232
-0.0090779
0.27127399999999996
-0.46043500000000004
-0.495967
-2.1242099999999997
-2.55943
-2.55943
-0.7839729999999999
-1.7355099999999999
-0.5676770000000001
-1.84545
-1.36809
0.737955
0.47000299999999995
-0.756584
0.8674959999999999
-0.322467
-0.680393
-0.86382
-1.2628700000000002
-1.9705599999999999
-4.65276
-0.728247
-0.572287
-2.03665
-1.16393
-1.17631
0.20363699999999998
-0.957199
0.36383699999999997
-2.14836
0.33866399999999997
-1.0282799999999999
-0.46050399999999997
-1.23526
-2.59205
-0.0652537
-3.8648300000000004
-0.41411499999999996
-0.89765
-0.706338
