-0.161962
-0.127774
0.250368
0.667758
3.92529
0.8842049999999999
0.857028
0.225543
0.42464300000000005
-0.0846896
0.9047879999999999
0.830317
-0.639563
-0.26145799999999997
-0.0573852
4.70178
1.59005
-1.12529
-0.22642600000000002
1.67655
-0.07523560000000001
0.222504
-0.793162
3.7065599999999996
0.314454
3.54408
1.2146299999999999
-0.32666799999999996
1.4877
1.38725
0.556707
0.375811
0.560184
1.98585
0.555728
2.4839700000000002
-0.217216
0.08891139999999999
1.9527700000000001
-0.420367
0.18165499999999998
1.10534
-0.0969974
-0.33871399999999996
1.0764799999999999
0.110555
0.781431
-0.0803069
0.08312230000000001
-0.00307245
1.41838
2.3669599999999997
-0.0496889
0.28544899999999995
0.7736970000000001
0.768881
0.8241069999999999
0.15326099999999998
2.86477
-0.575099
-0.239166
0.027306999999999998
0.0275698
1.7493299999999998
0.379085
0.670485
-0.0490169
0.823543
0.39194
-0.863941
0.133995
0.8851829999999999
2.37601
1.08184
1.1718
4.64217
1.6829
2.1231299999999997
-0.8289290000000001
2.46085
3.4136
0.9617540000000001
1.07955
-0.7359220000000001
0.42285900000000004
1.17889
0.10786
-0.279783
0.98572
-0.44212299999999993
0.934315
0.41796400000000006
1.18826
0.413171
4.26631
1.21402
0.0984922
3.23453
-0.262034
1.36856
0.890719
2.88632
3.4685300000000003
0.664454
0.599456
-0.441036
3.26306
1.2575399999999999
-0.108125
0.225237
1.73531
-0.0607444
-0.0819341
1.0129
0.237931
0.590158
0.6580020000000001
0.14596800000000001
-0.22682
-0.41408999999999996
1.5855299999999999
-0.197305
0.537243
0.230501
0.34369
1.63588
0.6783279999999999
3.5814800000000004
1.88474
-0.068761
2.83176
0.253117
-0.521421
0.413499
-0.9299
1.07936
0.370647
1.00175
1.30233
-0.119958
0.825643
1.7566400000000002
-0.334559
0.9815790000000001
0.210025
0.83267
-0.9931840000000001
0.18196400000000001
1.4344700000000001
2.89419
-0.8122
0.0502312
0.231355
-0.15299300000000002
-0.683369
1.6530900000000002
0.490662
0.21956599999999998
-1.73
4.04272
-0.254915
0.7702100000000001
2.9816599999999998
0.13176600000000002
-0.650257
0.24755700000000003
1.8143
0.84936
0.341713
1.9414200000000001
-0.22225100000000003
-0.615074
-0.74736
0.7443890000000001
1.15749
0.9567399999999999
-1.15004
4.185969999999999
-0.340999
-0.471195
1.7788099999999998
0.404746
0.978707
1.50229
-1.04493
0.996484
-0.58062
0.343752
-0.771853
-0.7470359999999999
-1.25096
0.5191939999999999
-0.38474899999999995
-0.29494000000000004
2.15167
0.25267399999999995
-0.09110900000000001
0.11883599999999998
-0.70635
1.75755
1.17019
1.2962200000000001
1.87267
1.9989299999999999
0.14941500000000002
2.08819
1.67093
0.026518700000000003
0.1774
0.397725
3.03563
2.74985
0.719812
-0.010454799999999998
0.512302
-0.590055
1.60521
-0.898496
-0.478753
3.4866599999999996
0.037876
1.9672
0.101538
2.34329
1.62274
3.11605
-0.0360655
0.0377013
-0.8245899999999999
-0.268714
0.0423421
2.1444099999999997
-0.26418400000000003
0.010973100000000001
0.225411
3.5375900000000002
-0.341185
-0.33281
-0.364191
-0.49519799999999997
-0.509696
0.36290300000000003
0.714176
3.7342699999999995
-1.6629
-1.63958
0.9857799999999999
-0.0861196
0.24786100000000003
0.267098
0.04095019999999999
2.50488
0.47958500000000004
-0.151016
0.30853200000000003
2.41657
2.21902
-0.6573869999999999
-0.36296
1.2443899999999999
1.47611
1.6728299999999998
2.8080000000000003
1.23062
1.8459
-0.9979979999999999
-0.297954
0.102065
-0.267577
-0.11167300000000001
0.626941
-0.0348388
-0.00493877
1.12093
2.0762099999999997
0.23103600000000002
-0.874884
-0.591608
3.61971
0.231902
-0.44382200000000005
0.162798
0.248099
0.191173
-0.394412
-0.0994651
-1.0287
-0.958407
-0.466762
-0.23715100000000003
0.251463
0.460976
-0.69772
0.30494499999999997
-0.28929099999999996
-0.200158
-0.26961399999999996
0.315828
-0.846266
-0.08030889999999999
0.0591725
0.0
0.0
0.0
-0.39817600000000003
0.11683199999999999
-1.31562
-0.205871
-0.735058
-1.88294
0.754149
0.0286061
0.0
-0.450503
0.944564
-1.25984
-0.46856000000000003
-0.108974
-0.8432440000000001
0.0
-0.930208
-0.686435
-0.027034100000000002
-0.299246
0.103807
0.560174
0.130217
0.419571
0.172978
-0.102251
0.036810699999999995
0.65146
0.020340599999999997
-0.8487950000000001
0.0
0.0405195
-0.615154
0.0647126
-0.632263
-0.45960200000000007
-0.7900119999999999
0.11372
0.048677
0.00473868
-0.36533499999999997
-0.431957
-0.220679
-0.44694799999999996
0.0
-1.36827
0.337619
0.305634
-0.44984700000000005
-0.0195932
-0.29765199999999997
-0.314807
0.0
-0.0392148
-0.344497
0.16786199999999998
0.138734
-0.00950484
0.10992
0.396753
-0.49900900000000004
-0.309555
0.0515751
0.254198
-0.44570200000000004
-1.95157
-0.598483
0.849275
0.9809559999999999
-1.29157
-0.44472700000000004
-0.888907
0.279609
-0.5394359999999999
0.314361
-0.435174
-0.8242719999999999
0.146542
-0.8214549999999999
-0.661892
0.23083800000000002
0.042556199999999995
-0.778551
0.0920316
0.24284
-1.2808
-0.35100000000000003
-1.5662
1.49322
-3.23861
0.167772
0.24809099999999998
0.40189899999999995
0.051045099999999996
0.0
-1.25401
-0.130487
-0.41388100000000005
-1.0210299999999999
-0.26921
0.0151097
0.0
-0.15508
-1.3799299999999999
0.9089440000000001
-0.08767489999999999
-0.454563
0.5502630000000001
-0.166179
-1.38125
-0.298683
-0.411214
-1.71445
0.530406
0.0
-0.215842
-0.757833
-0.364446
0.0
-0.06355369999999999
-0.0742525
0.067433
0.449125
-0.46222299999999994
0.12421099999999999
-0.48942700000000006
-0.0638275
-0.620562
-0.733412
0.654048
-0.869344
-0.061571400000000005
0.317306
-0.50073
0.310323
0.0
-0.365299
-0.883667
-0.0188715
-0.29932800000000004
-0.372603
3.05641
-0.9677690000000001
-0.41317
0.296199
0.290653
-0.212025
0.307503
-0.16276300000000002
1.13005
-0.48520399999999997
-0.022996400000000004
-0.504085
3.07144
-0.274907
0.0
0.140789
0.062213300000000006
-1.89028
-0.377703
-0.335163
-0.496087
-0.298815
0.0
-1.2606
-1.35222
-0.862094
0.975082
-0.391702
-0.200595
-0.77573
-1.1601299999999999
0.5301600000000001
0.43450500000000003
0.407638
0.254222
-0.0531029
-0.550067
-0.407378
-0.19093
0.22076500000000002
1.55552
-0.371467
-0.33131700000000003
-1.00157
-0.641849
0.443568
0.502686
-0.254058
0.553138
-0.242348
-0.311373
-0.42192799999999997
-0.6078399999999999
0.241081
-0.433462
-0.31556799999999996
-0.465458
0.0
-1.53088
0.165049
-0.34535
0.252103
-1.35447
-0.038625099999999996
1.15097
-0.189829
-0.0565271
-0.24635
0.25507199999999997
-0.115542
0.269131
-0.750641
-0.43866000000000005
0.26231
0.600325
-0.9143899999999999
0.175322
0.0643566
-0.302072
0.772451
-0.14422000000000001
-0.265786
-0.117448
0.0786279
-0.21455700000000003
-0.0684607
0.0
-0.155078
0.601282
-0.48219799999999996
-0.929458
-0.188136
-0.266513
0.0
0.687029
1.40149
-0.139549
0.458516
0.31796199999999997
-0.562844
-1.87855
-0.477466
-1.1593799999999999
-0.358408
-0.6351939999999999
-1.39647
-0.189895
-0.243286
0.0826473
-0.46441099999999996
-0.615596
0.0200438
0.11896500000000002
0.242015
0.0
-0.763579
-0.42567299999999997
-0.390435
-0.572921
-2.35987
-1.04938
0.0
0.620959
-0.848749
-0.628422
0.0
-0.638829
-0.5636439999999999
0.23184699999999997
0.0
-0.22220900000000002
-0.278582
-0.657363
-0.654072
-0.19714
-0.20423
-0.972793
-0.0313551
-0.23778600000000003
-0.8169109999999999
0.5498850000000001
-1.0899299999999998
0.222933
-1.12913
-0.648668
0.158172
0.00275886
-0.436592
-0.328383
-0.0117715
-1.23125
0.908128
-0.789143
-0.245883
-0.347249
-0.354069
0.37393899999999997
-0.49350900000000003
-0.0533307
-0.066376
0.08919880000000001
-0.155497
-0.8955209999999999
0.364269
-0.295068
0.368716
-0.349582
-0.819068
-0.328373
-1.12347
-0.0633165
-0.122048
-1.2327700000000001
0.186162
1.10435
-0.716392
0.679821
0.048966199999999994
-0.176201
-2.19682
0.0
-0.135518
0.07763110000000001
-0.391178
-0.447
-0.706242
0.0
-0.295061
0.153626
1.32069
-0.520936
-2.1257200000000003
-0.855089
-2.34821
-0.375431
0.342643
-0.6204430000000001
-0.0987932
-0.8627530000000001
-0.254749
-0.265115
-1.2384600000000001
-0.510501
0.0
0.0623111
-0.417284
-0.647883
-0.203654
-0.625786
0.174752
-0.176395
-0.253255
-0.58409
-0.207156
0.8887219999999999
-1.01073
0.278354
-0.7633310000000001
-0.10390799999999999
-0.477365
-0.11579600000000001
-0.244804
-0.44097600000000003
-0.42290600000000006
-0.886086
-0.746735
0.188469
0.594735
-0.65337
0.150837
-1.22822
0.0
-0.3722
1.03569
0.107147
-0.0795717
-0.565612
-0.137227
-0.515776
-0.818167
0.0
-0.0927703
0.0
0.327563
0.165326
-0.581238
-0.401064
0.273107
-0.236683
-0.766202
-0.10084
0.148249
-0.44847700000000007
0.430424
-1.74127
0.505232
-1.1099
0.25104899999999997
-0.300617
-0.00869254
-0.739743
-0.747833
2.07833
-0.7417
-0.0674358
-1.30979
-0.377703
0.21537699999999999
-0.978764
-0.804325
0.583659
-0.617093
-0.495374
0.0
-0.24991999999999998
0.505316
-0.292672
0.321092
1.38309
0.345008
-0.307681
-0.36199699999999996
0.420288
-2.05071
-0.788211
-0.5645220000000001
-0.46312299999999995
0.355268
-0.12398800000000001
-1.22112
-0.872077
-0.9075989999999999
1.1592200000000001
-2.50818
-0.232911
-0.5044649999999999
-1.03329
-1.0744200000000002
0.0496443
-0.36389499999999997
-0.448726
0.22255500000000003
-0.24080100000000002
0.8653069999999999
0.0
-1.10388
0.48461000000000004
0.196775
-0.00670647
0.317434
0.07370789999999999
-1.24524
-0.146928
0.07231710000000001
0.0980141
-0.11430799999999999
0.36564
-0.5159590000000001
-0.6639970000000001
0.0
-0.11402000000000001
0.08025750000000001
-0.223109
-1.23885
0.211377
0.220723
-0.564131
0.282661
-1.1775
0.25855
1.14232
0.034411800000000006
0.149174
-0.513483
-0.533871
-0.658288
-0.8214549999999999
-0.676194
0.0
0.456467
-0.559639
0.0
-0.746321
-0.61269
0.0968574
-0.683755
-0.058151699999999994
-0.560163
0.168699
-0.439558
-1.4029399999999999
-0.0741692
-0.540817
-0.332577
0.281858
0.7585649999999999
0.0
-0.823679
-0.408885
-0.461768
-0.384998
-0.0988949
0.0
0.561972
-0.153765
-0.154257
1.44587
0.019610299999999997
0.613871
0.42379700000000003
0.0
0.0
0.431867
-0.788381
0.32157800000000003
-0.960973
-0.6864560000000001
-0.504997
-1.124
-0.801241
-0.9319440000000001
0.0
-0.35811
-0.20613
-0.0605992
-0.69681
0.0
-0.242493
-0.733625
-0.48298599999999997
-1.58138
-0.531537
-0.516419
-0.25359699999999996
-0.207331
-1.1091799999999998
-0.768654
-0.350866
-1.44833
0.237456
1.36889
-0.430123
-0.023855
0.13575399999999999
-0.867591
0.0800336
-0.761602
-0.0420416
-0.455996
0.837399
0.055291099999999996
-0.17561
-0.779457
0.38516500000000004
0.117077
0.298543
0.0
-0.821946
0.812843
-0.49688999999999994
0.24365
0.12754400000000002
-2.01822
-0.20655
-0.607204
-1.0900299999999998
-0.8184779999999999
0.22173600000000002
-0.46838199999999997
-0.06337140000000001
0.319052
-0.261653
-0.33434200000000003
0.44525299999999995
-0.11058499999999999
-0.163752
0.43255200000000005
0.149179
-0.24647600000000003
-0.21562399999999998
0.425519
0.0876812
-0.619085
-0.492183
-0.10260999999999999
-0.509784
0.664042
-0.0426204
-0.9842639999999999
-0.0225871
-0.41803199999999996
0.0869157
-0.954362
0.024891800000000002
-0.0187072
0.0
-0.278377
-0.196582
-0.586421
-0.850766
-0.9919520000000001
-0.420885
-0.17373
0.222068
-0.413029
0.331685
0.225825
-0.259928
0.23997399999999997
0.23110300000000003
-0.35596300000000003
0.29524
-0.830779
-0.48409300000000005
-0.8827709999999999
0.261977
0.681032
0.813264
0.0
-0.45796099999999995
-0.6851470000000001
0.0
-0.515787
-0.776197
-1.08654
-0.978044
0.504
0.0
-0.372515
0.0140778
-0.13233
-0.306685
0.0590831
0.08294270000000001
-1.15904
0.293562
-0.441022
-1.27411
0.0
0.0
-0.261925
-0.21459
0.0
-0.282646
-0.8523780000000001
0.719536
0.48660600000000004
0.373028
-0.7128760000000001
0.5080720000000001
0.123892
-0.701322
