-0.398104
0.187027
0.265449
-0.567756
0.22502800000000003
0.64808
0.791199
1.7634400000000001
1.25231
0.436801
1.7360400000000002
1.28039
1.28039
1.05854
-0.148342
-0.991067
0.5824189999999999
1.0137
1.0152
0.012423
0.547083
2.11674
1.80835
1.8238599999999998
1.84505
2.36577
4.3221300000000005
3.0736
2.33777
2.33777
1.03414
2.1436900000000003
1.97145
0.23115500000000003
-0.0244641
-0.25250300000000003
0.573098
0.213873
1.23861
0.684236
0.087895
0.492918
1.39629
1.32792
4.52009
0.979614
0.870699
0.0659959
-0.527354
-0.843799
0.625671
1.62189
0.397298
1.17594
-1.23527
0.12206099999999999
1.87273
0.5766720000000001
1.32074
1.47545
-0.51352
0.20890799999999998
0.513247
-0.125032
1.3289799999999998
-0.40250199999999997
0.198217
0.5172680000000001
0.9628690000000001
0.17513499999999999
0.35488800000000004
-0.00269518
-1.71002
-1.1644700000000001
-1.66389
-1.66389
-1.89684
0.38918
2.0070200000000002
0.55595
1.52823
0.536327
1.21881
-0.11502799999999999
-0.052365999999999996
0.470131
0.24972399999999997
0.483465
-1.3535700000000002
1.09275
0.37959299999999996
-0.701146
0.39975
1.09689
0.467631
0.614877
1.1037
-0.847851
0.32848099999999997
0.14890899999999999
0.5223
0.85565
0.507111
0.354033
1.2676399999999999
-0.694526
-0.301112
-0.12728599999999998
1.14485
-0.363138
-1.06081
1.65235
1.08155
-0.99959
0.181679
-0.997318
0.5100100000000001
0.306625
0.215586
0.42558199999999996
0.09936460000000001
0.429968
1.38826
0.197123
-0.28715300000000005
2.09939
-1.4871299999999998
-0.8009069999999999
-3.6324300000000003
1.06097
-1.03531
-0.686625
0.5557850000000001
-1.25538
0.043110199999999994
0.557034
1.19751
0.586054
-0.06119840000000001
-0.651832
-0.23441700000000001
3.74177
4.85335
0.44789399999999996
0.48735900000000004
0.35676199999999997
0.740103
1.50567
0.5636220000000001
0.8580639999999999
0.344256
-0.17383099999999999
0.259679
1.6693799999999999
0.466728
0.08884639999999999
0.502448
0.8262079999999999
0.557083
1.0135100000000001
0.858877
1.10643
0.358933
0.543094
-0.11020999999999999
-0.322108
0.0344975
1.04863
2.8038
0.18052200000000002
0.5330550000000001
-0.00900639
-0.00900639
0.015019999999999999
0.015019999999999999
-0.490227
-0.22403499999999998
0.185325
0.774155
0.7587079999999999
0.348116
0.242548
1.77699
2.30903
1.01118
0.5758
0.20699
0.447325
1.21528
0.755153
0.524109
1.44218
1.2943200000000001
-0.258255
0.302759
0.330276
-0.382123
0.8287770000000001
0.9999319999999999
2.48349
-0.29672600000000005
0.876178
0.054575599999999995
0.85185
1.90146
0.76167
1.25369
1.7287700000000001
-0.780666
2.9132599999999997
0.57655
-1.02624
0.49625600000000003
1.27827
0.653759
-0.428516
0.256468
1.2244899999999999
1.0842
-0.853302
0.930731
1.1801
0.950966
-0.289417
0.899367
0.319506
-0.668985
0.457451
-0.5740569999999999
-4.11505
-0.39679899999999996
0.787733
0.11609100000000001
1.5296100000000001
0.14322000000000001
0.9753700000000001
0.659048
-0.303718
-0.504509
0.456647
-0.21313400000000002
-2.47675
-0.200601
-0.859381
-0.142847
0.563592
1.36012
0.22528299999999998
0.6093649999999999
-0.211362
-0.6128640000000001
0.45419899999999996
0.34846
-4.00917
-4.72015
-1.43029
-0.664199
0.5566409999999999
0.584056
0.12775699999999998
0.831247
0.575549
-0.164099
-0.549643
-1.3026200000000001
-0.748471
0.389337
0.565014
-0.143967
1.04731
0.6433949999999999
1.22081
0.479591
0.513337
-0.140218
-0.221836
0.12051600000000001
0.204902
1.7841
1.7841
-0.224888
0.952324
0.45906099999999994
0.51557
0.336866
1.5159200000000002
1.00773
0.785524
1.00373
1.00373
0.942528
1.38656
0.73387
-0.16966099999999998
-0.682925
0.41897
-1.0953700000000002
0.22696
1.39537
0.9642299999999999
0.78872
1.5492299999999999
1.12996
3.22642
1.85916
1.02223
0.00220989
1.09103
0.195252
0.19379100000000002
1.36353
1.98203
-0.181809
-0.558127
-0.9325680000000001
1.38094
0.311421
-0.14801
-0.28366199999999997
0.357662
0.987978
1.9699200000000001
2.14462
0.9818819999999999
0.0729221
1.35356
0.57275
0.646935
-1.11979
0.23118400000000003
0.8180069999999999
0.338149
1.2868
2.2895
1.05027
1.97649
2.48117
2.10527
0.9401450000000001
0.184453
2.09985
0.630223
0.525552
0.121151
-0.062458400000000004
0.51452
0.118208
0.167774
-0.546194
1.02435
0.44114799999999993
0.967727
-0.518489
0.487187
0.696515
0.245615
-0.271982
0.348525
0.8387709999999999
-0.00457224
-0.172699
-0.0670832
0.828314
0.59432
-0.118797
0.637772
-0.044177499999999995
1.39694
1.00735
-0.481274
-0.5125930000000001
0.27503299999999997
-0.20288299999999998
1.05751
0.43206700000000003
0.0377005
0.0478474
0.768986
0.40824099999999997
0.254456
1.8234400000000002
0.323538
0.0518698
0.561541
0.561541
1.1553200000000001
0.48592799999999997
1.01118
-0.0776033
0.41068699999999997
-0.21531199999999998
0.17160699999999998
2.36534
4.71629
1.09899
2.38476
2.61123
1.22414
1.14927
0.32000300000000004
0.49411499999999997
-0.232723
0.48098500000000005
1.62109
0.5235569999999999
-1.13951
-0.173941
-0.200795
0.8370200000000001
0.517375
0.0217248
1.6323
0.738933
1.09266
0.8734959999999999
1.37005
1.4582700000000002
1.9582099999999998
-0.312757
-0.7505729999999999
0.359933
0.918783
-0.23105
0.0724077
0.891322
0.6571140000000001
0.340917
0.8730120000000001
1.60709
1.60709
0.23226999999999998
0.10911400000000002
-1.0346799999999998
1.8768900000000002
0.909948
-0.07279680000000001
0.505937
0.537972
-0.54205
-0.675262
0.17214200000000002
0.634279
0.21384
0.309725
0.41436000000000006
0.414371
-0.520999
0.677991
0.638123
0.262718
0.029725599999999998
-0.12826500000000002
-0.0513857
-0.16518
0.6702279999999999
-1.0721
0.8426379999999999
0.749901
-1.6920400000000002
0.7136859999999999
-0.401572
-0.545146
-0.891178
-0.681999
