-3.3252300000000004
2.35299
1.49009
0.46254300000000004
1.9566400000000002
-0.365831
0.338955
1.28691
1.05
1.54411
0.846555
0.5040640000000001
0.5040640000000001
0.8823719999999999
0.955723
1.4158600000000001
-0.044527699999999996
-1.56619
0.298885
0.531053
-1.05071
1.16859
0.880084
0.415671
0.0811608
-0.18849200000000002
1.1604299999999999
0.930076
-0.36439299999999997
-0.36439299999999997
0.406542
1.3233
1.28397
0.294744
-0.504372
0.487545
0.18345699999999998
-0.682175
-0.0134408
-0.420124
0.500019
0.024410400000000002
1.06653
0.684747
0.8499
0.30475599999999997
0.337894
0.985583
-2.79758
2.1141400000000004
-1.25689
4.34978
0.0222042
0.0837053
-0.930794
1.66992
1.7578
2.23183
1.49138
0.186065
1.30111
1.56423
-0.24090300000000003
1.23076
1.3524399999999999
0.9507680000000001
0.553044
-0.269822
1.6046200000000002
-1.204
1.19258
-1.80906
-0.241038
1.16258
-0.582889
-0.582889
-2.74803
-0.431388
-1.52042
-1.48773
1.00568
1.49757
1.71092
3.1292299999999997
-0.11022799999999999
-4.21795
0.225152
0.420494
0.160907
0.224093
-1.41251
-0.492392
0.68999
1.05701
-0.828314
0.785999
0.473739
1.15011
-0.7340909999999999
2.24837
0.612647
-0.48638400000000004
-2.41772
-0.957828
-0.795696
1.9213799999999999
0.564331
0.9424040000000001
-2.2345599999999997
1.01686
3.97497
-0.557407
-2.61843
-0.536507
-0.763305
-2.69042
-0.682571
1.21761
0.365209
1.8265
0.5285340000000001
0.39758699999999997
-0.9311309999999999
-1.46281
-0.178384
-1.29864
0.0
-1.1868100000000001
-2.6674
-4.76891
-0.26016999999999996
-0.331685
-0.662721
1.0187700000000002
2.50094
0.781941
0.805809
1.6487599999999998
-2.2185900000000003
1.16883
-1.94645
2.3633
0.113972
0.907272
1.7681
3.07249
0.0
-0.45199700000000004
1.1360299999999999
0.957592
-0.45951400000000003
0.33789600000000003
0.8248190000000001
-0.645468
-0.00152537
-4.21429
-0.38127300000000003
-1.28611
1.02329
1.4319
1.26061
-3.8617800000000004
-1.52284
-1.3622100000000001
-0.176172
0.0849964
-0.468552
0.572106
0.93784
1.9055400000000002
-1.28519
-1.4650100000000001
-1.4650100000000001
3.18332
3.18332
1.99682
-0.779871
-0.8304370000000001
-3.57784
-1.54647
-4.10018
-2.89011
0.253413
-0.77203
-0.69522
-0.582407
-2.01417
-0.25863600000000003
-2.1440200000000003
-3.5971300000000004
1.03531
0.8385549999999999
4.5796
-0.19902
0.33079200000000003
-3.8611
-1.28834
-1.62268
1.27809
1.30259
-1.02332
-2.55613
-0.195729
1.7067599999999998
0.5493979999999999
5.5951
-0.23797
0.817992
-0.455505
-0.160296
-1.30853
-2.21235
-0.77989
2.34439
-0.733166
-3.12426
-0.595788
1.83192
-1.06321
0.302523
0.779806
0.813184
-0.135749
-0.0667375
-1.5122200000000001
1.54769
2.12207
0.789506
-1.80391
2.5036
-2.42256
-0.88815
0.862965
1.8071599999999999
-0.425201
-0.211684
-0.386882
1.48553
-0.25361500000000003
0.456983
-0.9547899999999999
-1.79243
1.63192
2.0411099999999998
2.4462099999999998
1.7245700000000002
1.6315899999999999
-0.664146
-0.99561
0.594584
0.159889
-3.6070599999999997
-4.39993
-2.0147
2.6231400000000002
-0.09552970000000001
0.475099
-0.491971
-0.417764
-0.121609
0.45872700000000005
0.865296
-0.25596599999999997
-1.38019
-0.7717510000000001
0.0430526
-0.649816
0.9429790000000001
0.7392340000000001
-0.08305139999999998
-0.645095
0.510637
0.655285
-0.203904
0.0483534
-0.784017
0.18168800000000002
1.09504
-1.9496
-1.9496
0.713457
0.8794219999999999
1.6125200000000002
0.504645
1.3995799999999998
1.42301
1.0661399999999999
-0.303553
1.04396
1.04396
-0.1751
-2.15996
-0.780579
0.281331
-0.230444
-2.40067
-0.511153
-0.93571
-0.890774
1.16429
-0.750178
2.02815
-1.01042
0.6098680000000001
0.6107630000000001
1.10742
1.87287
-1.55207
1.79827
-0.334039
1.7400200000000001
1.7417599999999998
0.7103659999999999
0.646454
0.05269259999999999
0.186087
1.04093
1.02496
1.26095
0.426925
-1.8830099999999999
0.7864909999999999
1.0842100000000001
1.13964
-0.196172
0.7386
0.0755719
-0.504333
-0.0683663
-2.7497700000000003
-1.70587
0.403001
0.900835
1.05479
-1.12408
2.3816200000000003
-0.523532
0.5041439999999999
0.267352
2.1098
0.913792
0.953268
0.797625
1.6259700000000001
0.621912
-0.41240200000000005
-1.13463
2.6012
-1.0022
-2.27217
1.8800400000000002
-0.8917360000000001
-2.33458
-0.5934510000000001
-2.2801299999999998
-1.0376100000000001
-3.66353
-1.9159400000000002
-0.8760030000000001
-3.4456300000000004
-1.54518
-0.843131
-0.5221319999999999
-2.47257
1.12716
2.45433
-0.46101000000000003
0.703015
-0.699824
1.7911
0.055363499999999996
-0.306588
0.17410899999999999
1.7694400000000001
1.7275900000000002
1.6354899999999999
1.0835700000000001
0.786018
-0.303698
0.20037
1.33037
1.0520200000000002
0.156263
-0.575572
-0.575572
0.9660989999999999
0.7881819999999999
-1.64933
-1.12572
-0.49531899999999995
1.8000099999999999
-0.10953900000000001
1.12991
1.19896
1.6574099999999998
0.423696
0.965449
-3.2175599999999998
-0.696716
1.8592400000000002
1.6173600000000001
1.56455
0.846093
1.52244
-0.675114
-1.4011799999999999
-1.57775
-3.69201
0.7925840000000001
-0.111078
-3.42624
-0.31842
0.9323379999999999
-1.5268700000000002
-1.65228
-0.656924
-0.05949630000000001
0.180671
-0.8112149999999999
-0.532414
-0.07067280000000001
1.60445
-0.17630099999999999
0.155077
0.111844
0.8507610000000001
0.798661
1.00379
1.6544599999999998
1.6544599999999998
1.73058
0.48259300000000005
-0.594474
-1.3201200000000002
-1.5083
3.18831
-0.8824299999999999
0.06661639999999999
-0.814783
-1.8316700000000001
-3.6202099999999997
-0.724827
-0.31966700000000003
-3.3475
0.010289
-1.04752
0.46905399999999997
-0.0473149
-3.0464900000000004
-0.178491
0.591073
-0.293213
0.580709
0.593521
0.729129
-1.5113299999999998
-1.8858099999999998
-2.17441
-0.45504399999999995
-3.4465
-1.03378
0.0405921
0.374521
3.0651599999999997
