-0.36142399999999997
1.2089
1.00029
0.23263899999999998
0.117443
0.00974519
1.07061
0.8233309999999999
1.371
1.01386
-0.113166
0.5049319999999999
1.06895
0.334079
1.1678899999999999
-1.34005
1.16072
0.951003
-0.204182
1.98564
1.02756
0.391246
0.22671999999999998
1.1930399999999999
0.1474
-3.1647
-0.9875459999999999
0.829965
1.63634
1.08545
1.43918
1.77335
1.56237
0.532018
1.32148
-2.1389299999999998
0.957716
1.22557
0.453535
1.45275
0.130978
1.78941
-0.09148880000000001
1.47118
1.0885200000000002
1.26788
1.43943
1.14741
0.013193200000000002
1.31876
0.191365
0.887318
1.33617
1.1966
1.35255
1.28437
0.09414
1.4869700000000001
-0.308879
1.62879
0.9141309999999999
1.65872
1.40616
-1.19916
1.15414
0.793136
0.613003
1.3049600000000001
2.30077
0.640633
1.2898100000000001
1.58503
-2.3607400000000003
1.26167
-1.65583
0.804601
-1.30418
-2.6893
-0.5605479999999999
-0.825217
-1.1345299999999998
1.22455
-0.908242
2.06727
1.48863
0.8504940000000001
1.29473
-0.238145
0.905159
1.23574
0.9317469999999999
1.24912
-1.41574
-1.31528
-1.21242
0.5050819999999999
0.536363
1.06666
1.27745
-0.828098
0.45085699999999995
-0.45840299999999995
0.517893
1.7081099999999998
1.12684
1.2774
1.7589400000000002
-3.09776
0.8463700000000001
1.70527
-1.8606900000000002
1.09408
-1.38955
0.9564030000000001
1.16345
0.46099700000000005
-0.112095
2.0422700000000003
1.3029700000000002
0.9026
-0.44268
0.91325
0.902875
0.963341
0.29806900000000003
1.3084
1.3342200000000002
-3.34714
0.9908969999999999
-0.948293
-1.9630900000000002
0.814489
1.25389
1.8813
2.0723
1.49777
1.13676
1.5307
-0.758654
1.38304
1.7245
0.014676
-0.483338
-1.24556
-0.44185399999999997
-0.5694239999999999
-0.986497
-0.10525
-1.22494
-1.65265
-1.20634
-1.36574
-0.631212
0.767917
0.448583
-1.01173
0.0685277
-0.746145
-0.526044
-2.35549
1.36312
-0.305179
-2.44716
-0.352752
0.339568
-0.716475
-2.01422
-0.578122
0.640746
-0.8711629999999999
-1.39715
-1.7420799999999999
0.0873872
0.0798067
-0.676878
0.393329
-0.0742013
-2.02457
0.789773
-2.09682
0.17125
1.35214
-1.0059799999999999
-0.279341
-0.545779
0.366175
-2.2502400000000002
0.0884306
0.050048
-0.820052
-0.28924
-0.392883
-1.09331
-0.760887
-1.37261
0.81342
-0.977715
-0.292831
0.393133
-0.034002
0.5092760000000001
-1.06585
-0.383295
-0.6409
-1.1386
-0.104125
-1.87575
-1.09186
-0.457603
-0.578196
-1.6264399999999999
-0.12219200000000001
1.15248
-0.755532
0.840462
-0.18187899999999999
-0.42742600000000003
-1.55912
1.13573
-0.6401439999999999
-0.249388
-1.08885
-1.45664
0.042188800000000005
0.21526700000000001
-1.4643
0.582605
-0.22589800000000002
0.8283219999999999
-1.20465
0.038465
-1.75341
-1.58751
0.0996999
1.08064
-2.06157
-0.466222
-1.82253
0.922436
-1.07477
-1.38924
-0.243274
-0.438003
-4.06738
0.235639
-0.433155
0.22970700000000002
0.691445
0.498198
-0.21293
-0.114337
-0.43637700000000007
1.23589
0.502101
1.06646
-2.43319
-1.67193
-2.6482200000000002
-1.48015
1.61624
-0.752091
-0.813369
-2.63836
-0.933817
-0.628332
-1.19896
-1.28852
-1.38022
-2.33921
1.01115
0.383768
1.04215
0.49019300000000005
-0.131603
-1.56092
-1.2887600000000001
0.593182
1.6996
-2.07978
-1.64447
-0.555977
-1.2403600000000001
-0.21477100000000002
-0.0108147
-1.15672
-2.32517
-0.71737
0.33708899999999997
0.368585
1.41831
0.418462
-1.27207
-0.00437158
-1.33206
-0.9241799999999999
0.647435
0.23004000000000002
0.941098
1.1453200000000001
0.394137
-0.8989719999999999
0.0
0.0
0.0
1.26613
-0.503938
0.12350599999999999
-0.10648599999999998
0.189462
0.16295
-1.7269
-0.893135
0.0
-1.60055
0.244838
-0.7781560000000001
-1.07826
-1.21034
1.21564
0.0
-0.9288780000000001
-1.41114
-1.0232299999999999
-0.538679
-0.526582
-0.0923682
-0.695152
-1.3020399999999999
-1.2994299999999999
0.164569
0.63166
-0.8968309999999999
0.255824
-2.08108
0.0
-0.191547
0.0
0.000286794
0.291596
0.483016
-1.85306
-0.690945
-1.70967
-1.08789
0.00353659
0.497558
-1.11365
0.172242
0.6579699999999999
0.822462
0.775088
-3.03721
1.07938
-1.4899799999999999
-0.458762
-2.49803
0.0
-1.6884
-0.8966350000000001
0.0
-1.14592
1.16442
-0.304423
-1.41981
-0.00672249
-0.787669
-0.507525
-0.922976
1.34805
2.2945900000000004
0.13206700000000002
0.544771
-0.923234
2.1384
-0.9275549999999999
-0.07746360000000001
-1.67845
0.226519
-0.052687
1.3033700000000001
0.0165989
0.262194
0.147134
0.000430366
-0.67467
-0.9618479999999999
-1.38344
0.430569
-1.01312
0.49347700000000005
-0.24705500000000002
-0.738193
-0.36812
-1.56572
-0.69917
-1.44327
-0.25545500000000004
-1.1253600000000001
0.0
-1.16267
-1.8584900000000002
-1.65992
-1.5726799999999999
-1.01021
-2.37398
0.0
-0.731359
0.027898900000000004
0.749147
0.5091180000000001
-1.71938
0.148081
-1.6883
-0.0439257
-0.7362810000000001
-1.11045
-2.11774
-0.289385
0.0
-2.0920400000000003
0.304315
0.367267
0.0
-1.9951900000000002
1.08398
-1.0580200000000002
1.02499
-0.111202
-0.6034109999999999
-1.5776299999999999
-1.43173
-0.259119
0.249495
-0.0143112
-0.580863
0.50952
-0.6771520000000001
-2.25412
-0.9901040000000001
0.0
2.1941
0.726564
-0.62564
-1.15096
-0.0215788
0.138457
0.6579699999999999
0.6579699999999999
-1.2086
0.65551
1.64018
-0.647501
-0.922298
-0.280555
-1.6782099999999998
-1.49306
-1.8244799999999999
0.385427
-0.018055500000000002
0.0
-0.928392
-0.18756199999999998
1.6204399999999999
0.0
-1.40603
-0.0803076
0.5641520000000001
0.0
-1.41693
-1.49195
0.5713550000000001
-1.6032799999999998
-0.32313000000000003
-0.9258850000000001
-0.229634
-1.9638400000000003
-2.0543400000000003
-2.48723
-0.7216819999999999
-0.44155200000000006
-0.7268560000000001
-0.44181400000000004
-0.08470880000000001
-0.337629
-1.88215
-0.0750155
-1.3049600000000001
-0.191366
-1.78341
0.563277
-0.8969719999999999
-1.45174
1.1320000000000001
0.38088299999999997
-0.585954
-1.0172700000000001
-1.54551
0.373109
-0.818379
-2.56941
-2.98252
-1.58659
0.0
-0.183979
-0.676346
0.6579699999999999
0.43754399999999993
0.9601299999999999
-1.13447
-1.42103
-0.5728300000000001
1.3832
-0.186002
0.039859
-0.12576099999999998
-0.9682
0.376281
0.555933
-1.86782
0.974246
-2.33196
-1.0365799999999998
-2.59871
-1.6324299999999998
0.840432
-1.76558
-0.935067
0.647516
-0.0674841
-1.6876400000000003
-0.280441
0.0
-0.41601099999999996
-1.8459299999999998
-1.21236
-1.7876299999999998
0.854584
-2.3859
0.0
-0.5208729999999999
-1.04162
0.11719500000000001
-0.434004
0.614275
-1.31693
0.745877
-0.32818
-1.69433
0.0
-0.36539
-0.6108600000000001
-1.31431
0.222807
-1.08257
0.45894700000000005
1.4063700000000001
-0.877444
0.593935
-1.06449
0.0
1.2277
0.747
-0.8278209999999999
-2.32754
-0.134229
-1.60802
0.0
0.428555
-0.0184594
-0.6051380000000001
0.0
1.38035
-1.01403
-0.9521120000000001
0.0
0.186185
-0.23369099999999998
-0.530963
-0.967528
-0.9311209999999999
-1.06504
-1.21895
-1.9203400000000002
-0.6220220000000001
-2.28135
-1.2165
2.85177
-0.514067
-1.49706
0.8362139999999999
0.49846
0.509134
-1.7555900000000002
-2.0004
-2.2663
0.0667117
-2.27877
-1.63798
-1.0675700000000001
0.00931612
-1.2960399999999999
-0.020497
-1.2793
-0.322619
-0.00471319
-1.32718
-0.780269
-0.766257
-0.7761399999999999
0.46666599999999997
-0.17183900000000002
-1.27158
-1.56915
-1.7499200000000001
-1.13449
-0.9175989999999999
-1.48006
-1.19106
-0.46249300000000004
1.22031
-0.9125409999999999
-0.5559609999999999
-1.73535
-0.639494
0.547642
0.0
-0.0750155
-1.02411
-1.18062
-1.31925
-3.3830199999999997
0.0
0.0
0.0
1.05912
-2.91175
-2.70146
0.547081
-1.28435
-1.4558200000000001
0.361861
-0.0992904
-1.4743899999999999
-0.872339
0.359214
0.157132
-1.83412
-1.3905100000000001
0.0
-2.62945
-1.3835
0.164607
-1.1568100000000001
1.8641599999999998
-0.260411
0.395124
-0.726825
0.7900119999999999
-0.8138890000000001
0.24389499999999997
-2.38459
-1.37299
-1.8247400000000003
1.29884
0.734187
-2.67846
-0.186002
-0.397663
-1.60857
1.37509
-1.1027200000000001
-1.0987799999999999
1.1226200000000002
-0.817136
-1.05788
-1.7750599999999999
0.0
0.9385620000000001
0.204891
-1.67343
-2.5104
-1.2148
-1.46855
-0.463351
1.2652
0.0
-1.19232
0.0
0.282618
0.760422
0.916532
0.335321
0.40314
0.473764
-0.379604
0.6866939999999999
1.36817
-0.0750155
0.854167
-0.8319340000000001
-0.8614870000000001
-2.4561
-0.7789590000000001
-1.37824
-1.50379
0.204066
-1.46961
0.266358
0.277617
-0.036165300000000004
-0.429751
0.0
-1.1782299999999999
0.361719
-0.930384
-0.858762
-2.5093400000000003
-0.805636
0.0
-0.325773
-0.511946
0.45776400000000006
1.3530799999999998
-0.919969
-0.674028
-2.09002
0.0976761
-0.111106
-1.57823
-0.968383
-1.7751700000000001
-1.00753
0.6718689999999999
-4.02869
-2.1048
-0.8801889999999999
0.671721
-1.51272
0.0
-0.297757
-0.470842
-0.89949
0.0
-0.274307
1.5104899999999999
-0.357527
0.6070800000000001
-0.787676
-0.5986670000000001
0.0
-1.4033
-2.75188
-0.6073189999999999
-0.944523
-1.46601
1.16316
-0.45136499999999996
-1.78181
-0.586158
-0.761352
-0.28182199999999996
-0.300734
-1.84065
-0.9469360000000001
0.0
-2.18091
-1.13826
-0.198694
-1.8717400000000002
-0.772226
-1.38049
0.397063
-0.9811280000000001
-0.321292
-1.3762
0.194601
-0.9413100000000001
-1.32003
-0.9656049999999999
-0.5904699999999999
-0.11098699999999999
-0.782862
-0.6302939999999999
0.0
-0.24496700000000002
-0.818487
0.0
-0.134493
1.09263
-0.723379
-0.43484399999999995
-2.11502
-1.80483
0.18009
0.60728
-1.5129299999999999
-0.6200829999999999
-0.009855200000000001
1.7326400000000002
0.212256
-0.645816
0.0
-0.9936280000000001
0.557519
0.0690678
-0.0428992
-0.778982
0.0
-1.1251
-0.730406
-1.0267600000000001
0.987433
-0.400258
-0.32545100000000005
0.313659
0.0
0.0
-0.723067
0.08442039999999999
-1.33331
-0.909108
-1.9879099999999998
-0.06647239999999999
-2.50217
0.884884
-1.29885
0.0
-0.396048
-0.121313
-1.29131
1.4767
0.0
0.292052
-2.16086
-0.599308
-1.9819799999999999
-2.1875
-2.19548
-2.60786
-1.03474
-0.790794
-0.415998
-0.750677
-1.37857
-2.3937
0.403125
-0.387273
-2.4798
2.38441
-0.389955
-0.0467804
-0.256377
-1.41574
0.0204778
-1.32772
0.25151999999999997
-0.412121
-0.597847
-1.33536
1.77027
-0.834522
0.0
-0.511074
1.28348
-0.745576
1.1644700000000001
-0.710901
-1.19564
0.362336
-1.00889
-0.690707
-1.83837
-2.35269
1.08651
-1.03911
-1.55728
-1.0955700000000002
-0.14054
-0.5620890000000001
0.9452450000000001
0.336061
-0.766574
0.799743
0.9020100000000001
-1.2052399999999999
0.6455350000000001
-1.9012099999999998
-0.7325119999999999
-2.03824
1.04982
-1.39245
0.22626500000000002
-0.8096979999999999
0.0
1.8807900000000002
-0.47841999999999996
-1.12555
-0.051330799999999996
-0.585238
0.316828
0.0
-3.4601800000000003
-0.764458
-0.582625
-1.74215
-2.53882
0.342634
-1.7412400000000001
-1.28647
0.596572
-0.270404
-0.314695
-2.33812
0.405456
-0.07970210000000001
-1.1296899999999999
-0.972101
-1.1606100000000001
-0.43603000000000003
0.173328
0.888711
-0.28380500000000003
0.8552690000000001
0.0
-0.0750155
1.2511700000000001
0.0
-0.89064
-1.4318600000000001
-2.3313200000000003
-0.172273
0.531207
0.0
-1.93396
-1.34802
0.8824280000000001
0.0291453
-0.742019
-4.27506
-2.79298
0.0150388
-0.53665
-0.23665999999999998
0.0
0.0
-0.0268805
1.1237700000000002
0.0
0.158494
-2.06039
0.042418300000000006
0.7706390000000001
-0.405688
-0.351147
-0.902116
0.5496840000000001
1.9334900000000002
