0.8688239999999999
0.71134
0.904071
0.788111
0.833219
0.8614799999999999
0.416254
0.7218289999999999
0.62698
0.896324
0.801635
0.8053600000000001
0.8053600000000001
0.843506
0.635133
0.903724
0.9182739999999999
0.889739
0.760625
0.7799
0.640997
0.702604
0.552473
0.490385
0.773333
0.687858
0.269311
0.635455
0.48144799999999993
0.48144799999999993
0.67065
0.00907054
0.763799
0.7669060000000001
0.8930020000000001
0.803319
0.562611
0.8648889999999999
0.707903
0.641777
0.886166
0.895697
0.354706
0.5583359999999999
0.0651331
0.5864699999999999
0.7665489999999999
0.699354
0.750079
0.5771970000000001
0.867481
0.518975
0.9572200000000001
0.582918
0.714054
0.8225959999999999
0.7987810000000001
0.675295
0.570828
0.8798549999999999
0.878697
0.162103
0.794114
0.629959
0.5333359999999999
0.293207
0.848834
0.891508
0.826779
0.189523
0.5959399999999999
0.852009
0.838173
0.8473510000000001
0.5674939999999999
0.5674939999999999
0.744226
0.861965
0.768881
0.803398
0.795161
0.21443800000000002
0.28938
0.837398
0.562213
0.457449
0.669524
0.87931
0.8555309999999999
0.9117559999999999
0.912532
0.481774
0.9429879999999999
0.890817
0.9143629999999999
0.815445
0.762625
0.9048360000000001
0.228075
0.935027
0.869067
0.91122
0.8551280000000001
0.932535
0.962751
0.709967
0.493472
0.8616540000000001
0.822785
0.888199
0.903076
0.908684
0.831592
0.8290870000000001
0.8667600000000001
0.889774
0.8850959999999999
0.533643
0.541686
0.7550819999999999
0.146861
0.347387
0.323429
0.647482
0.859266
0.7639020000000001
0.866761
0.8571690000000001
0.256757
0.73198
0.774949
0.8591629999999999
0.8640770000000001
0.538021
0.902418
0.155227
0.132607
0.7562409999999999
0.909806
0.9457899999999999
0.829896
0.456092
0.0692441
0.9158620000000001
0.868292
0.9266139999999999
0.880275
0.6414449999999999
0.770656
0.803896
0.8787219999999999
0.410412
0.75308
0.21971500000000002
0.429134
0.6581199999999999
0.825901
0.272766
0.687739
0.86923
0.48527700000000007
0.893699
0.914306
0.861931
0.812196
0.725489
0.911434
0.5151439999999999
0.893175
0.8446540000000001
0.214261
0.283969
0.283969
0.457517
0.457517
0.760656
0.787196
0.747313
0.9202889999999999
0.911243
0.831842
0.879632
0.796725
0.8220379999999999
0.739455
0.795918
0.690014
0.630549
0.849468
0.8180310000000001
0.898011
0.305354
0.45976999999999996
0.6134029999999999
0.6630510000000001
0.8666809999999999
0.808647
0.824674
0.573761
0.143621
0.87389
0.8316370000000001
0.884266
0.273388
0.418167
0.8578899999999999
0.549696
0.780222
0.756077
0.942212
0.772122
0.862451
0.869876
0.255328
0.35191
0.902159
0.5626479999999999
0.885811
0.723733
0.349684
0.8501489999999999
0.706325
0.549768
0.9117649999999999
0.920701
0.804608
0.741783
0.90904
0.8709290000000001
0.961354
0.890717
0.714923
0.647098
0.8269700000000001
0.947644
0.6879270000000001
0.885763
0.8213530000000001
0.770903
0.829894
0.889126
0.711156
0.955471
0.944667
0.930961
0.9226840000000001
0.8991600000000001
0.9128209999999999
0.867276
0.691936
0.721314
0.8312370000000001
0.8723639999999999
0.7318439999999999
0.6582279999999999
0.7558229999999999
0.9283790000000001
0.816801
0.7548779999999999
0.924768
0.8742850000000001
0.898451
0.9534309999999999
0.851474
0.9136290000000001
0.935508
0.868245
0.8710600000000001
0.8748360000000001
0.6694939999999999
0.861058
0.375315
0.558551
0.817391
0.758621
0.908524
0.9557049999999999
0.8045100000000001
0.767783
0.767783
0.9069290000000001
0.202229
0.44871000000000005
0.533051
0.8454
0.479709
0.736358
0.825699
0.14366800000000002
0.14366800000000002
0.720191
0.8787530000000001
0.872232
0.875
0.810649
0.8685709999999999
0.961039
0.9271860000000001
0.918192
0.923926
0.8972540000000001
0.488187
0.8984340000000001
0.423921
0.0712809
0.192004
0.736366
0.807361
0.807732
0.557143
0.8638680000000001
0.807261
0.072638
0.013803600000000001
0.856612
0.726766
0.9267709999999999
0.728919
0.810118
0.65156
0.659091
0.36394499999999996
0.166544
0.144094
0.641234
0.719125
0.7918970000000001
0.8786700000000001
0.9090309999999999
0.848683
0.793987
0.9265629999999999
0.6604300000000001
0.313342
0.9261530000000001
0.5322680000000001
0.1344
0.631339
0.131348
0.743323
0.23781999999999998
0.0456953
0.14332
0.7517
0.9619049999999999
0.9110739999999999
0.835117
0.771491
0.759501
0.751606
0.8416469999999999
0.657456
0.893475
0.9136559999999999
0.607271
0.526084
0.896734
0.898314
0.8967
0.795024
0.8451489999999999
0.9140389999999999
0.691804
0.8412780000000001
0.8650610000000001
0.788242
0.8276309999999999
0.772169
0.885861
0.8926350000000001
0.836878
0.287879
0.9033770000000001
0.857333
0.852519
0.7301479999999999
0.928016
0.46909399999999996
0.85915
0.854765
0.837725
0.9214549999999999
0.10666099999999999
0.10627
0.10627
0.823317
0.888598
0.8646159999999999
0.791257
0.611266
0.8535219999999999
0.833282
0.357602
0.569762
0.5283140000000001
0.0355271
0.0619484
0.61182
0.447808
0.14913900000000002
0.5468649999999999
0.882009
0.9103969999999999
0.901782
0.890439
0.917169
0.937109
0.9141729999999999
0.378945
0.362979
0.814137
0.840242
0.679767
0.585766
0.33055100000000004
0.443355
0.7657619999999999
0.889109
0.8914700000000001
0.197249
0.19101700000000002
0.9238780000000001
0.649734
0.5886319999999999
0.841518
0.8507030000000001
0.8707940000000001
0.867497
0.894545
0.894545
0.93317
0.8199489999999999
0.9375399999999999
0.870467
0.9069290000000001
0.8902
0.794076
0.7295010000000001
0.8037989999999999
0.77713
0.849191
0.850743
0.592801
0.8613379999999999
0.9062969999999999
0.9211719999999999
0.382895
0.918697
0.9657819999999999
0.821946
0.708443
0.9328639999999999
0.274925
0.468279
0.214705
0.976513
0.812389
0.744388
0.8222229999999999
0.904032
0.935251
0.74074
0.818555
0.8849440000000001
