-0.253158
0.110803
-1.7131299999999998
-0.191333
1.93934
0.909984
0.761921
-1.05273
-0.6786260000000001
0.11612
2.5084
-0.186156
-1.0705200000000001
-0.154698
0.24477600000000002
2.927
1.1124
-1.28175
0.0313212
-0.373801
-0.9820040000000001
-0.220627
-1.83267
1.09425
-1.04155
3.8807099999999997
1.9228599999999998
0.32924200000000003
-0.143334
0.16547
-0.46556000000000003
-0.000116975
0.353152
1.34641
-0.0819336
4.79065
-0.13173900000000002
-0.639958
1.11519
-0.551234
0.036650300000000004
0.17534
-0.9182610000000001
0.0788547
-0.439042
0.123726
0.7626729999999999
-0.07678810000000001
2.85425
-0.883367
2.19461
0.28386
0.47006800000000004
-0.109144
-0.16721
-1.29595
2.39356
-0.106735
2.17405
0.154111
-0.22295
-0.810488
0.23356100000000002
3.83932
-0.0461758
-0.13784000000000002
-0.213627
-0.963578
0.272956
-0.9913299999999999
-0.0703347
-0.805142
2.97883
0.669299
4.55233
0.743626
3.51707
4.45953
-1.45374
4.7483
5.06297
-0.22271300000000002
3.7393
-0.665904
-0.616496
1.35858
-0.18305
1.46759
0.541205
0.262642
0.0274428
-1.42771
1.9731299999999998
4.03334
4.1742099999999995
0.865876
-1.27714
-0.420922
0.0838296
2.81292
0.17852200000000001
2.75247
2.57648
0.186914
1.35132
-1.38255
-0.578549
3.56275
-0.812558
0.0293712
1.90914
-0.775696
0.15717899999999999
0.661145
0.40184000000000003
1.6442299999999999
0.381863
-0.91827
-0.028870299999999998
1.0993
2.06921
0.28075
0.443162
-0.224181
0.270413
0.728982
-0.027786599999999998
5.87831
2.94495
3.0270900000000003
5.02476
-0.13741
2.94867
-0.152448
-1.31308
-0.258355
0.24329299999999998
0.8616889999999999
3.91718
-1.34954
-0.693484
0.491565
-0.849744
2.69643
2.1156
3.7972
-0.887965
-0.50051
3.6156699999999997
4.40175
-0.36249499999999996
-0.547536
-0.794917
1.50215
0.495151
3.3349900000000003
0.738775
4.73137
-0.788431
4.64878
-2.41804
3.48487
4.8291699999999995
2.87049
-1.26975
-0.0469156
4.9388
3.12584
2.07248
2.91716
-1.13786
-0.527452
-2.15307
2.52552
3.39834
3.16695
-2.76956
5.72417
-0.924752
-0.27300399999999997
4.14807
-0.595683
2.4941299999999997
3.74948
1.39429
2.59165
-0.43999099999999997
-0.370174
2.11061
1.29316
0.746911
3.6173300000000004
-0.8531569999999999
-1.4317
4.87301
-0.085518
-0.6480670000000001
-0.48268
-1.81847
3.5444400000000003
0.281156
2.77197
1.40937
3.1924200000000003
3.3336900000000003
3.21103
5.013719999999999
2.64066
2.4083200000000002
0.330569
5.57325
2.2888900000000003
-0.8978149999999999
-1.01284
2.08175
-0.330532
3.11974
-0.046831300000000006
-1.51757
2.95926
-1.46001
4.56467
-0.0696793
3.1736299999999997
1.04944
5.23421
-1.3454700000000002
1.49797
0.134745
-0.201683
-0.927501
3.5421400000000003
-2.00347
0.891601
0.474364
4.85696
-2.3542099999999997
0.659646
-0.723862
-0.233231
0.791801
3.57458
3.63535
4.37571
-0.528054
-0.7233350000000001
2.8730900000000004
2.04038
-0.14485599999999998
-1.58619
-0.735984
4.21632
2.12397
1.27824
0.06416380000000001
3.17125
3.4064099999999997
-1.5956
-0.863233
2.46485
4.589980000000001
4.656540000000001
4.67496
3.7322300000000004
3.72246
-0.5783
-0.249716
-0.63747
0.39256199999999997
1.5005700000000002
2.55305
0.13116
0.623135
2.2896099999999997
4.54526
3.38611
-1.8691900000000001
-1.49776
4.89158
-0.31393000000000004
-0.44454499999999997
-0.591154
-0.8949950000000001
0.248031
-0.954354
-1.16096
-0.410109
-1.6374
-1.43937
-1.30824
-0.245477
-0.810634
-0.879065
-0.133019
-1.2681
-1.28118
-0.697156
-0.674743
-1.9136400000000002
0.42600200000000005
-0.909227
0.0
0.0
0.0
-1.52674
-0.5157619999999999
-1.01509
-1.0389700000000002
-0.424029
-0.707612
-0.492968
-1.9907400000000002
0.0
-0.621771
0.920743
-2.07593
-0.45002600000000004
-0.144791
-2.2860400000000003
0.0
-1.8479700000000001
-0.615298
-0.593004
0.089645
-1.61978
-0.9465469999999999
-1.30989
-0.849993
-1.18679
-1.6455099999999998
0.08585330000000001
0.280439
-0.356016
-0.8371139999999999
0.0
-0.146591
-0.805284
-0.9566370000000001
0.9479879999999999
-0.687959
-1.0475700000000001
-0.374415
-0.575345
-1.17344
-0.729658
-1.16239
-0.0200038
-0.286392
-0.964299
0.194146
0.609202
-1.01083
-1.7959
-0.23644400000000002
-0.048887099999999996
-0.660369
0.0
-1.04934
-0.641217
-2.2773
-0.32008400000000004
-1.59418
-1.09399
-1.26379
-1.03506
-0.472312
-0.897509
-0.616092
-0.166668
-0.33218400000000003
-0.7610439999999999
0.033081900000000004
-1.2812299999999999
-1.43782
-2.7164200000000003
-2.1387
-1.00184
-0.5653729999999999
0.43328199999999994
-0.33403299999999997
-0.310371
-0.71028
-0.886532
-0.8340280000000001
-1.263
-0.532281
-0.9361379999999999
-0.671554
-0.269471
-2.7932
-2.74214
1.1967
0.174174
-0.666144
-0.0477251
0.517763
-1.0228700000000002
-1.0050299999999999
0.0
0.18259
-0.491623
-1.3361299999999998
-1.82663
-0.570086
-0.908058
0.0
-0.417134
-1.34751
-0.031119499999999998
0.1119
0.409145
0.174814
-0.7279220000000001
-0.838736
-1.32226
-0.955649
0.348434
0.318893
0.0
-0.7529359999999999
-1.07202
-0.799976
0.0
-0.32421
1.3187
-1.16838
-1.68252
-1.63484
-0.411896
0.9402379999999999
0.402053
0.233821
-2.11444
-0.253779
-0.9354620000000001
-0.466129
0.30446599999999996
-0.6928890000000001
-0.121699
0.0
-0.848567
-1.5985
-0.8301209999999999
-0.312183
-0.864016
-0.651587
-1.78404
-0.265469
-1.22157
-0.583163
0.5518649999999999
0.0519249
-0.730694
0.341652
-0.189654
0.5966239999999999
-0.616862
1.5917299999999999
-1.40885
0.0
0.0827255
-0.858915
0.29787399999999997
0.9714659999999999
-0.330301
-2.44767
0.0556456
0.0
0.0672225
0.166632
-0.38600500000000004
-2.33236
0.243668
-1.5999299999999999
-0.175539
-0.7892140000000001
-0.11010999999999999
-1.3821700000000001
-0.11781900000000001
-0.5630430000000001
-1.24698
-0.6529149999999999
-0.590411
-1.19908
0.061969500000000004
1.0617299999999998
0.413177
-1.39709
-1.21653
-0.634221
-0.858397
0.383657
-0.0663525
-0.204658
0.0326247
-0.209948
-0.45532399999999995
-0.31509000000000004
0.401084
-0.0687312
-0.760275
-0.22217399999999998
0.0
-1.7357799999999999
-0.7243890000000001
-2.06672
-1.06177
-1.3432899999999999
-1.56618
-0.793317
0.896532
-0.570734
-0.0670348
-0.00826943
-0.472174
-1.2363600000000001
-0.423849
-1.06992
-0.997445
-0.239267
-1.2676100000000001
-0.34727800000000003
-0.615397
0.0284635
0.0426886
-1.10237
-0.193347
-1.51125
-0.23835
-0.027874700000000002
-2.86647
0.0
0.471109
-0.377672
0.027026799999999997
0.059717099999999995
0.367268
-1.0300200000000002
0.0
-0.6453979999999999
-0.414162
-0.7025600000000001
-0.744078
-0.633847
-0.751787
-2.84567
0.548451
-0.651559
-1.64652
-2.17198
-1.47514
-1.19875
-0.658622
-1.18297
-1.0239200000000002
-0.434411
-1.14911
0.0074309
-1.33705
0.0
-1.03388
-1.1638600000000001
-1.01695
-1.20468
1.11095
-1.3628200000000001
0.0
2.12368
-0.7501140000000001
-2.4510400000000003
0.0
-1.31655
0.0396745
0.9624790000000001
0.0
-0.8817159999999999
-0.935378
-0.6406689999999999
-0.957791
-0.43141499999999994
-0.287142
-1.1010799999999998
-0.01968
-1.01934
-1.6706400000000001
-0.682657
-0.5916399999999999
0.187347
-1.09915
-0.8724149999999999
-0.26143299999999997
-0.423572
0.383383
-1.01063
-0.384823
-0.615632
-0.599522
-0.878417
-0.6462829999999999
-0.313506
-1.36703
0.24105300000000002
-0.576266
-1.35811
-0.446355
-0.945351
-0.06611399999999999
-0.302681
-3.1092
-0.10356099999999999
-2.15104
-2.54083
-0.608739
-0.555964
0.059373800000000004
-0.38140100000000005
-0.0984468
-0.8095060000000001
0.948766
-0.440673
0.546561
-0.299662
-0.787547
-1.53051
-0.897184
0.0
-1.04105
-0.95031
-0.146121
-0.127801
-0.023071099999999997
0.0
0.0
-3.31485
0.560968
-0.5581079999999999
0.22343000000000002
0.988293
-2.85221
-0.355981
-0.991043
-0.318693
-1.26253
-0.5099
-1.48605
0.156275
-2.2107200000000002
-0.770025
0.0
-0.280455
-0.20686999999999997
-0.983368
-1.13798
-1.84533
-0.585771
-1.40222
-1.3339299999999998
-1.3878700000000002
-0.851858
-0.5067149999999999
-0.924467
-0.589536
-0.757679
-1.13553
0.229323
-0.923881
-0.07675549999999999
0.739174
-0.387225
-1.42937
-0.849269
-0.534297
-0.6348689999999999
-0.9008520000000001
-0.907924
-0.26747
0.0
-2.8292200000000003
0.0065941
0.0845288
-0.69843
-0.770099
0.816513
-0.7842520000000001
-0.977391
0.0
-0.703545
0.0
-1.36155
-0.8709540000000001
-0.65587
-0.453265
-0.366733
0.29276399999999997
-0.289536
-0.9911719999999999
0.52703
-0.494158
0.10172
-0.218534
-0.6065560000000001
-1.23296
-0.750332
-1.94088
-1.0716
-1.40836
-2.53967
0.191779
-1.49201
-0.77276
-0.7157439999999999
0.5107149999999999
-1.3313700000000002
-0.9601299999999999
-0.451946
-0.8131510000000001
-1.38555
-0.6081270000000001
0.0
-0.669689
-0.8192020000000001
-0.5634640000000001
-1.04929
0.502536
-1.1456600000000001
-1.20792
-0.658628
-1.7454
-1.7181400000000002
-1.17973
0.123925
-0.11776400000000001
-0.351109
-1.1502700000000001
0.100277
-0.8335629999999999
-0.917522
0.272376
-1.9121400000000002
-1.02686
0.273123
-0.8366790000000001
-0.130053
-0.668538
-0.385493
-0.8027350000000001
-1.2185
-0.280385
-0.465447
0.0
-0.562081
-0.25637600000000005
0.607217
-0.288392
-0.57594
-0.8946139999999999
-0.476308
-0.373623
0.596885
-1.8050099999999998
-0.85562
-0.6534810000000001
-0.874783
-1.42274
0.0
-1.4167399999999999
-1.73521
-1.65182
-1.15635
-1.7225599999999999
-0.844002
-0.25867199999999996
-1.04227
-3.3371699999999995
-0.5094770000000001
0.295903
0.325307
-0.194399
-0.9201299999999999
-0.262281
-1.38514
-0.763239
-0.582379
0.0
-0.578691
-0.8801200000000001
0.146868
-0.9982700000000001
-0.38788
-0.59905
-1.14285
-0.8449200000000001
0.397926
-0.036637800000000005
-0.7273970000000001
-1.9699200000000001
-0.855433
-0.291051
-0.24608899999999997
-1.57869
0.804787
-1.3513899999999999
-1.64441
0.0109882
-1.26732
-0.0109113
0.10321300000000001
0.0
-0.20940100000000003
-1.1901
-0.9459719999999999
-0.789628
-0.390325
-0.028566900000000003
-0.353123
0.0
0.0
-1.41546
-0.35941999999999996
-0.271305
-1.09558
-1.10607
-1.2011
-1.31328
-0.15198
0.19603199999999998
0.0
-0.8160229999999999
-0.771359
-0.511282
-1.60066
0.0
-0.22797399999999998
-0.6276470000000001
0.307217
-1.30674
-0.5803189999999999
-0.619939
-0.652488
0.19674
-0.844355
-0.46238
-0.237895
-0.5021899999999999
-0.083688
-0.15998800000000002
-1.04431
-0.6043
-0.251896
0.44702600000000003
-0.256029
-0.207943
-0.509225
-0.16178599999999999
-0.8668879999999999
-0.23948899999999998
-1.1085399999999999
-1.12834
-1.40632
-0.283489
-0.11623
0.5874699999999999
-1.23664
-1.07407
-1.17876
-1.4562700000000002
-0.447371
-0.8417610000000001
-0.28734699999999996
-0.138348
0.12828
0.734338
-1.90363
-1.1334
-0.9536
-1.9769700000000001
-0.8363360000000001
-0.379152
-0.133623
0.0189463
-0.827406
-0.14288
-0.759679
-0.575679
-0.37503200000000003
-0.376231
-0.49463100000000004
-0.573438
-0.719063
-1.46244
-0.26839
-0.0242612
-1.0947799999999999
-0.178517
-1.53278
-0.867864
-1.5043
0.13383499999999998
-1.74543
-1.6384400000000001
0.0
-0.95973
-1.39757
-1.9187900000000002
-1.9497400000000003
-1.9825400000000002
-2.16837
-1.8488900000000001
-0.561495
-0.341713
-0.844456
1.22553
-0.31273
0.747092
0.323465
-1.56302
-1.16864
-1.69182
-1.32541
-0.8735209999999999
-0.628567
-0.691398
0.13924
0.0
0.133885
-0.525536
0.0
-1.63396
-0.5280279999999999
-1.08474
-0.642045
0.178506
0.0
-1.7583900000000001
-0.35373899999999997
-1.89747
0.68639
-0.5753590000000001
-0.358983
-1.38027
0.151084
-0.9879030000000001
-0.5484319999999999
0.0
0.0
-0.537702
-2.4392400000000003
0.0
-0.379803
-0.0505045
-0.972879
0.776745
0.367319
0.509621
0.421387
0.179509
-0.095867
