-0.421062
-0.461291
-2.34849
-4.46847
-1.23705
-1.06492
-1.31049
-1.64005
-1.9229
-0.603582
-1.81286
-2.01138
-2.01138
-2.6488
-0.97835
-2.07711
-0.8820709999999999
-1.91841
-1.05531
-1.46402
-0.60506
-2.21677
-3.93359
0.179575
-2.85279
-2.6656
-2.51595
-2.6554599999999997
-2.30936
-2.30936
-3.20867
-3.4514099999999996
-2.54882
-0.0571519
-1.0212
-1.40599
-1.9454799999999999
-1.6319700000000001
-2.8315599999999996
-1.6550599999999998
-0.7808609999999999
-0.520357
-0.40539400000000003
-2.11755
-2.54963
-1.80675
-0.924365
-2.95689
1.7945
4.6452800000000005
-0.9655870000000001
5.47091
-0.8822409999999999
-2.2282
-0.163181
-1.68714
-1.2639
0.0826138
-1.8843599999999998
0.434283
-1.0424799999999999
-1.56378
-1.9603099999999998
-2.44633
-1.02475
-0.516799
-0.902761
0.0902151
-1.68292
-2.2960599999999998
-6.070530000000001
0.0875843
-0.215475
1.9610900000000002
-2.26383
-2.26383
0.06601699999999999
0.23141599999999998
0.33033
-0.6061479999999999
-1.7512599999999998
-0.424721
-1.3696700000000002
-2.50853
0.323363
0.6499119999999999
-3.91059
1.2948600000000001
-0.34333600000000003
2.13472
1.56532
-1.78709
-1.33579
-0.751238
0.29722800000000005
0.7734989999999999
-2.36835
0.18754400000000002
0.9526399999999999
-0.278161
-1.15109
-0.238258
-1.3210899999999999
2.19369
-0.505123
1.18374
0.747251
1.11079
2.5523
5.45305
5.4991699999999994
0.858978
-0.38014499999999996
0.13150599999999998
-0.281914
-1.97195
0.659249
-2.17956
-3.19948
-1.8787
-1.57
-3.2997
0.9885079999999999
2.00847
0.165027
2.52821
3.5834699999999997
1.7769400000000002
0.42413500000000004
0.333121
0.731598
5.08823
2.1983599999999996
0.925299
0.569802
-0.5892
-0.9218149999999999
0.9429620000000001
1.9256400000000002
0.719321
1.24174
-0.470617
-1.25321
-3.7042599999999997
-0.191168
0.409262
3.14741
3.20625
-1.8185900000000002
-1.4733399999999999
-3.3969
-1.31082
-2.38545
-3.6490099999999996
-1.7004400000000002
1.01963
-1.13571
-2.99801
-1.24496
1.1717600000000001
-0.48088000000000003
0.610923
-1.8490400000000002
-1.20965
0.119144
-1.47004
-1.3443200000000002
-4.52915
-2.5380599999999998
-0.723435
-2.91929
-2.27936
-2.27936
0.9411950000000001
0.9411950000000001
5.8879
0.9629530000000001
0.43982
1.4902799999999998
0.77623
0.0087565
1.1586299999999998
0.722193
0.170679
-0.6708970000000001
-1.69609
0.48262
-1.4412
0.0716895
1.5435299999999998
-0.13933800000000002
-2.35925
-1.28383
-1.63965
-1.49338
1.05287
-0.501587
-1.66808
-0.861894
-1.8057400000000001
-0.8377950000000001
1.9749700000000001
0.886075
1.2839399999999999
-2.60898
5.58994
-0.46928400000000003
-2.3935400000000002
1.6682700000000001
-1.52457
3.0874599999999996
1.62696
-0.840125
-0.366473
1.30005
1.40707
1.8541400000000001
3.1069
-0.45001599999999997
0.8185
-2.29167
-0.264716
-0.0296485
-0.9606819999999999
-0.289498
-1.95839
-1.74911
1.9773599999999998
-1.57778
0.0
0.37665
-0.00919624
1.89783
0.9255450000000001
1.91875
-4.3318
-2.6583099999999997
0.0493987
0.020663400000000002
-0.301122
2.22632
1.57266
-3.23333
-2.6558
-2.40167
-0.964208
-0.667756
0.384191
-0.00306276
-0.937308
0.8270219999999999
-2.07539
-0.43195500000000003
-0.692891
3.34869
1.89435
-1.96219
-1.0889
-0.9481569999999999
-2.20702
0.900725
-0.734495
-1.38844
1.00197
1.33121
0.641505
-0.557971
1.28206
-1.54359
0.37885100000000005
0.789999
-0.990612
0.321297
-2.22048
-2.38115
-0.8429209999999999
1.05944
1.74344
-2.56236
-2.56236
-0.634538
1.55726
-1.71767
-2.64764
-1.7674900000000002
-3.3130699999999997
-1.90347
-0.7839520000000001
-1.16772
-1.16772
-1.1656600000000001
-1.87683
-0.06917999999999999
1.57582
1.16764
-1.11961
0.346019
-1.11801
0.610208
-1.98212
-1.4501600000000001
-1.81719
1.38344
-1.31371
-2.9295
-1.9733599999999998
-1.65125
-0.647289
-0.451812
0.486313
0.5285890000000001
-0.200824
-2.37696
0.949081
1.83267
-0.5216930000000001
-1.716
-0.6864140000000001
-1.8996400000000002
-0.582016
0.0771465
-1.91082
0.40976999999999997
-2.4115900000000003
-0.132908
-1.2551700000000001
-3.25146
-3.50104
-0.8283010000000001
-0.790136
0.0452168
0.0178945
0.07292699999999999
-1.3663100000000001
-2.00782
0.24053400000000003
-2.00257
-3.3553599999999997
-1.23412
-1.05607
-0.6635939999999999
-1.65681
-4.05777
-3.4432
-1.4104700000000001
-0.451582
-1.58654
3.12952
-0.8626659999999999
-0.601902
0.861667
-0.311967
-0.534814
0.050285699999999996
2.65992
2.74697
-2.85717
0.23203200000000002
-0.418293
1.03967
-0.869352
0.479437
-0.42197799999999996
0.0324846
2.50642
1.42416
4.0233099999999995
1.0940299999999998
0.8956799999999999
3.91759
0.282833
-1.49022
2.11928
1.65317
-1.28356
-1.0434
0.247453
-1.7787
-0.529363
-1.52491
-1.07419
-2.2102
-4.1005
-2.97273
-2.97273
-2.4630900000000002
-1.31231
2.38473
-0.8716149999999999
-1.3726
1.99393
-0.074161
-1.28706
-1.50921
-3.84861
-1.7211900000000002
-1.3034
0.0460464
0.399621
-1.04683
-0.550862
-1.5207600000000001
-1.9885599999999999
-2.09471
-1.21945
0.31754299999999996
1.02031
-0.04799969999999999
0.289549
-0.783745
-0.0837729
0.8538610000000001
-2.41467
0.24224400000000001
0.20521199999999998
-0.14752
-2.86273
-0.617743
-0.440618
-1.7609
-1.9105900000000002
-1.4866700000000002
-0.977016
-0.252249
-0.456535
0.10938099999999999
-0.924162
-0.859342
-0.428975
-0.428975
-1.96691
-0.169087
0.504758
-1.00387
-2.32477
4.97845
0.740215
-0.7092069999999999
0.671561
-0.601676
-0.355283
-0.47449399999999997
0.7239720000000001
0.000237218
1.41955
-3.0859
-2.5986700000000003
0.5251319999999999
-2.1429400000000003
1.1911100000000001
0.04979840000000001
0.167248
0.734138
0.858611
0.781775
3.1044400000000003
0.630004
0.5564479999999999
1.92977
1.23619
-2.76862
0.913902
0.635494
-0.503162
