0.753836
1.0878299999999999
1.5564799999999999
1.10746
-0.25364000000000003
0.573574
0.12178199999999999
0.08843619999999999
0.126088
0.20810900000000002
1.8458599999999998
-0.128066
-0.165226
-0.323525
0.407459
-0.0868457
0.31648000000000004
-0.304521
-0.15195
-0.338104
0.339896
0.48076499999999994
0.126403
0.227489
1.28657
-0.9145030000000001
1.43004
2.2031400000000003
0.109846
0.9903930000000001
1.86008
0.205277
0.617725
0.151177
-0.39073800000000003
0.272328
-0.0932075
-0.25289
0.194618
0.135122
-0.5388970000000001
0.42808
0.131211
-0.342905
0.624526
0.8906059999999999
0.600863
0.24734
-0.0675135
0.0143627
-0.355975
0.358408
0.18908699999999998
-0.0729885
0.08797239999999999
-0.301004
-0.065901
0.747293
0.131354
1.02121
0.170478
-0.00166697
0.008449600000000002
1.28465
1.5702
0.462262
-0.0568798
0.0982113
0.0572127
-0.41563599999999995
-0.0752466
0.1738
-0.36542399999999997
1.35039
0.274845
-0.011477600000000001
-0.32813400000000004
-0.052774800000000004
-0.10489100000000001
0.7021390000000001
0.00382519
0.429987
0.25087
-0.415696
0.684492
0.842827
0.217527
0.19095399999999998
0.535886
1.3281399999999999
0.905468
0.20858800000000002
1.89385
1.59117
0.06991560000000001
0.647791
0.6712130000000001
-0.662555
0.806077
-0.0444613
1.15601
0.140727
0.050272199999999996
0.365709
1.56053
1.4385299999999999
-0.748735
1.1482299999999999
0.459071
0.7016560000000001
-0.204742
0.255202
2.2119999999999997
0.210529
0.505876
1.67403
1.8285099999999999
-0.24786999999999998
-0.362093
2.39047
0.05355359999999999
0.645625
0.46940600000000005
0.627744
0.281447
0.974469
-0.27908299999999997
0.5576979999999999
0.038906
0.224369
-0.373527
-0.0748598
0.4563
-0.40339400000000003
-0.0686291
-0.263169
0.775939
0.8266290000000001
0.80074
1.01034
-0.288068
-0.45345799999999997
-0.382266
1.33736
0.649088
2.2865
-0.698673
0.846993
0.42067299999999996
-0.243162
0.318894
1.1734200000000001
-0.25855900000000004
2.8992400000000003
0.45018199999999997
0.402211
1.65893
-0.24664699999999998
-0.2953
-0.22851
0.218521
-0.11208199999999999
0.273341
2.6438
0.237033
-0.17338900000000002
-0.647515
1.53227
-0.149481
-0.346565
0.0654149
0.687623
-0.5416569999999999
-0.00606156
1.24221
0.875663
-0.174826
-0.26222199999999996
-0.532464
-0.436284
0.143326
-0.649881
-0.196269
0.42585200000000006
-0.776754
1.8406099999999999
0.17341199999999998
1.0982
3.17105
0.802042
0.0797178
0.13585
0.540081
0.325838
0.699104
0.624011
0.377116
-0.272462
0.5839989999999999
-0.319662
-0.652729
-0.378687
0.242472
0.270924
2.5981099999999997
0.640921
-0.0818756
-0.21444499999999997
2.61722
0.695387
1.28669
0.11994
-0.10472100000000001
0.629632
0.39467800000000003
0.290675
-0.6131979999999999
-0.6545989999999999
-0.26453000000000004
2.9782
-0.634364
-0.317094
-0.23315999999999998
-0.018505599999999997
0.678405
-0.246036
-0.499012
1.08204
0.278465
0.21543099999999998
0.172374
-0.418975
-0.09348060000000001
1.3596700000000002
-0.162073
0.365172
-0.669093
-0.336834
0.612826
-0.192456
0.243862
1.61456
0.531759
0.0060623000000000005
-0.414717
-0.591125
0.979718
0.814503
-0.398253
-0.28415100000000004
0.137915
-0.36841599999999997
0.772242
2.13706
0.30730599999999997
-0.392065
0.455271
-0.23608600000000002
-0.4209
-0.564174
0.704825
0.318829
-0.546242
-0.012867400000000001
-0.597456
1.3036299999999998
-0.21453000000000003
0.504606
-1.6580400000000002
0.728007
1.06081
-0.10115700000000001
0.694365
-0.34439699999999995
0.214092
0.951525
-1.24811
-0.639995
-0.351462
1.14095
-0.48774799999999996
0.199442
0.927276
0.38009299999999996
-0.046827099999999997
0.47310399999999997
-0.303976
-0.572612
-0.667553
-0.0637143
-0.614796
-0.312789
-0.886756
0.400798
-0.512093
-0.596254
0.17321199999999998
0.7347739999999999
-0.7781779999999999
-0.0856961
-0.133231
0.0
0.0
0.0
-0.23811999999999997
0.933989
-0.69403
-0.500062
0.155419
-1.38216
-0.0681868
-0.765043
0.0
0.471257
0.00750715
-0.397403
-0.0366606
0.744901
-0.748917
0.0
-0.11511300000000001
0.0616618
-0.122803
-0.33443
-0.37546999999999997
-0.0762023
0.402923
-0.0388894
0.17191700000000001
-0.6508649999999999
0.151177
0.19854000000000002
0.042477
1.3532799999999998
0.0
-0.355461
-0.368269
-0.41648500000000005
0.5510609999999999
-0.788949
0.634308
-0.021492400000000002
-0.0161086
0.161055
-0.193349
0.276535
0.17408900000000002
0.388156
0.463538
0.449953
0.539177
0.218613
-0.981096
0.21609099999999998
-0.067928
0.0745838
0.0
-0.490044
0.266813
0.8238690000000001
-0.072598
-0.0649791
-0.150315
-0.330373
-0.45757700000000007
0.372363
-0.43272200000000005
-0.247648
0.17394300000000001
-0.721676
-0.561184
0.60042
1.16141
-1.4263
-0.478965
0.085204
-0.282206
-0.0409454
-0.33295399999999997
0.0601525
-0.225696
-0.0474709
-0.32275
-0.584577
-0.286749
-0.386941
-0.133454
-0.47089
0.323966
0.454326
-0.196873
0.7089529999999999
1.83778
-0.576114
-0.100327
-0.042055699999999994
0.756696
0.635423
0.0
0.282132
0.18854300000000002
-0.24275
-0.829901
0.013883000000000001
0.260732
0.0
-0.212569
-0.790323
0.46836300000000003
-0.17057
0.319243
-0.10578299999999999
0.47548199999999996
-0.998187
0.49834399999999995
-0.030944799999999998
-1.3593899999999999
0.10488499999999999
0.0
-1.09945
-1.2907899999999999
-0.0107815
0.0
-0.0284223
0.585597
-0.589065
0.790277
-0.379998
0.43637700000000007
0.139172
0.30545700000000003
-0.0906732
-2.7579599999999997
0.245363
-0.08193439999999999
0.31294299999999997
0.0843519
-0.292216
-0.16386900000000001
0.0
0.156392
0.042639800000000005
0.235472
0.27321599999999996
0.46986000000000006
-0.16211199999999998
1.4193200000000001
-0.631815
-0.186028
-0.742132
-0.425084
0.5913109999999999
-0.153608
0.063083
0.0755029
-0.783614
-0.120253
2.45057
-0.277175
0.0
0.42058999999999996
0.178238
-0.244811
-1.38267
0.06643239999999999
-0.0145986
0.14698599999999998
0.29257
-0.666345
-0.262234
0.154828
-0.317787
-0.21460700000000002
-0.200402
0.18753499999999998
-0.0753477
-0.432173
-1.05766
0.0030981999999999997
-0.27410300000000004
0.677946
-0.14621900000000002
-0.33195
-0.288215
-0.449744
0.31742
-0.574416
-0.259596
-0.267243
0.397277
-0.0470156
-0.759714
-0.27858
0.0635797
0.019065099999999998
-0.215054
0.07623930000000001
-0.310818
-0.271241
-0.25608600000000004
-0.199522
0.41126899999999994
0.0
0.0212134
0.674884
-1.39311
0.0351056
-0.684763
-0.0326678
0.47348100000000004
0.42186
-0.736172
0.33566599999999996
0.695968
-0.437435
0.505838
-0.242344
-0.46820500000000004
0.092654
0.990701
-0.11393800000000001
0.457225
0.0242329
-0.057891599999999994
0.9163459999999999
0.0920049
0.185128
-0.41426599999999997
-0.373373
-0.0680423
-0.0413955
0.0
0.0590684
-0.20924099999999998
0.31555300000000003
-0.23267
-0.302259
-0.11786700000000001
0.0
0.369471
0.062475699999999995
-0.10449800000000001
-0.150645
0.39437300000000003
1.24322
-1.17553
-0.31252399999999997
-0.277918
0.683447
-0.056639800000000004
-0.37383
-0.20133900000000002
0.09968239999999999
0.0722011
-0.418814
0.0214801
-0.342901
0.180386
-0.37107399999999996
0.0
1.3255299999999999
-0.755881
-0.12630999999999998
-1.1455799999999998
-0.778804
0.49331099999999994
0.0
-0.232616
0.404911
-0.6134689999999999
0.0
0.270283
-0.348479
0.268832
0.0
-0.40314099999999997
0.459045
-0.48467200000000005
-0.48845299999999997
0.110628
-0.809987
0.0643164
-0.0414184
-0.806971
-0.175492
0.112169
-1.10758
-0.22234099999999998
-0.239402
-0.717785
-0.47173100000000007
-0.111551
0.016824000000000002
-0.549161
0.34595
-0.55388
-0.32269699999999996
2.02573
0.0408323
0.179386
-0.197508
0.38640599999999997
0.259604
-0.00287008
0.36435500000000004
-0.31754699999999997
0.142846
-0.465091
0.193551
0.111536
-0.26068600000000003
0.477166
-0.9245459999999999
0.403491
0.747252
-1.6900700000000002
-0.289286
-0.38855500000000004
-0.26820700000000003
-0.038085
0.23032600000000003
-0.134177
0.245427
-0.0946697
-1.0989200000000001
0.0
0.811191
-0.366931
1.12616
0.254631
0.729654
0.0
0.0
-0.615305
0.39262600000000003
0.24716300000000002
-0.7850590000000001
0.45979200000000003
-0.751455
0.259452
0.042581400000000005
-0.663197
-0.8691
-0.2479
0.34244
1.43656
0.481049
-0.396402
0.0
0.09843049999999999
0.554323
0.39720900000000003
0.0917405
-0.514325
0.61621
0.794369
-0.27213200000000004
0.830844
0.42505299999999996
0.9056360000000001
-0.300674
-0.325166
0.326826
-0.06376849999999999
-0.295944
0.242067
0.033156
1.93743
-0.253002
-0.432249
-0.6284029999999999
-0.0077548
-0.0216532
-1.38347
-0.582893
0.309745
0.0
-0.041824099999999996
-0.312135
-0.105557
0.606781
0.357941
-0.266544
0.813322
-0.723793
0.0
-0.0247088
0.0
0.0393653
0.20733600000000002
-0.0625533
-0.0574024
-0.119322
1.03053
-0.30945300000000003
-0.734367
0.177926
-0.671478
0.04579930000000001
-1.48831
0.241662
0.235053
0.5619
0.397302
-0.58687
-0.2993
-0.375628
1.45022
-0.0389764
0.41376599999999997
-0.289166
-0.274776
-0.100859
0.657605
0.0378203
-0.350049
-0.36788899999999997
-0.144538
0.0
0.9054639999999999
0.43558199999999997
0.45439799999999997
0.0393675
0.947049
-0.201775
0.149444
0.1971
-0.5403359999999999
-0.5331239999999999
-0.053321
0.289987
1.00862
0.578228
-0.26844
-1.6757799999999998
-0.6676529999999999
0.166164
2.1176
1.55115
-0.5457310000000001
0.223637
-0.942225
-0.0596447
-0.904392
-0.424637
-0.729123
0.0867072
-0.413271
-0.5628529999999999
0.0
0.176386
-0.246771
-1.08097
-0.07373439999999999
1.1976
0.06926449999999999
0.58921
0.374067
0.527356
-1.10131
0.45370299999999997
-0.21065799999999998
-0.472261
0.20171
0.0
-0.395455
-1.05375
0.21309899999999998
-0.652925
-0.82926
0.24311100000000002
-0.542737
-0.0114257
0.0916281
-0.45642200000000005
0.164826
0.731857
0.0938328
0.177821
-0.817078
-1.4042299999999999
0.266637
1.01242
0.0
0.017531799999999997
0.595117
-0.170968
-0.952743
-0.683411
0.07828020000000001
0.9395600000000001
-1.0889799999999998
-2.13127
-0.016275
0.314056
-0.348506
-0.09114320000000001
-0.0236871
-0.966673
0.62662
1.44354
-0.9510069999999999
-0.707589
0.06830900000000001
-0.46721999999999997
-0.10229500000000001
-0.0637321
0.0
-0.37887
0.500261
-0.265841
-0.0799572
-0.103224
1.17764
-0.0230931
0.0
0.0
-0.26419699999999996
0.471746
-0.762181
-0.494824
0.448942
-0.259449
-0.37007399999999996
0.0135899
0.41943500000000006
0.0
-0.25737
0.273959
-0.119425
0.230571
0.0
0.252402
-0.37028099999999997
0.27805
0.08255939999999999
-0.69435
0.267385
-0.0397993
0.07088660000000001
-1.03969
0.003111
0.698557
-0.571703
-1.0619299999999998
-0.5729310000000001
-0.13064
0.703889
0.543088
0.18143900000000002
-0.48915200000000003
0.192903
1.0367
0.390803
0.000566894
-0.328714
0.17191900000000002
-0.228169
-1.12648
-0.381318
2.09687
-1.12681
-0.0798184
-0.7069880000000001
0.145773
0.699986
-0.182764
0.15255
0.0687888
0.126051
-0.650057
-1.94701
-0.198007
0.354958
0.29268099999999997
-0.186617
0.230479
-0.156315
-0.272613
0.634414
-0.47529499999999997
0.20976
-0.239288
-0.132681
0.9919190000000001
-0.45439399999999996
2.5968
-0.208002
0.15648099999999998
-0.245223
0.24851700000000002
0.28272600000000003
-0.055553399999999996
-0.0769999
-1.49448
-0.19151600000000002
-0.857655
0.20637800000000003
-0.630151
-0.0710793
0.0
-0.494515
-0.42126
0.156101
0.501117
-0.697418
-0.0213211
0.8201360000000001
0.433704
0.0226054
-0.117029
0.033624400000000006
-0.28455199999999997
0.0679617
0.289292
-0.167435
0.569529
-0.33214099999999996
-0.9524290000000001
-0.07964700000000001
0.146716
1.15265
1.68628
0.0
0.20783000000000001
0.50079
0.0
-0.410042
-0.726017
0.000621286
0.223554
0.280889
0.0
-0.542921
0.45860100000000004
0.669489
1.9910299999999999
0.520129
-0.148449
0.296613
-0.09125810000000001
0.566146
0.048088099999999995
0.0
0.0
-0.486882
2.6905200000000002
0.0
-0.705343
-0.422946
-0.158932
2.78417
-0.0920871
0.187827
-0.7229270000000001
-0.07671610000000001
0.08277310000000002
