0.502867
0.49339700000000003
-0.358166
1.46396
4.5745
3.19495
0.140671
0.10641700000000001
1.62529
0.69918
0.80775
0.8643719999999999
1.17461
-0.011759299999999999
0.46782299999999993
5.11723
2.33802
-0.800126
1.91967
2.4842299999999997
0.732741
3.56123
-0.231681
1.1114
0.031180400000000004
4.34008
1.57892
-0.746448
1.04003
1.47337
-0.167751
3.0388599999999997
3.40455
3.25482
1.86034
3.39321
0.450525
-0.183945
1.77111
0.0842951
0.027791900000000005
3.31843
-1.09687
0.934992
1.75004
1.15048
0.969857
-0.291516
1.73908
0.246765
3.1491
0.07832280000000001
-0.792439
0.422829
0.929106
0.8998200000000001
1.5634
0.43236899999999995
2.96066
0.0252848
-0.080228
0.261308
0.426314
2.8088
0.434777
1.70432
1.91163
-0.47383100000000006
0.508184
-0.592938
2.02192
0.9563879999999999
3.12846
1.1948299999999998
2.37862
1.5331
2.82404
3.8664300000000003
-1.11015
4.15231
5.0384400000000005
2.52862
2.44765
0.259364
0.8302579999999999
-0.08083960000000001
0.905069
0.39538
0.8189810000000001
0.333239
-0.08743630000000001
0.803187
1.4017
2.4891799999999997
4.13354
0.479392
0.6520739999999999
1.17736
1.9971700000000001
2.068
0.0423858
3.6209300000000004
3.76905
-0.151345
1.4100700000000002
0.0939148
0.949149
2.9628900000000002
0.20469500000000002
-0.061667200000000005
1.29631
0.241709
-0.058345400000000006
2.0853
2.7735
1.34059
1.7154900000000002
-0.236607
1.38544
0.576488
2.5783
2.30428
2.57913
1.1531
0.7006680000000001
0.559833
2.36369
3.824
3.86398
1.30339
3.55614
0.725096
1.78847
0.525319
-0.22710100000000003
1.86628
0.69617
2.38525
0.782718
-0.136455
-0.17043
3.0258700000000003
-0.238875
1.34865
1.29528
2.6675400000000002
-2.9927599999999996
0.6595
0.8509969999999999
3.08209
-0.14213199999999998
-0.673525
-0.69752
-0.796443
0.643123
2.31944
-0.338492
1.3231700000000002
-0.626182
4.08094
-1.50518
1.43333
3.12125
0.5908979999999999
-1.2324899999999999
-0.501734
2.43325
0.07743739999999999
1.30192
2.8416900000000003
-1.24224
-0.015604300000000002
-0.778361
1.41816
2.09828
2.60067
-0.156372
2.8965400000000003
0.052065999999999994
0.193708
2.22851
-0.10441099999999999
1.6825
2.00643
-3.0561700000000003
0.352535
0.432913
1.2342
0.876967
0.310027
-1.52423
1.4145
-0.34262800000000004
-1.37637
3.17165
1.04165
0.29283400000000004
-0.439086
-1.25053
1.8224099999999999
0.229863
2.29778
3.49051
1.55256
1.50639
2.61899
3.4777699999999996
0.8302579999999999
-0.25161300000000003
1.19046
3.5063
3.9278199999999996
0.28526
-0.25890799999999997
3.4422699999999997
0.425088
1.30597
-0.966108
-1.1886700000000001
0.178894
0.16075899999999999
2.6228700000000003
0.750783
1.58887
3.5434400000000004
2.85054
-0.6488119999999999
0.258347
-2.69495
0.28338
-0.263847
2.2753
-1.1953
0.9473440000000001
1.91598
4.4326
-0.744265
0.050694800000000005
0.0145743
0.831514
-4.0201400000000005
0.0993401
2.3536099999999998
3.90129
-0.626859
-0.445478
1.64885
1.66975
0.60116
0.483703
-0.43613199999999996
2.9862
2.43076
-0.0427707
0.950931
3.22476
2.71449
0.680395
-0.789987
2.81193
1.76567
2.50841
4.193219999999999
2.04182
2.32705
-1.60812
0.19706700000000002
0.21281399999999998
-1.85515
1.06761
0.347007
-1.39287
0.233462
1.6251
2.99427
0.9646809999999999
-1.8346099999999999
-0.970535
3.62503
0.46695200000000003
-0.0455106
-0.33514
-1.1701700000000002
0.36557
-1.73243
0.403059
-0.460499
-3.3074199999999996
-2.1327700000000003
-0.752933
-1.7974
-0.122011
-1.21223
-0.800639
0.0428855
0.408024
-1.44875
0.334377
-0.487166
1.50355
-0.249583
0.0
-3.77244
0.0
-0.873036
-0.368971
-1.9075
-0.758725
-0.022264199999999998
-1.07764
-0.441982
-0.392542
0.0
0.7400399999999999
1.05284
-0.465196
2.75097
0.503925
-1.61412
0.0
0.19153399999999998
0.262393
0.395015
-0.236623
-1.36002
-1.06934
-0.370104
0.00477328
0.017868099999999998
-1.0195
-0.28547
0.28794200000000003
-0.332559
-0.9850899999999999
0.0
1.19966
-2.7488200000000003
-1.28654
-0.31600100000000003
-0.35284099999999996
-0.120223
-0.23535
0.833462
-0.49309
-0.00709188
-1.08648
0.576295
-0.62415
-4.40115
-3.4071599999999997
1.54326
0.648134
-0.613189
-0.156943
-0.467545
-0.14584
0.0
-0.943976
0.179594
-3.8100199999999997
-0.704842
-0.810664
-0.24095300000000003
1.19414
-0.990867
-0.169128
0.445654
-0.47755600000000004
0.192496
-0.421936
0.388824
-0.944678
0.878782
-0.943775
-2.87842
-0.799068
-1.46915
0.192246
-3.6050199999999997
-1.3582
0.15495599999999998
-0.47766499999999995
-0.0213915
-2.2627
0.21399400000000002
-0.6608970000000001
-0.117612
0.18571300000000002
0.695878
-1.22255
-1.70124
-1.01988
-0.196486
-1.2958
-0.16874
0.748135
0.225188
-0.055642899999999995
0.0
0.0233541
0.544323
-0.669247
-0.06818810000000002
0.264216
0.368365
0.0
0.48792299999999994
-0.6837770000000001
-1.91293
0.8407379999999999
-0.32606999999999997
0.795515
-0.5805939999999999
-0.835311
0.506888
-2.04509
-1.7882799999999999
-3.46204
0.0
-1.88926
-2.05273
0.405227
0.0
-0.66269
0.9406110000000001
0.5586770000000001
0.727852
-3.2681400000000003
0.27426300000000003
-0.122525
0.737424
-0.24769899999999997
-1.32145
-0.0301993
0.166402
0.707719
1.2389700000000001
0.665467
-0.208252
0.0
-0.710303
-1.33303
0.440907
-0.45155200000000006
0.820932
1.4517
-3.39491
-1.79968
-0.08461189999999999
1.04948
0.589897
0.324247
-0.394154
0.159894
-0.15582100000000002
-2.33465
-0.141818
-0.0898177
-0.23846900000000001
0.0
-0.387942
-0.381796
-2.03503
-3.49685
0.56663
-1.5864
-0.260704
-4.07667
-2.22637
-2.37565
-1.74463
-3.20174
-0.67489
0.12182799999999999
1.17929
0.272793
-0.086729
-1.2215799999999999
0.732596
1.649
-0.857685
-2.25908
0.31674800000000003
-0.5824560000000001
-0.5888359999999999
-3.4039699999999997
0.5223
-1.17644
-0.602601
1.22595
-0.9268569999999999
1.1535799999999998
-0.427879
-0.46820100000000003
0.491546
-0.121235
-0.17416500000000001
0.353563
0.9873540000000001
-0.537211
0.446946
0.05526849999999999
0.0
-2.15639
-0.236197
-2.86852
1.39455
0.409469
-0.184196
-2.9119
0.21220300000000003
1.39999
-4.04437
1.06174
0.6688890000000001
0.480968
-0.51283
0.43621899999999997
0.379626
0.7258439999999999
-1.22707
0.159737
0.581675
-0.993812
1.0583200000000001
-0.958619
-0.506441
-0.213486
1.04789
-0.07133719999999999
-2.29763
0.0
0.54303
0.180277
0.185561
0.481727
-0.0392684
0.487702
0.0
0.176325
0.669294
0.134796
-0.525251
1.25984
0.736592
-1.27414
0.366927
0.053804099999999994
-3.70959
-1.71238
-0.801583
-0.190374
-3.4221199999999996
0.41823699999999997
-0.0676646
-1.76197
-0.616989
0.753317
-0.50568
0.0
-1.35388
0.0805404
-0.0158089
-0.049222
-1.24167
-0.31240300000000004
0.0
1.5029
-1.79055
-0.00376613
0.0
-0.731416
-0.707756
0.45526700000000003
-3.9439599999999997
-0.465552
0.681708
-0.595309
0.131884
1.11319
0.809728
-0.6540020000000001
1.0623
0.0946403
-0.424259
-0.535818
0.735672
1.43848
0.84896
-0.8066760000000001
-1.09924
0.294443
0.09603189999999999
-1.8388799999999998
0.22367399999999998
-0.42419300000000004
0.605186
-0.441725
0.396721
0.719576
-0.212627
1.3037100000000001
1.3791799999999999
-2.30385
0.428467
-0.61687
0.13169
0.517891
-0.315985
-1.1466399999999999
0.157404
-1.29388
-2.71844
-0.38821700000000003
-2.35681
-0.371096
-0.041885900000000004
-0.26175
0.8539260000000001
-0.0912289
0.489472
0.621115
0.7257399999999999
-0.05400830000000001
-1.40927
0.0
-3.9838699999999996
0.297134
0.20421199999999998
-0.82191
-0.819033
0.0
-4.36667
-3.7062800000000005
1.0299200000000002
0.955377
-1.04075
1.1901899999999999
-1.67281
0.381454
-0.236238
-3.47165
-0.18120899999999998
-2.92556
-0.08958139999999999
0.0687512
-0.396816
0.43774300000000005
0.0
0.278839
-0.31544099999999997
-0.151426
-0.559236
0.10791500000000001
0.145403
-1.07901
-0.262443
0.12091600000000001
0.0790337
0.598657
0.564599
-0.726292
-0.118547
-1.79177
-0.165629
-0.21800799999999998
-3.7800199999999995
0.9414440000000001
0.8201639999999999
-0.779962
0.780942
-1.27007
0.842993
0.226081
-1.01483
-0.42133000000000004
0.0
-1.38836
0.850158
0.681033
0.295749
-2.06144
-0.321612
0.872482
-1.3365
-4.1184
-0.516525
0.0
-0.163023
-1.10619
-0.7013590000000001
-0.9672959999999999
0.145039
-0.588757
-0.342049
-0.259031
-0.136454
-1.9558
0.5014350000000001
-1.27132
0.42842700000000006
-0.155196
-0.0625661
0.55801
0.67986
-0.475763
-0.74843
0.7704949999999999
-0.7828729999999999
-1.0561399999999999
-1.8792799999999998
-2.21315
-0.8757739999999999
1.06305
0.842785
-0.399371
-0.48019700000000004
0.110319
0.0
0.5432680000000001
0.43318500000000004
0.519586
-1.29416
0.383839
-0.624555
-0.827191
-1.36624
-1.11733
-0.18786
-0.135985
-0.14521199999999998
0.0373189
0.036202899999999996
-0.292998
-0.108375
-0.472562
0.357703
0.646754
-4.19278
-0.583321
0.785704
-0.113625
-3.4130800000000003
0.716411
0.7516189999999999
0.259456
-0.131982
0.22526300000000002
0.23045900000000002
0.0
0.0798465
1.42349
0.41887299999999994
-0.42493500000000006
-1.12923
2.87011
-0.6014689999999999
0.543952
0.729874
-2.13062
-0.14133800000000002
0.265796
-0.9356040000000001
-0.469635
0.0
0.055547000000000006
-1.66442
-0.569144
-0.431521
-1.2073200000000002
0.11106300000000001
-0.166569
-0.24898499999999998
-1.93267
-0.884444
3.3313900000000003
0.175717
1.3113700000000001
-0.400982
0.47844
-3.52935
-1.76463
0.5529069999999999
0.0
0.492883
-0.176648
-3.5871199999999996
-0.13209500000000002
0.115898
0.324468
0.0955821
-0.6516810000000001
-0.379207
0.646779
0.728527
-1.0103600000000001
0.343534
0.323399
0.172346
0.161688
0.24352100000000002
-4.1971
0.0165088
-0.632979
-0.36901300000000004
0.552443
0.35179
0.0
0.45188199999999995
0.0842508
-1.37886
0.977601
-0.053203099999999996
0.435167
-0.22978
0.0
0.0
0.502946
-0.7186020000000001
0.341398
-0.818174
-0.79869
0.566401
-0.587865
-0.0461591
-0.166425
0.0
0.479729
-0.446117
-0.293299
-1.70852
-4.08275
0.700923
-1.15448
-0.153084
-2.92105
0.178977
-0.5644140000000001
-0.0333725
0.139787
-2.15067
0.44424600000000003
0.207961
0.272098
-0.169235
-0.372176
-0.15777
-0.265497
0.04526380000000001
-0.391336
0.378373
0.16963
-0.526045
0.0836911
-0.12369000000000001
-0.686377
0.32055700000000004
-0.736923
-0.852168
0.34121799999999997
0.795417
-3.20467
-1.1595799999999998
-0.55374
0.336394
0.17758
0.0176837
-0.360482
1.06234
0.43881899999999996
-0.25599099999999997
-3.87301
-0.581014
2.0983400000000003
-1.26557
-0.201451
0.807006
0.11672
-1.6415
1.8965299999999998
-0.208512
0.26402600000000004
0.466025
0.216365
-0.353159
0.6598729999999999
-0.120816
-0.11884600000000001
-1.30026
-0.376116
-0.0314565
0.8398540000000001
-0.423206
-3.6421
0.014653
-1.08734
-0.908809
0.667513
-0.585693
0.585929
0.0
-0.388861
-0.945335
0.5271279999999999
-2.20159
0.417943
-0.856668
0.634076
-0.8800379999999999
1.31536
0.43333
-2.505
0.644836
-1.09673
2.35701
-0.41203500000000004
0.20904099999999998
0.244833
-1.37771
-0.231514
0.29449000000000003
0.44038299999999997
0.7889109999999999
0.0
-3.24383
-3.1989400000000003
0.0
-0.386178
-0.41048
-0.9331360000000001
-1.05066
0.313757
0.0
-1.2158799999999998
0.293321
-1.90022
-0.0663942
0.249133
-0.6527350000000001
-1.5264799999999998
-0.187776
-0.43826800000000005
-0.884906
0.0
0.0
0.7749010000000001
-1.23022
0.0
1.10789
-1.2771700000000001
-1.2369700000000001
0.30749299999999996
0.30186599999999997
-0.755441
2.2063099999999998
-0.11901099999999999
-0.652075
