-0.07163989999999999
0.578191
0.10953199999999999
-0.252056
1.26775
-0.355707
4.1542699999999995
0.32076
0.26166
1.08413
2.75418
0.9598190000000001
0.9598190000000001
0.500966
-0.380033
0.507376
0.739614
0.264881
2.41547
3.1027
-0.12065
0.5112979999999999
1.1347
2.0873
2.12215
3.4253
3.04175
2.17999
3.3447400000000003
3.3447400000000003
1.7611400000000001
0.052851999999999996
0.07735139999999999
-0.35953
-0.18670499999999998
-0.19147899999999998
0.100339
0.407301
0.455603
0.699391
-1.6266399999999999
1.03291
3.05124
2.05547
0.07461439999999998
1.0861399999999999
0.6142380000000001
1.4026299999999998
-3.44224
-0.74105
0.262821
3.04018
1.30988
4.1053
-0.35473299999999997
0.773891
1.59246
0.305053
0.735019
0.63715
-0.713918
1.34951
1.42521
0.384817
-0.282711
0.760297
-0.6505350000000001
-0.617364
0.74632
1.22599
1.20038
-0.0418022
1.22056
0.0927641
-1.5639299999999998
-1.5639299999999998
-0.90886
-0.116415
-1.9286900000000002
-2.54814
-2.7427900000000003
0.726513
0.152421
-1.69445
-2.7967
-2.93507
-0.523893
-0.75031
-0.696773
-2.29588
-0.8870129999999999
-1.99863
-0.778506
0.498704
-1.46976
-0.136068
-0.0762613
-0.376417
0.32557800000000003
-0.0945887
-1.0655299999999999
-1.4892100000000001
0.63651
-0.455217
-0.615337
0.16004200000000002
-0.09198830000000001
0.0339186
-1.45084
-0.35827
-1.8265900000000002
-0.776936
-1.07551
-1.732
-0.794099
-0.179519
1.3394700000000002
0.16313699999999998
-0.07080030000000001
-0.163516
3.4555800000000003
1.6116700000000002
-1.47159
-0.56429
-1.34575
-0.46188999999999997
-2.3784400000000003
-1.22276
0.268491
-0.05511799999999999
-0.815439
-0.19081099999999998
0.497813
0.559663
0.21875100000000003
1.7724099999999998
-0.435308
-3.76937
0.0924436
-2.71801
-1.79634
1.73806
1.92081
-0.503836
-0.7422340000000001
-0.640788
-0.0291356
0.351466
-0.9208799999999999
-1.04758
-2.6173
-0.659513
-0.5093479999999999
2.15773
1.5287899999999999
-0.574855
-0.9256059999999999
3.0365
-0.221011
-1.11232
-1.75908
-0.6841109999999999
-1.74757
0.08027519999999999
0.20158800000000002
-0.10016699999999999
1.3839
-0.667501
-0.00651248
0.115922
1.53795
0.631071
0.631071
-0.85749
-0.85749
-4.19107
0.218425
-0.203929
-3.0128
-4.90322
-0.836093
-1.8767
-1.01715
-1.5004600000000001
-1.24395
-0.275746
-1.41183
0.553344
0.12501900000000002
-0.22115900000000002
-0.9035030000000001
-0.060909300000000006
-1.1999799999999998
-0.376628
-1.30634
-0.208826
-0.5128510000000001
-0.21091300000000002
-0.8825120000000001
-0.5108090000000001
-0.482084
-1.9486900000000003
0.44028199999999995
-0.349279
0.100148
0.17219
-1.0018
0.608795
-3.28044
0.343344
-0.586579
-4.06784
-2.0118099999999997
0.00810096
-0.272291
-1.10752
-0.5476989999999999
-1.35433
-0.100194
-1.13911
-0.219277
1.46007
0.9514389999999999
-0.394395
0.984625
-0.443272
-3.4905800000000005
0.13930599999999999
-0.459737
-1.49429
-0.32464
0.573789
-0.162056
-0.8963059999999999
-1.6682099999999997
0.8202209999999999
0.974024
-1.0942
-0.130409
-0.32869299999999996
-0.5256029999999999
-3.37014
-0.8633430000000001
-0.197298
0.979728
0.574404
-0.315865
0.592094
-0.371977
-0.247575
-0.333804
-1.35103
-2.42001
-3.79419
-2.9768
-0.9324950000000001
0.664179
-1.0872899999999999
-1.47528
0.21884499999999998
-0.264987
-0.0204863
-0.887618
0.25196799999999997
0.103434
0.22262300000000002
-0.153538
-0.547828
-1.05335
-0.23167600000000002
1.09859
0.348181
0.870411
0.9200280000000001
-0.49058900000000005
-0.794912
-0.200272
-1.98878
1.08323
1.08323
-0.0494398
3.1663799999999998
0.678396
-0.8351149999999999
-0.0889517
0.35631199999999996
-0.383038
0.661041
-0.9267209999999999
-0.9267209999999999
-0.927486
-1.09348
0.628115
-0.9344389999999999
0.07842819999999999
-1.9751299999999998
-0.379438
-1.0963200000000002
-1.85125
0.0966631
0.142325
-0.0180319
0.612858
2.29811
0.541153
2.27136
0.345327
-0.830837
-0.8790450000000001
0.553891
0.32769699999999996
0.45981000000000005
0.961134
0.26802
0.03401919999999999
1.0298200000000002
1.6326399999999999
-0.500717
-0.502274
-0.470529
-0.21734299999999998
3.3884
1.51394
-0.916682
0.531176
1.2780200000000002
1.39452
0.239946
0.311402
0.607862
1.26475
-0.15143199999999998
1.5714299999999999
0.485915
-0.04718030000000001
-0.376844
-0.214935
0.263046
3.9872300000000003
0.864577
0.968341
3.44064
1.22458
-0.39271999999999996
-0.9550629999999999
0.256757
-0.10286700000000001
0.534392
-2.2843400000000003
0.9096270000000001
-1.1038700000000001
-1.23003
1.34994
-0.43945100000000004
-0.0402148
-0.25855500000000003
-2.50517
-4.6283
0.0922607
-1.9755
-1.17204
-1.65412
-1.66484
-0.665745
-0.713345
-2.14609
-0.44749300000000003
-1.20377
0.601158
-2.1261200000000002
-3.84865
0.26598499999999997
-0.75648
-2.1339200000000003
0.148425
-0.261413
-0.722766
1.22862
0.48152799999999996
-0.46654700000000005
-0.0984054
-0.5491560000000001
0.6693060000000001
0.8349280000000001
0.8349280000000001
-0.00727362
-0.0509011
-0.022821099999999997
-0.743534
-0.11067
-3.16129
-2.1933700000000003
0.8207549999999999
-0.7836390000000001
0.24031999999999998
2.28347
1.0560200000000002
-2.4773099999999997
0.348813
-0.921927
-0.0468381
0.45552299999999996
-0.055145299999999994
-0.8371120000000001
0.029079300000000002
-1.2209299999999998
-0.758083
-1.08409
0.12063199999999999
0.513836
-0.5672729999999999
1.23003
-1.10861
-0.528345
-0.10525699999999999
-0.0706044
2.9578599999999997
0.20969200000000002
0.770703
0.15286
-0.201102
-0.0148326
-0.910224
-0.646288
-1.5139799999999999
0.0238606
-1.55008
-0.722348
-0.00540906
-0.00540906
-1.24251
-0.338067
-1.0173
-1.27902
-0.19609300000000002
-1.81988
1.6792099999999999
-0.5579529999999999
-4.15573
-0.795053
-0.35228400000000004
1.26827
0.6975359999999999
-0.797966
-0.114061
-1.4662600000000001
0.0134079
-1.33233
0.099021
0.16258
0.577387
-1.29469
0.140221
-0.8375520000000001
0.10510599999999999
-2.29613
-1.0941299999999998
-1.58486
0.523464
0.0444801
-0.551543
-0.637609
-0.89975
-0.461399
