-0.8973690000000001
0.643089
0.38409499999999996
0.46685
0.9770719999999999
0.17989000000000002
1.26535
-0.26824899999999996
-0.0499368
0.746846
0.878549
0.592755
0.592755
0.694543
0.310259
-0.41280900000000004
-0.486932
0.45860200000000007
-0.038861099999999996
0.26163600000000004
0.987101
0.349079
0.59811
-0.8135760000000001
-0.106386
0.178296
-0.843792
1.15038
0.9125190000000001
0.9125190000000001
0.0955696
1.70792
-0.0223048
1.12425
1.28494
0.872613
0.23982199999999998
-1.01111
-0.232096
0.0216299
0.47065100000000004
1.6369799999999999
0.916432
-0.6676380000000001
0.23902800000000002
0.428237
0.42864300000000005
0.05670990000000001
-0.533855
-1.2683200000000001
1.54
0.05458919999999999
1.557
-0.5016149999999999
0.47125200000000006
0.669135
-0.447654
0.0633396
0.48407
0.279159
0.876649
0.48792700000000006
0.607182
0.447299
-0.240709
-1.20781
0.125683
0.531575
-0.21926700000000002
-0.42608500000000005
0.838324
-0.47747
-0.414293
-0.378897
0.131232
0.131232
-0.12878299999999998
-1.43228
0.0833557
1.09641
-0.12796300000000002
-0.39660700000000004
-0.663011
0.564186
0.428429
-0.120031
-0.230944
1.2549299999999999
0.477975
-0.0510782
-0.06591060000000001
0.392205
-0.00648982
-1.6270200000000001
0.13536600000000001
-1.03702
-0.89518
0.291035
0.280593
-0.0482679
0.5816180000000001
0.800423
0.408402
0.134818
0.03816219999999999
1.7361900000000001
1.1562
0.06297080000000001
-1.18487
-0.952947
1.3302
0.158754
-1.16615
0.8259790000000001
-2.15869
-0.8761620000000001
0.298222
0.38613800000000004
-0.20909499999999998
-0.023033900000000003
-0.0678638
-0.188686
1.61364
-0.204875
0.0150571
0.163602
1.2408700000000001
0.183142
0.9936950000000001
-0.463429
-3.14827
0.674586
-0.268015
0.706639
-1.88858
1.37385
-0.278575
-0.257537
-0.31638299999999997
0.5311319999999999
-0.9518459999999999
0.8126909999999999
-0.103584
-0.22084
0.348426
-0.771046
0.41029099999999996
-0.357194
-0.8545729999999999
0.5208649999999999
0.151068
0.38329
0.49249
2.27814
0.8491700000000001
-0.375328
-1.33656
1.66925
0.641625
0.5406310000000001
-0.45250799999999997
-0.061745299999999996
-0.0508233
-0.673837
0.365247
0.052787099999999997
0.116123
-0.0624807
0.338491
0.748797
0.980166
0.9359209999999999
0.9359209999999999
1.2838200000000002
1.2838200000000002
-0.22068800000000002
-0.15793
-0.5946359999999999
-0.460028
-0.384409
-0.152685
0.183159
0.08204650000000001
-0.501567
-0.169633
0.07483039999999999
-0.976405
0.837522
0.020608099999999997
-0.633362
-1.13157
0.203663
-0.453338
-0.36604200000000003
-0.0556913
0.285552
-0.33719899999999997
0.293448
-0.931407
0.655036
-0.31950300000000004
-0.373035
-1.0424799999999999
1.4869299999999999
0.56399
0.539566
0.400467
0.0628336
-0.0128792
-0.559326
-0.045637199999999996
-0.14266500000000001
-0.158144
-0.514826
0.194347
0.206869
-0.263815
-0.334119
-0.297931
-0.6344069999999999
-0.136928
0.633011
0.49749399999999994
-1.7107
-1.24261
1.13011
1.22519
-0.695258
-0.0922256
2.01158
-0.340949
-0.249236
0.545287
0.644159
0.48207799999999995
-0.190831
-0.721422
0.655221
-0.23064099999999998
1.02519
-0.164794
-0.48131199999999996
-0.17923599999999998
-0.180866
-0.946958
0.163455
0.704252
-0.0750415
0.688543
-0.0656615
-0.80277
-1.406
-1.29835
-0.900515
-3.89115
-0.591197
-0.877075
-0.614946
-2.0979
0.214844
0.0188007
0.179948
0.280618
-0.0620529
-0.342042
-0.0606562
0.0441685
0.521274
-0.686684
-0.0438352
-0.32374
0.303699
0.09421669999999999
0.202139
-0.162351
1.24291
0.939916
1.4457799999999998
-0.933673
-0.933673
0.292429
3.14083
0.9913649999999999
-0.07113710000000001
-0.380144
1.6639099999999998
0.976499
0.43661099999999997
1.21242
1.21242
0.592385
-0.282102
2.3605
-0.431005
1.80657
0.45161899999999994
0.00874679
-0.5574600000000001
0.243236
0.394092
0.186779
-0.320454
-0.812752
-0.30575399999999997
0.00872878
0.49660600000000005
0.550729
0.22411999999999999
0.600908
0.0170957
-0.05406180000000001
-0.0124208
0.561933
2.94687
0.9417059999999999
0.5434760000000001
0.591674
-0.378479
-0.388357
-0.194672
-0.8773049999999999
0.249043
1.74301
0.612942
0.32522399999999996
1.47455
2.35308
-0.553176
0.47946300000000003
0.9304129999999999
0.463275
-0.0949795
0.187627
0.389877
0.128652
1.18525
0.751508
0.40218000000000004
0.699462
0.658066
0.8868889999999999
0.6674800000000001
0.24823299999999998
-0.289102
0.12050699999999999
-0.122307
0.11069000000000001
0.385838
-1.36812
-0.217513
-0.39028
1.27003
1.4427299999999998
0.45951000000000003
-0.295568
-0.445829
-0.9307799999999999
-0.511443
0.743884
0.063046
0.364214
-0.557136
0.101007
-1.01597
-0.500442
-0.261513
0.08314989999999998
0.19836700000000002
-0.235413
0.21044699999999997
-0.25942
0.0965985
-0.7923600000000001
-0.794521
-0.5282220000000001
0.548662
-0.117199
-0.326569
0.170286
-0.18098399999999998
0.704113
0.09398780000000001
1.41075
1.4517200000000001
1.4517200000000001
0.592857
-0.713236
0.3121
0.0194393
-0.00980986
0.731086
0.672734
-0.288171
0.385789
0.390973
0.404501
1.06002
1.1839899999999999
0.8312379999999999
0.9369639999999999
1.05196
0.937897
-0.0437409
0.526367
-0.6924100000000001
0.443481
0.316897
-0.11848299999999999
0.300553
0.875022
-0.301709
1.20203
1.5641200000000002
1.05881
1.73348
1.3645
-0.583022
0.400675
-0.49008199999999996
-0.7707609999999999
-0.328897
-0.44944700000000004
0.0437191
-0.060305899999999996
0.172016
-0.8153
0.36277600000000004
-0.584648
-0.410836
-0.410836
-0.302693
-0.9121799999999999
-0.251093
-0.759664
-0.255878
1.2570700000000001
1.18835
-0.544887
0.176768
1.12822
0.912853
-0.24429499999999998
2.36009
1.33962
-0.501841
0.343545
0.13150599999999998
-0.27713000000000004
0.45791099999999996
-0.232864
-0.670813
-0.350174
1.67477
1.46831
1.7969
-0.9142629999999999
0.1567
-0.6620199999999999
-0.903501
-0.702922
-0.794276
-0.30450900000000003
-0.105683
-0.026435300000000002
