0.0249967
-0.0720426
-0.050048199999999994
0.0700077
3.5449900000000003
1.27187
0.20122
-0.11521500000000001
0.799063
0.780157
1.38814
1.6548
0.585104
-1.26207
0.576079
4.07297
2.39148
-0.453021
0.10977999999999999
0.2546
-0.5679770000000001
-0.440327
-1.7447
1.28433
-0.230771
3.08017
-0.13542300000000002
-0.455813
0.977455
1.01023
-0.113009
0.344098
1.4486700000000001
1.4540600000000001
2.41887
2.0677
0.061557400000000005
0.24627
1.6111799999999998
-0.673038
-0.992933
3.8915300000000004
-1.16936
-0.397347
1.8457
0.821298
0.265714
0.00253347
1.15784
-0.157193
1.91651
0.690623
-0.289829
-0.20491900000000002
0.414745
0.38138099999999997
1.28793
0.105548
2.33967
1.57146
0.0008980710000000001
-0.520813
0.279887
0.648818
-0.0586865
1.10469
0.621178
0.08683489999999999
0.356983
-0.12345899999999999
0.23141799999999998
2.17551
2.3225
1.0124600000000001
0.971116
1.7787
1.20466
2.3167299999999997
-0.166154
3.53605
2.06239
0.7147220000000001
0.787734
-0.08530700000000001
0.391827
-0.40178400000000003
0.891566
-0.407503
-0.713842
-1.24679
0.593812
0.162896
0.152887
0.519389
3.5197800000000004
0.334298
0.25605100000000003
0.215218
1.32745
1.67241
0.120572
1.9693900000000002
3.27369
-0.329532
0.641774
-0.240519
0.15440299999999998
0.40966800000000003
0.505441
0.6175609999999999
1.31659
-0.29420799999999997
0.0627059
0.9906450000000001
-0.21834499999999998
0.322562
-0.42648500000000006
0.345939
0.7473890000000001
-0.770378
1.3457700000000001
0.45354099999999997
0.532982
0.366544
-0.642725
0.518742
0.829132
3.55968
0.667933
0.083592
2.5311
0.289531
0.812014
-0.893216
-0.6439739999999999
1.22364
0.101448
1.28378
0.825883
0.893224
0.8262860000000001
0.24329099999999998
-0.141631
0.680682
0.154449
2.9350400000000003
-0.795365
0.179554
1.23955
2.96982
-0.508522
-0.302865
-2.37658
0.11055
0.376218
1.57839
-0.0109973
0.838362
-0.48798100000000005
3.69076
-1.1844299999999999
-0.26048899999999997
3.3531199999999997
1.26979
-1.7163700000000002
-1.3428200000000001
1.24117
0.400685
0.465699
2.06901
0.406808
0.328938
-1.4314
1.19085
2.39755
1.52833
-1.60392
3.37315
-0.058492999999999996
-0.5546
1.1719
0.08193639999999999
1.1063100000000001
0.398409
-0.533895
0.327258
-0.274982
0.502085
0.175871
-0.471699
-2.49205
1.17391
-0.657726
-0.491209
1.60007
0.9931479999999999
-0.609296
-0.679672
-0.131253
1.30558
-0.261753
0.38505
1.6903299999999999
0.5411020000000001
0.53499
2.53157
1.62904
-0.769752
0.431413
0.160361
1.88198
2.7533
-0.125994
-0.47940900000000003
0.988657
-1.10107
1.4768700000000001
-0.07128680000000001
-0.306246
0.651957
0.517492
1.7291
-0.979574
2.44191
1.80968
2.65347
-0.137447
0.583201
-0.614826
0.262061
-0.301098
1.21245
0.301631
0.08695169999999999
0.426749
3.5558400000000003
-0.104621
-0.355187
-0.400509
0.567133
0.166998
0.97173
1.18994
2.9525900000000003
-0.0619944
-0.765771
1.07372
1.04667
-0.363318
-0.255205
0.192672
2.6701200000000003
2.11861
0.154133
0.190999
2.28775
2.41662
0.174304
-2.1106
1.12352
0.9116
2.2511200000000002
2.45782
1.75888
1.54328
0.710354
-0.00369506
-0.20692
-0.706449
0.193466
0.569857
-1.4834100000000001
0.435633
1.2947
1.69492
0.9764290000000001
-1.8015700000000001
-1.59196
2.61171
-0.31954499999999997
0.501211
0.589659
-0.202916
-0.375044
-0.295573
-0.753689
-0.400565
-0.33564499999999997
-0.5694
-0.826126
-1.23615
-0.430937
0.24797399999999997
-0.843649
0.151044
-0.9938600000000001
-0.505307
-0.576923
0.0850559
0.0355397
0.204183
0.0
0.0
0.0
-0.72563
-1.1404299999999998
-1.9733599999999998
-1.25132
-0.0007591830000000001
-1.38459
-0.16841
-2.03897
0.0
0.769446
-0.039731
0.15601600000000002
-0.815856
-0.396588
-1.55514
0.0
-0.462488
-0.866074
0.105172
-0.92295
-0.89513
-0.609924
-0.7899579999999999
-0.253107
-0.400584
-0.366658
-0.216442
1.76315
-1.2404899999999999
-0.538615
0.0
0.355117
-0.175423
-0.758907
-0.8621780000000001
-0.548315
-0.640977
-0.8835620000000001
0.025121
-0.106728
0.123544
-0.19373800000000002
-0.48400600000000005
-0.27224
-0.8659450000000001
-0.248231
0.62469
-1.26152
-0.8719049999999999
-0.312554
-0.212509
-0.18098399999999998
0.0
-0.303421
-1.64609
-1.87235
-0.868669
0.373218
-0.550998
0.383248
-1.2515399999999999
-1.12056
0.487324
0.688355
0.844109
-1.9700400000000002
-0.45718000000000003
-0.228633
0.261856
-1.5781
1.2245700000000002
-0.675301
-0.549767
-0.27827399999999997
-0.319585
-2.4022799999999997
-0.817163
-0.717529
-1.6008
-0.25299099999999997
0.5026649999999999
-1.58853
0.407451
0.277317
0.07763819999999999
-1.8621599999999998
-0.794774
-2.19096
0.8180470000000001
-0.943517
0.465635
0.49339700000000003
0.499251
-0.149722
0.0
0.636454
0.282646
-1.84627
-0.724891
0.137934
-0.395073
0.0
-0.077572
-0.735341
-1.73203
0.9713629999999999
0.05285549999999999
-0.14089100000000002
-1.02597
0.16656300000000002
-0.77284
-0.145829
-3.1941
-1.7480799999999999
0.0
1.18082
-1.10058
-1.0556299999999998
0.0
-1.15288
0.53345
-2.05804
-0.0877352
-1.56913
0.627463
0.0829592
-0.24540900000000002
0.269957
-0.801709
1.03263
0.184453
0.358155
-0.176901
-0.8680040000000001
0.26216300000000003
0.0
0.189672
-0.741066
-0.225421
0.37412399999999996
0.238525
0.59978
-2.24536
-1.87713
0.30499
0.7273970000000001
-0.23700100000000002
-0.304948
0.731391
0.07904739999999999
-0.310798
0.029053199999999998
0.507161
0.464783
-0.728634
0.0
0.252961
-0.846592
-1.7855400000000001
-0.248231
-0.369161
-1.12573
-0.227001
-0.080555
-1.27465
-0.874468
-0.621474
-1.8157400000000001
-1.85086
0.42811499999999997
-0.315757
0.378591
-0.0674188
-0.6316430000000001
-0.41274700000000003
-1.28189
0.0331978
-0.7427239999999999
-0.934456
-0.270419
-0.739885
-0.8659450000000001
-0.9966649999999999
-0.966385
-1.59859
-0.6730550000000001
-0.0626301
0.79488
0.353997
-0.029737599999999996
0.648986
-0.118272
-1.7288700000000001
0.199812
0.288022
-0.87776
-0.80123
-0.520251
0.0
-0.9399850000000001
0.351991
-0.574098
-0.216648
-0.8306540000000001
-0.508714
-1.79981
-0.149595
-0.00778102
-0.291603
1.64782
-0.170156
-0.23269299999999998
-0.467475
0.188301
-0.253771
0.0816914
0.0133019
-0.0755395
-0.150186
-0.6971579999999999
0.6644869999999999
-0.578407
-0.255949
-0.665312
-0.23072600000000001
-0.77785
-2.26741
0.0
-0.663159
-0.287761
0.0642536
-0.604406
-0.5038020000000001
-0.393999
0.0
0.276963
-0.6085689999999999
-0.199991
-0.204597
0.336793
0.393604
-0.575289
0.362135
-0.27216399999999996
0.401647
-0.288495
-0.646964
-1.29046
-0.370577
-0.395673
0.13811800000000002
-0.996534
-1.31169
-0.272835
-1.1278
0.0
-2.29426
-0.667663
-0.9573969999999999
-1.39421
-2.30872
-0.329295
0.0
0.0359661
-0.49841199999999997
0.342342
0.0
-1.08784
-0.014296600000000001
1.02132
0.0
-0.147573
0.131891
-1.2185700000000002
-1.44107
-0.878784
-0.255422
-2.14712
-0.539441
-0.17168
-0.801265
-0.382468
0.0380365
0.705584
-1.84063
-0.851723
0.489584
0.5468569999999999
-0.07989910000000001
0.328276
-0.5344770000000001
-0.07080850000000001
-0.447254
-0.08980139999999999
0.22419299999999998
-0.825361
0.15781099999999998
-0.191581
0.423996
-0.150845
-0.638895
-0.30606500000000003
0.879352
-1.50282
-1.80089
-1.3116
0.022154499999999997
-0.46294399999999997
-0.9018879999999999
-1.1332
-1.32887
-2.6331599999999997
-2.10229
-0.9392370000000001
-0.363626
-0.17463499999999998
-0.238416
-0.8026449999999999
-0.576655
-0.806077
-0.3386
0.0
-1.30687
-0.356988
0.192049
0.13530699999999998
-0.23178600000000002
0.0
0.15442899999999998
0.590711
0.539225
-0.17438499999999998
-0.823192
0.34413
-0.421621
-0.362518
-0.744682
-0.190727
-1.35981
0.430658
-1.13455
-0.0194423
-0.7288899999999999
0.641386
0.0
0.0683597
-1.0593299999999999
1.02936
-0.314109
-0.161324
-0.23385100000000003
-0.773528
-1.29154
-0.32834
-0.558383
0.40526599999999996
0.287646
-0.395422
-0.339995
-0.8676959999999999
-0.0628635
-0.465221
0.0
0.0914716
-0.010767
-0.5901810000000001
-0.8864040000000001
-1.4773
-0.89797
-0.07518680000000001
-0.0838535
-0.8895120000000001
0.0
-1.20897
0.447297
-0.062359500000000005
-0.032386
-0.061643100000000006
-0.5794699999999999
-0.381866
-1.431
0.0
-0.208608
0.0
-1.27457
-0.0343983
-0.387384
-0.32700100000000004
-0.049345099999999996
-0.7050850000000001
-0.08056310000000001
-0.9840780000000001
-0.201549
0.531883
-0.178332
-1.20805
-0.8661059999999999
-0.10858800000000002
0.318226
-1.14215
0.490364
-0.127331
-0.0391372
-0.16385
-1.2562799999999998
0.195149
-0.493438
-1.47455
-0.430565
-0.458945
-0.6214890000000001
0.8296110000000001
-0.503027
-0.25242800000000004
0.0
-0.06340950000000001
0.41409399999999996
-0.114041
-0.8296899999999999
1.1951200000000002
-0.638217
-0.844115
-0.754145
-0.0197499
-1.4543
-0.228152
0.13782
-0.7242430000000001
-0.056454899999999995
-0.6390100000000001
-0.8149649999999999
-0.294533
-0.769863
-0.452143
0.37514000000000003
-1.0408600000000001
-0.814959
-0.37995500000000004
-0.34457899999999997
-0.126565
-0.243319
-1.01406
-0.40381500000000004
0.641306
0.692617
0.0
-1.0202
0.818692
-0.8384149999999999
-1.41877
-0.8150470000000001
0.229246
0.0224773
-0.212417
0.201156
0.129474
0.170532
0.0671409
0.352619
-1.42367
0.0
-0.83601
-1.17898
-0.9681870000000001
-0.525898
-0.807718
-0.7238680000000001
-1.0824
-0.014078899999999998
-0.484021
-0.589621
0.0627346
1.2758399999999999
-0.22620700000000002
-0.7188760000000001
-0.778115
-0.997433
-2.26952
-0.240785
0.0
0.940616
-0.514035
0.0
-1.1301299999999999
-0.499075
0.03754880000000001
-0.0319409
0.22229200000000002
-0.8189609999999999
0.69963
-0.9352229999999999
-1.10581
-0.269675
0.201269
1.12381
0.806998
0.968115
-0.8659450000000001
-0.7174229999999999
0.137078
-1.12679
-0.45285
-0.275748
0.0
0.261875
-0.750579
-1.04767
-0.341922
0.422749
-0.0402431
0.327492
0.0
0.0
-1.09801
-0.052152300000000006
-0.144655
-0.194686
-1.47932
-0.694013
-0.914747
-0.6466270000000001
-0.684855
0.0
0.0319767
-0.834648
-0.55382
-1.4652
0.0
-0.054978099999999995
0.028076799999999996
-0.494936
-0.21940300000000001
-0.052853899999999995
0.60645
-0.775487
-0.391837
0.195381
-0.06938589999999999
-0.0245429
-0.110865
0.135022
-1.7819
0.172099
0.26804
-0.323753
0.293252
-0.150014
-0.110777
0.464319
0.0503334
-0.7620100000000001
-0.07606510000000001
-0.8965639999999999
-1.91546
-0.49435
0.0578571
0.356149
0.617714
-0.578828
-0.260158
-0.205156
-0.19380899999999998
-0.867268
0.10634600000000001
0.311512
-0.133929
-0.20618499999999998
1.48948
0.119676
0.44951499999999994
-1.45174
-0.9093829999999999
-0.08400419999999999
0.395478
0.201049
0.43463100000000005
-0.08568150000000001
0.03394880000000001
0.054908900000000004
-0.00721841
-0.124051
0.204767
-0.9176709999999999
-0.759411
-1.57615
-0.341041
0.21234
0.750778
-0.44444799999999995
-1.16035
-0.846412
-0.505735
-0.465708
0.7959579999999999
-0.400544
-0.789664
0.0
-0.156721
-0.736114
-0.16838499999999998
-0.7759999999999999
-0.8346049999999999
-0.536891
0.0459594
0.249442
0.631138
0.49013599999999996
0.015295099999999999
0.0504634
-0.6944140000000001
0.733004
-1.16089
-0.0627463
-0.429029
-0.360551
-0.535564
-0.996848
-0.517187
0.735742
0.0
-0.18143199999999998
0.400485
0.0
-0.576106
-0.7898390000000001
0.221575
-0.846724
0.484075
0.0
-0.886186
0.130026
-1.5964200000000002
-0.12571500000000002
-0.24178899999999998
-0.113525
-0.641484
-0.653691
-0.0345702
-0.84691
0.0
0.0
-0.0810961
-1.98492
0.0
-0.514937
-1.26718
-1.28026
-0.11871199999999998
-0.9518200000000001
-0.142405
1.26104
-0.355996
-1.27636
