-0.430226
-0.126461
-0.24366500000000002
0.180072
1.80952
0.844776
0.23864899999999997
-0.44991099999999995
-0.311203
-0.416092
1.84398
0.349112
-1.9322
0.058980700000000004
-0.0329156
2.60562
-0.247344
-1.50213
1.0619
-0.9158209999999999
-0.27293
-0.0663632
-0.378808
1.3733
-0.274015
4.05538
2.4003400000000004
0.235366
0.455539
1.15133
-0.376714
0.411883
0.33682199999999995
1.2933700000000001
0.132715
3.95775
0.017871
-0.713137
0.834808
-1.05243
-0.9509719999999999
0.571036
-0.8845629999999999
-0.0409137
0.0227055
0.8559450000000001
-0.615151
-0.903708
2.91278
-0.429991
2.3951599999999997
0.0127366
-0.219448
-0.9195450000000001
0.09142410000000001
-0.539624
2.39557
-0.8610629999999999
2.2067900000000003
-0.06643510000000001
-0.565699
-0.113134
-0.781189
3.38501
-0.490476
-0.018429499999999998
-0.8539120000000001
-0.8667040000000001
-0.619734
-0.511284
-0.440485
-1.40469
3.17616
0.347584
4.71368
1.6186
3.7888800000000002
4.2743
-1.46265
3.14067
5.32455
-0.103992
3.6983900000000003
-0.682696
-0.0797235
3.6912599999999998
-0.1044
1.6575099999999998
-0.284853
-0.165917
0.10535699999999999
-0.357562
1.9235
3.84154
4.17848
2.59114
-0.315805
0.9246700000000001
-0.798892
2.85051
0.569408
2.56148
2.27684
-0.5485939999999999
1.27383
0.15501099999999998
1.2074799999999999
3.62695
-0.24155900000000002
-0.44576499999999997
2.0870900000000003
-1.18791
1.32125
0.547247
-0.9223110000000001
1.51556
0.327046
-0.8518600000000001
-0.47928999999999994
1.33785
2.2879
-0.6243489999999999
0.06833339999999999
-0.0009384430000000001
0.609978
1.01132
-0.46905399999999997
6.25603
3.10374
2.31701
5.2819400000000005
-0.517041
2.55002
-1.01171
-0.629452
-0.2001
-0.023409799999999998
0.33764099999999997
3.4501800000000005
-0.5764130000000001
-0.337765
1.12827
-0.543704
3.3565300000000002
1.9086599999999998
3.7469099999999997
-0.925265
0.016338299999999997
2.9386900000000002
3.7922599999999997
-1.0577299999999998
-0.198851
-1.61624
0.5931890000000001
0.8222889999999999
3.1175200000000003
0.756513
4.78019
-2.55973
4.95489
-1.87275
3.62355
5.1766
3.02442
-1.36238
-0.24881799999999998
5.1923699999999995
4.17005
1.82107
2.99569
-2.00058
-0.553048
-1.53775
2.37566
2.80388
2.5409
-1.53231
5.850140000000001
-1.63771
-0.100272
4.13716
-0.332531
2.8959900000000003
3.40196
0.067006
3.3014300000000003
-0.442155
0.21885
1.09615
2.17027
-0.7571060000000001
3.7561
-1.20451
-1.46709
4.95276
0.47499600000000003
-0.385144
-0.78652
-1.41593
3.3100199999999997
-0.7351810000000001
3.05505
1.69743
3.12204
3.57025
3.1983200000000003
4.35674
2.98263
2.6633
0.465703
4.28249
2.10051
-0.8769530000000001
-0.49028900000000003
2.76543
-1.1344299999999998
3.69015
-0.504808
-0.298639
2.42814
-1.06882
4.0873099999999996
-0.481442
3.27517
1.17303
4.85184
-0.239552
0.5909939999999999
0.9233549999999999
-0.381833
-1.36791
3.85699
-0.42240500000000003
0.330932
0.232375
4.98801
-0.239833
-0.669478
-1.3904100000000001
-0.0550569
1.8287900000000001
3.05199
2.78891
4.2985
-1.10781
-0.465279
2.94295
2.42555
-0.416386
-0.5132369999999999
-0.020938400000000003
3.9741199999999997
1.0714
1.16598
-0.049420099999999995
3.4125400000000004
4.27728
-1.03536
-1.10399
1.46739
3.77166
4.41361
5.04539
3.90835
3.5165699999999998
-0.6790430000000001
0.0860885
0.235567
-1.13986
0.11154700000000001
2.44715
-1.3367200000000001
-0.0549502
1.97947
4.04494
3.9356
-0.39022199999999996
-1.0231
4.65265
-0.346114
-1.00393
-0.6617109999999999
-1.1773
-0.186676
-1.2891
-0.705488
-0.966199
0.0473166
1.09759
-1.8441599999999998
-1.9928400000000002
-2.2406099999999998
-0.453661
-0.245358
-0.6414310000000001
-1.2583600000000001
-0.5934729999999999
-0.357194
-2.4788900000000003
0.175228
0.16092599999999999
0.0
0.0
0.0
-1.51092
-0.790642
-1.33992
-1.19109
-1.45769
-0.939368
-1.18808
-1.79445
0.0
-0.272029
0.23254899999999998
-0.8631639999999999
-0.102358
-0.36442199999999997
-2.45292
0.0
-0.216675
-1.01691
-0.5906710000000001
-1.13849
-1.25111
0.12159600000000001
-1.12491
-1.6554400000000002
-1.0732899999999999
-1.52586
-1.1543299999999999
-0.184779
-1.24776
-2.24342
0.0
-0.775062
-3.0409599999999997
-2.51923
0.140496
-1.34192
-0.682399
-0.720279
-1.27813
-0.740412
-0.58229
-0.362555
0.268624
-1.01889
0.58514
-0.586679
-0.0462868
-0.595093
-1.78315
-1.57526
-1.31695
-2.34185
0.0
0.403792
-2.55963
1.17191
-2.49985
-1.09798
-1.32921
-0.48513
-1.7688099999999998
-2.13544
-0.659057
-0.21839899999999998
-0.00703294
-1.05513
-1.07311
-0.8297680000000001
-1.09428
-1.8529900000000001
-2.48437
-1.72384
-1.35256
-0.7068840000000001
0.12666
-0.978184
-0.933003
-0.7749090000000001
-0.20471099999999998
-0.243707
0.472497
-1.6639400000000002
-0.23361500000000002
-1.1064100000000001
-0.31140999999999996
-2.9725599999999996
-0.6654869999999999
0.932293
-0.445883
-0.70667
0.17583
0.285527
-0.629616
-0.357222
0.0
-0.32099099999999997
-1.94648
-0.967634
-0.883599
0.125634
-1.5829
0.0
0.890591
-1.16137
-0.750725
-0.0964301
0.792644
0.27465300000000004
-0.26984
-0.789381
-1.54341
-1.59169
-2.56165
-1.7078200000000001
0.0
-1.1613799999999999
-1.6900400000000002
1.24591
0.0
-1.12131
0.8379979999999999
-1.8261599999999998
-0.485969
-1.69545
-0.416104
-0.120553
-0.0902862
-0.119627
-1.6531900000000002
0.135497
-0.8504729999999999
-0.805912
0.300352
-1.9140599999999999
-0.25700500000000004
0.0
-2.44388
-0.939557
-0.885993
-1.5820100000000001
-0.8560049999999999
-0.562058
0.78755
-0.9851469999999999
-1.44354
-1.00986
0.219529
-0.66445
-0.164692
-0.696708
-0.7590979999999999
-0.640783
-0.240786
0.34988
-1.9061599999999999
0.0
-0.327905
-1.67692
-0.815114
-0.937684
-1.14822
-2.48725
-0.900378
0.58514
-0.720518
-2.4165099999999997
-1.86152
-0.513262
-0.622965
-0.255705
-0.363091
0.0214159
-0.5819770000000001
-1.9131200000000002
-0.678257
0.30498400000000003
-0.41868299999999997
-0.252256
-0.876609
-0.7554770000000001
-0.936574
0.270369
-0.00866388
-0.791883
-0.8143100000000001
-0.961195
-0.376963
-0.224332
-0.714555
-0.5316609999999999
0.192082
-0.623607
-1.76879
-1.0085
-1.51965
-0.815454
-1.13468
-1.27114
0.0
-1.58477
-0.92929
1.72097
0.220502
-1.0893700000000002
-1.00699
-2.60507
-1.64693
-0.312731
-0.324738
0.29298
-0.477347
-0.811895
-0.748374
-1.0069
-1.55872
-0.7443
-1.37018
-0.139877
0.09625800000000001
-0.100121
-0.20107
-1.29839
-0.42158199999999996
-0.796996
0.167817
-0.7087939999999999
0.384389
0.0
-0.616065
-0.391308
-0.47621099999999994
-0.626534
-0.312938
0.04220019999999999
0.0
0.0647189
-2.01865
-0.15976500000000002
-0.9415399999999999
-0.36053
-0.0239145
-1.28796
-0.480339
-0.417391
-1.33555
-0.727479
-1.45526
-0.701968
-0.051480399999999996
-1.10857
-2.2305099999999998
-0.18373299999999998
-1.36296
-0.6305649999999999
-1.63923
0.0
-1.80152
-1.22819
-1.2729700000000002
-1.8950799999999999
-1.3696
-0.6779229999999999
0.0
1.36294
-0.654304
-1.6128799999999999
0.0
-1.33559
-0.473778
0.635156
0.0
-1.14594
-1.28546
-0.568391
-2.10853
-0.6906869999999999
-1.43496
-0.804353
-0.8893120000000001
-1.1372200000000001
-1.16419
-0.94219
-0.9467979999999999
0.32089
-0.7227359999999999
-1.46099
-1.43093
-1.0524200000000001
-1.1523
-1.43088
-0.9975510000000001
-0.519351
-0.8624620000000001
-0.43083699999999997
-0.29056
0.012692
-1.25155
0.573048
0.0361208
-1.55164
0.385182
-0.21270999999999998
-0.12218499999999999
-0.575353
-2.24158
-0.5634100000000001
-0.630727
-0.452625
0.776109
-0.357035
1.92682
-1.01308
-0.971877
-2.1208
-0.27162800000000004
-0.22901100000000002
0.385104
-0.511066
-1.74521
-1.06664
-2.6177200000000003
0.0
0.0
-0.8233280000000001
-0.746805
-1.0028
-0.666532
0.0
-0.067246
-1.11799
-0.40370700000000004
-0.161028
-1.98088
0.316448
-0.748955
-1.58629
-1.1931399999999999
-0.672922
-0.174773
-2.00932
0.277431
0.260291
-1.2352100000000001
-1.10146
0.0
-1.92717
-0.872088
-0.593966
-0.48452
-0.798141
-1.02227
-0.013659600000000001
-1.28367
-1.8130400000000002
-1.49746
-0.28436100000000003
-0.182469
-0.284431
0.0248734
-2.1736299999999997
0.13818699999999998
-0.825586
0.0
0.378069
-0.859807
-1.3934799999999998
-1.0061200000000001
-1.2738399999999999
-0.492234
-0.427625
-0.775586
-2.76736
0.0
-2.10745
0.39916399999999996
-0.795022
-1.00463
-0.946486
-0.573637
-0.675822
-0.293577
0.0
-0.614566
0.0
-0.683523
-0.676629
-2.0933599999999997
-0.49678
-0.629288
-0.146095
-0.585971
-0.795333
0.002654
-0.230965
-0.46630699999999997
-0.275169
-0.0749438
-0.436267
-0.797104
-0.37836
-1.13612
-2.34442
-0.50439
-0.26775
-0.722973
-0.206075
-0.552632
-0.9265559999999999
-0.784971
0.793161
-0.509085
-0.8455520000000001
-0.787291
-0.8743200000000001
0.0
-1.25375
-0.8218110000000001
-1.26973
-1.73334
0.00482471
-1.0692
-0.5866180000000001
-0.9108129999999999
-0.756789
-0.830858
-0.82247
-1.08838
-0.575837
-0.304129
-0.872049
-0.801821
-1.83345
-2.11585
-2.05652
1.56913
-1.2614
-0.83675
-0.668461
-0.577224
-1.23766
-2.19401
0.249043
-0.821098
-0.5004810000000001
-0.13930499999999998
0.0
0.441981
-0.714674
-0.189753
-0.404256
-1.60715
-0.807445
-0.390639
-0.0422788
-0.125779
-0.0811023
-0.260888
-0.679534
-0.9010739999999999
-1.2675299999999998
0.0
-1.15604
-1.24501
-2.3809400000000003
-1.51159
-2.38458
-1.30837
-1.39865
-1.30031
-0.8749319999999999
-0.793748
-0.260669
0.588109
-0.519366
-1.3921299999999999
-0.661791
-0.718885
0.09447260000000002
-0.993028
0.0
-0.16580699999999998
-1.30853
0.0
-1.98387
-1.3876899999999999
-0.817361
-0.889608
-1.2834299999999998
0.11861500000000001
-0.722066
-0.6491
-0.5809300000000001
-1.25175
-1.02627
-0.814208
-0.42967299999999997
0.28083400000000003
-0.8704379999999999
-1.62362
-1.81256
-1.12178
-0.270365
-0.667806
0.0
-0.715148
-0.557172
-0.663462
-0.156651
-1.6862599999999999
-0.455496
-0.756714
0.0
0.0
-0.738691
-0.668809
-0.23483800000000002
-1.48946
-0.801773
-2.42267
-0.49092700000000006
-0.570381
-0.475691
0.0
-1.28166
-1.49759
-1.09998
-1.2030399999999999
0.0
-0.0643035
-1.6331
-1.65018
-1.60243
-1.51276
-1.0373700000000001
-0.955471
-1.14068
-1.71419
0.19400599999999998
-1.62478
-1.632
-0.990109
0.15983
-0.9814930000000001
-1.2458
-1.91547
0.243718
-1.1457
-1.00858
-1.23801
-0.930633
-0.5984689999999999
-1.33439
-1.39333
-1.17792
-1.08404
-0.03135159999999999
-0.24586999999999998
-0.6386149999999999
-3.11194
-1.22781
-1.3799299999999999
0.114747
-1.4937799999999999
-0.35381599999999996
0.344688
-0.336562
-0.859772
0.269592
-0.7820819999999999
-1.49189
-0.785097
-0.20504
-0.622188
-0.8837510000000001
-1.13299
-0.131079
-0.564906
-1.25066
-0.46181000000000005
-0.5174310000000001
-0.754099
-0.30446100000000004
-1.0969799999999998
-1.18308
-0.6539010000000001
-0.470105
0.10708499999999999
0.0395504
-2.5557
-1.0180799999999999
-0.9417760000000001
-0.42933000000000004
-1.63519
-0.589336
-0.318471
-1.03378
0.0
-0.14699600000000002
0.201377
-0.374275
-0.8513639999999999
-1.87273
-0.7847930000000001
-0.678006
0.226345
-0.318481
0.159066
-0.254193
-1.17187
-0.632866
-0.445496
-0.9625049999999999
-0.22879899999999997
-1.48612
-0.8947809999999999
-1.8627799999999999
-0.341911
0.053902599999999995
2.07457
0.0
0.58514
-1.45634
0.0
-1.4220899999999999
1.31559
-1.7399099999999998
-0.8536
-0.61753
0.0
-0.802844
-0.797409
-3.1932
0.7792600000000001
-0.566802
-0.8757969999999999
-0.190076
-0.711707
-0.5452520000000001
-0.267702
0.0
0.0
-1.25684
-1.50494
0.0
-0.6689430000000001
-2.38292
-0.793496
2.08392
-0.598557
-0.660539
0.06791860000000001
-0.318797
-1.16855
