0.877184
-0.7133189999999999
-0.9133950000000001
1.6957200000000001
4.10358
3.0739799999999997
-0.38548000000000004
0.5133989999999999
1.08361
0.145786
3.13062
0.994136
0.264496
0.222322
0.124551
5.014880000000001
1.62665
-1.06274
0.996035
2.57455
0.705784
4.00911
-0.9094459999999999
1.5526200000000001
0.208389
4.54718
3.2471
0.218452
0.571274
1.4784700000000002
-0.23790100000000003
2.41119
2.00929
3.20139
0.548205
4.25734
-0.14874500000000002
0.0948415
2.35414
0.00230099
-0.594711
1.97081
-0.747279
0.322654
0.839009
1.58469
0.6686380000000001
-0.5785140000000001
3.9384
-0.436817
4.05425
0.064675
0.6046050000000001
-0.184292
0.052323900000000007
0.452916
3.26593
0.51256
4.13339
-0.697362
-0.849361
-0.196271
-0.14061099999999999
5.16089
-0.0325586
0.26514299999999996
1.6808400000000001
-0.9877819999999999
-0.872401
-0.459505
0.9571139999999999
0.652278
3.78809
0.719675
4.3003599999999995
1.7411400000000001
4.10001
4.45822
-1.00273
6.39829
5.3243
1.4275799999999998
3.4411199999999997
-0.516012
0.447637
-0.42736
0.11719
2.16329
2.91503
0.0673575
-0.185596
-0.0529567
3.23405
5.22776
4.39519
-0.023719900000000002
1.01061
0.245245
1.09527
3.79205
-0.146348
4.10134
4.52519
-0.405053
2.55487
0.243133
-0.020927599999999998
5.12948
-0.592841
-0.842392
3.0950900000000003
-0.359005
0.41526
1.8589200000000001
2.37636
3.07461
3.04808
-0.396875
0.0527499
1.35764
3.21523
1.8546099999999999
0.994693
2.3023
1.7988400000000002
0.958792
2.1116599999999996
5.2205900000000005
4.53739
2.88746
3.73949
-0.551295
3.9015699999999995
-0.057276099999999996
-0.699353
1.41636
0.1403
1.55915
3.32891
-0.35426599999999997
-0.730111
3.44876
-0.0944508
3.5304300000000004
3.3783
4.51083
-2.4943
0.38355500000000003
4.63869
4.06882
-0.49679700000000004
-0.15703599999999998
-1.14077
-0.0851642
0.509321
4.54132
0.968076
4.1029800000000005
-0.21955700000000003
4.419980000000001
-1.62081
4.31493
3.85258
4.39634
-1.26223
-0.536809
3.8275
4.03391
3.07808
4.20911
-1.4703700000000002
-0.15521600000000002
-1.37566
3.23558
3.7658699999999996
4.9125
-0.954901
4.8255300000000005
-0.42334799999999995
-0.187278
4.328
1.0025700000000002
3.6217599999999996
4.509519999999999
-2.7258
2.36305
0.04736219999999999
1.45187
2.12413
2.3123400000000003
-1.14099
3.9142300000000003
0.123129
-1.18067
4.5536
0.450488
-0.388022
-0.7646930000000001
-1.40306
4.34523
-0.718676
4.201280000000001
4.31668
3.14295
5.02896
4.38769
4.1105
3.24804
2.59092
0.762898
4.847169999999999
4.476319999999999
0.314792
-1.12475
4.4633199999999995
0.125224
4.4269
-0.7393109999999999
-0.988867
3.14804
-0.599962
4.6009
-1.43298
3.62563
3.1519999999999997
5.05029
-0.322898
2.6017900000000003
-0.6883090000000001
-0.00411474
-0.042881999999999997
4.210369999999999
0.159841
0.6731590000000001
0.9946870000000001
4.358569999999999
-1.22328
-1.36091
-1.15111
-0.588119
-4.5915099999999995
3.6548599999999998
4.27945
3.8372599999999997
-1.3278299999999998
-1.9491599999999998
4.5496099999999995
3.6899300000000004
0.0476966
-0.294901
-0.0850749
4.57998
3.55655
0.920811
1.07911
3.99804
4.43675
-0.266063
-1.32778
3.71866
4.087280000000001
4.69386
3.7960000000000003
3.7309699999999997
3.24878
-1.7074099999999999
-0.181059
-0.23203600000000002
-2.6478900000000003
1.07186
3.22031
-1.12255
-0.409729
3.46015
4.70303
4.05551
-1.6603400000000001
-1.2575399999999999
3.4249
-0.20227
0.400495
-0.225768
-0.25845999999999997
-0.0652441
-0.9592940000000001
0.52887
-0.49223999999999996
-2.0274
-0.701573
-1.6398700000000002
-1.49663
-1.17187
-1.2552299999999998
-0.85877
-0.0560629
0.325208
-1.1376
0.39226
-1.47712
0.718762
-0.912961
0.0
-3.77244
0.0
0.140791
-1.2358799999999999
-0.7868069999999999
-0.7618149999999999
-0.878813
-1.9647700000000001
-1.16048
-0.789583
0.0
0.178938
0.780964
-1.2975299999999999
2.0125599999999997
0.399688
-1.31019
0.0
-0.450446
-0.134574
-0.464133
-0.589738
-0.9827819999999999
-1.13209
-0.730988
-0.512714
0.0136
-1.07179
-0.650211
-0.32004299999999997
-1.47259
-0.918278
0.0
1.30329
-2.20638
-2.4537
-0.43761099999999997
-2.22004
-1.24724
0.118655
0.12216400000000001
-1.50166
-0.734826
-0.930693
-0.0679786
-1.8899400000000002
-4.40115
-3.3597900000000003
0.291628
0.027701299999999998
-2.08617
-1.19784
-0.774925
-1.33369
0.0
-1.39751
-0.577933
-2.5425400000000002
-1.08715
-0.811567
-1.0092
0.46047299999999997
-1.04849
-1.39735
-0.6248239999999999
-0.5589890000000001
1.16056
-0.37752399999999997
0.0339916
-0.734179
0.801802
-2.3446
-2.91304
-1.7816400000000001
-1.5356
-0.194045
-3.5746800000000003
-1.39248
-0.943519
-1.1670200000000002
-0.98064
-1.43259
-0.128605
-1.56184
-1.15996
-0.35185
-1.57133
-1.24254
-0.5794229999999999
1.61079
0.10316600000000001
-0.985035
-0.368363
0.161719
-0.159944
-0.054536900000000006
0.0
-1.2332299999999998
-0.731444
-1.09858
-0.793571
-0.432558
-0.325835
0.0
-0.178608
-1.68145
-2.17026
-0.10018300000000001
-1.07877
0.433468
-1.2244700000000002
-1.3085200000000001
-0.7650170000000001
-2.07274
-2.68738
-3.8290800000000003
0.0
-2.2809
-2.35955
-1.58609
0.0
-0.9993049999999999
2.1537
-1.0444
0.218004
-2.09497
-0.0664535
-0.571558
0.541905
0.0403505
-1.2858399999999999
-0.060809400000000007
-0.6147060000000001
0.0729459
0.9278200000000001
0.458567
-1.10335
0.0
-0.99792
0.0560067
-0.573592
-0.49881800000000004
-0.27366
0.839443
-2.32533
-0.746721
-0.240513
0.24418600000000001
0.376755
-0.6943199999999999
-0.881806
-0.198933
-0.711619
-1.91218
-0.824958
0.526001
-1.51962
0.0
-0.45798900000000003
-0.45369499999999996
-0.555882
-3.9369099999999997
-0.35933200000000004
-1.57885
-0.266726
-3.61925
-1.31589
-1.7952099999999998
-0.8224870000000001
-1.84568
-0.829376
-0.325379
0.485016
-0.82289
-0.638987
-1.3810799999999999
0.6651050000000001
0.468045
-1.01494
-1.1534
-0.34467
-0.268823
-0.5402939999999999
-2.40741
0.042998699999999994
-0.684834
-0.214102
0.884402
-0.537568
0.08899169999999999
-0.9191030000000001
-1.01176
-0.00939455
-0.406731
-0.624599
-0.254343
0.0723892
-1.07865
-0.999949
-0.503475
0.0
-2.19841
-0.604537
-2.42352
0.855183
-0.314715
-1.20071
-2.5855900000000003
-0.012438600000000001
0.12933499999999998
-4.19658
0.16220299999999999
-0.0346793
-0.5778399999999999
-0.356761
-1.13526
-0.22413899999999998
0.539185
-1.32053
-0.23427699999999999
0.660485
-1.53081
0.401544
-0.603695
-0.538483
-0.19436099999999998
0.200689
-0.911741
-1.81959
0.0
1.2308700000000001
-0.30057399999999995
-0.931458
-0.108733
-0.9345190000000001
-0.46682799999999997
0.0
0.5610729999999999
0.0605773
-0.0206973
-1.47852
1.27306
0.543445
-0.805475
-0.921142
-0.8049930000000001
-2.01972
-1.11036
-2.0394200000000002
-0.636156
-3.26797
-0.509587
-1.0695
0.18584900000000001
-2.20108
-0.158381
-1.03427
0.0
-1.84845
-0.384434
-0.8900530000000001
-1.71354
-1.75918
-1.10527
0.0
3.77008
-1.06045
-0.547153
0.0
-0.747922
-1.13114
0.209657
-3.9439599999999997
-1.50892
0.356582
-0.905703
-0.754279
0.709569
0.11888199999999999
-0.315187
-0.0886342
-0.47003199999999995
-0.662626
-1.3154700000000001
-0.0635046
0.317968
-0.35284
-0.8854799999999999
-1.3427799999999999
-0.615984
-0.200102
-1.93783
-0.789014
-0.139587
-0.277868
-0.278816
-0.25669000000000003
0.220887
-0.5197189999999999
0.19833699999999999
0.428368
-0.884502
0.41460600000000003
-0.793457
-0.229161
-0.127661
-0.257497
-1.70602
-0.424624
-1.0278100000000001
-2.56684
-0.324761
-2.16509
-1.43191
-0.551658
-0.305114
-0.348001
-0.561018
-0.276917
0.20945300000000003
-0.9511229999999999
-0.547041
-1.8312700000000002
0.0
-3.52644
-0.5351739999999999
-0.20932199999999998
-0.8553139999999999
-0.971582
0.0
-4.09575
-2.5030900000000003
0.567145
0.20597600000000002
-1.06904
1.5658299999999998
-1.68503
-0.9879819999999999
-0.7065319999999999
-3.92827
-0.696091
-1.1174
-0.45364899999999997
0.257398
0.199509
-0.208362
0.0
-0.65596
-0.9073190000000001
-0.9191370000000001
-0.304818
-0.474448
-0.691038
-0.655787
-1.7871099999999998
-1.00216
-1.28609
0.33807600000000004
0.11956099999999999
-0.47701000000000005
-0.356869
-1.44797
-0.5477890000000001
-2.10665
-3.93223
1.12237
-0.685325
-0.607646
-0.718838
-1.27445
-0.37328
-0.122922
-0.8789950000000001
-0.980901
0.0
-1.32755
0.0820152
-0.0815607
-0.22471100000000002
-1.40647
-1.52699
0.24681199999999998
-1.71819
-4.1184
-0.423864
0.0
-1.06571
-0.169654
-1.3023
-1.83621
-0.68018
-0.77645
-1.0378100000000001
-1.00568
1.1024399999999999
-1.37796
0.339123
-1.16526
-1.03975
-0.165825
0.11423299999999999
-0.329781
-0.0615845
-1.44509
-1.4234200000000001
0.721016
-0.698505
0.10996500000000001
-1.39572
-2.97336
-0.836499
0.8758229999999999
-0.00702787
-0.7605029999999999
-1.23991
-1.1619700000000002
0.0
-0.107628
0.140541
0.244351
-0.8191649999999999
-0.70208
-1.6552799999999999
-0.7780100000000001
-1.1098
0.0197522
-1.76519
-0.707811
-0.838217
-0.572734
-0.08555689999999999
-0.945068
-1.5345600000000001
-0.335717
-1.15096
-0.914681
-3.18375
-0.822017
-0.342832
-0.6823899999999999
-3.40792
0.163455
0.323206
-0.145204
-0.8878510000000001
-0.65981
-0.8743270000000001
0.0
-0.327496
0.734417
0.10192899999999999
-0.171968
-1.1694799999999999
2.85834
-0.5038050000000001
0.559921
0.389407
-1.5587600000000001
-0.271784
-0.408024
-1.0618100000000001
-0.306206
0.0
-0.508814
-2.3154
-0.819219
-0.296427
-0.606903
-0.22245900000000002
-1.04692
-1.119
-1.3065799999999999
-0.20619200000000001
1.6758
0.745935
0.021597799999999997
-1.54908
-0.691533
-1.54488
-1.86947
0.505788
0.0
-0.324986
-0.717629
-3.5871199999999996
-0.454926
-0.778189
-0.21141100000000002
0.0653757
-1.31473
-1.05224
-0.5774520000000001
0.163382
-1.7220400000000002
-0.433591
0.43802299999999994
-0.09730789999999999
-0.197494
0.527482
-4.1971
-0.652096
-0.695604
-0.585073
1.0081200000000001
-0.5123449999999999
0.0
-0.639903
-0.5304399999999999
-1.29515
2.10277
-0.5060439999999999
0.896785
-1.0506799999999998
0.0
0.0
0.129185
-0.151534
-0.394246
-1.25187
-1.0261200000000001
-0.25187600000000004
-1.61542
0.06283630000000001
-0.602165
0.0
-1.1937799999999998
-1.19718
-0.8450280000000001
-0.994216
-4.08275
-0.504279
-0.9456129999999999
-0.309845
-1.42982
0.14278
-0.704021
0.0605061
-0.939409
-0.87703
0.10684
-0.12299700000000001
-1.02623
-0.515644
-0.556354
-0.306521
-0.0729017
0.463634
0.14486
-0.0949051
-0.243736
-0.0378519
-0.537079
-0.44223900000000005
-0.8568110000000001
-0.34424899999999997
-1.2705
-1.69763
1.66703
0.0746533
-3.6604699999999997
-0.909207
-1.53788
-0.279441
0.134461
-1.33582
-0.31104899999999996
1.12275
-0.479362
0.07646230000000001
-2.5478
-1.50053
1.67878
-0.859173
-0.6568189999999999
0.15469000000000002
-1.02433
-1.26146
2.1833299999999998
-0.758576
-0.7686729999999999
-0.549899
0.111195
-0.297817
-0.430957
-0.681888
-0.597198
-0.687052
-0.247153
-0.609672
1.27714
0.0117346
-3.1337599999999997
-1.0292700000000001
-0.62603
-1.0731700000000002
-0.239813
-0.12348699999999999
0.467397
0.0
-0.22702199999999997
-1.02846
-0.33175
-0.565277
-0.921027
-0.703082
0.024255099999999998
-0.321208
0.954694
-0.0440275
-2.2657599999999998
-0.75516
-1.2717200000000002
1.6865299999999999
-2.39803
-1.20207
-0.045731400000000005
-1.09048
-0.277592
-0.171211
-0.674662
0.538505
0.0
-3.0478
-1.24631
0.0
-1.01344
0.0133918
0.178223
-0.647184
-0.334233
0.0
-1.34336
-0.649926
-1.26476
-0.223875
-0.343287
-0.759059
-1.73548
-0.63562
-0.33424699999999996
-1.10741
0.0
0.0
-0.352943
-0.0801987
0.0
0.153926
-1.57907
-0.8920370000000001
0.43876400000000004
0.390273
-1.7264400000000002
0.45851499999999995
-0.733664
-1.37452
