0.105643
0.0478463
-0.672415
-2.1955400000000003
0.958406
0.498353
3.7542199999999997
-0.42836599999999997
-0.103524
0.0774174
1.50065
0.10643399999999999
0.10643399999999999
-1.04166
0.09760579999999999
-0.8620959999999999
0.43000900000000003
0.377258
0.669425
3.4866300000000003
1.52261
1.15375
0.8555370000000001
-0.233148
0.648403
1.90999
1.14124
1.54467
0.78527
0.78527
0.395531
0.663425
0.43108199999999997
-0.169407
-0.196922
2.03594
0.5353760000000001
-0.18867
-0.311487
0.632999
0.514329
0.334854
2.3209400000000002
1.74702
0.7643989999999999
-0.81891
0.217516
0.31600700000000004
0.480725
-0.29174
-0.565299
3.45739
0.692295
3.44032
-0.433817
-0.186354
-0.776813
0.807876
2.52542
-1.21397
-0.288245
0.588042
-0.176493
0.44832299999999997
0.273446
-0.413405
0.503677
-1.13739
1.6765
0.112767
-0.323529
-1.41993
0.00955886
0.170451
-0.369874
-0.369874
-1.23442
-3.07914
-0.7340409999999999
-1.49025
-1.8138400000000001
-1.04487
-0.730824
-3.6555
-0.8171069999999999
-1.1372799999999998
-1.0049700000000001
-0.355824
-0.821277
-0.143468
0.25672399999999995
-1.2565600000000001
0.658249
-0.990741
-2.66206
-0.349963
0.585187
1.67868
-0.892518
-0.138319
0.07939410000000001
-0.978712
-2.20376
-2.4171400000000003
-0.813609
0.0504996
-1.06328
-0.896956
-2.0495900000000002
-0.772227
-1.58923
-1.76705
-1.31956
-0.235262
-1.83545
-1.96112
0.357412
0.9423739999999999
-2.8265
-0.0232922
1.09809
1.02341
-0.317815
-0.639146
-1.26468
-3.84975
-3.58276
0.65062
-1.1829
-1.44782
-1.6789900000000002
0.0403475
0.30135500000000004
-0.102153
-1.1683299999999999
0.165951
0.0730993
-0.7271989999999999
-3.0196400000000003
0.731544
-0.07416110000000001
0.602941
0.68387
-0.9663719999999999
-3.5668300000000004
0.696059
-0.827707
-1.73888
-0.40175500000000003
-1.36818
-2.00258
-0.695897
0.182319
1.59006
-0.369268
-0.756939
-1.19804
0.0449921
0.9522930000000001
-0.722567
-0.0108659
0.40586500000000003
-1.16107
-0.13225
-0.318596
-1.33188
-3.13251
-0.974966
-0.7909689999999999
1.48471
0.503404
1.11887
1.11887
-1.7878
-1.7878
0.8359610000000001
-0.369201
0.6560819999999999
-0.39888
-0.18241400000000002
0.8222
-0.7302960000000001
0.5816819999999999
0.127932
-0.817371
-1.34999
-0.606869
-0.8897809999999999
-0.084289
-1.99448
-0.41012200000000004
1.35392
-0.795064
-0.475278
-0.195943
-0.25451
-2.52714
-0.360076
-0.395351
-0.18956099999999998
-0.37006
-1.95095
-1.2067700000000001
-0.360941
-0.749898
-2.48538
-0.47292
-0.354377
0.206321
-0.0343242
-0.9443219999999999
-0.453216
-0.880575
-1.8572400000000002
-0.6635800000000001
-0.9392959999999999
-2.23081
0.0019529
-0.776451
-0.39943
-0.790717
-0.483018
-0.447978
-0.374488
-2.45398
-0.987716
-0.773634
-2.80285
1.10673
0.0
-1.41425
-0.85835
0.253154
-0.312026
-2.56065
0.0955747
-0.8459610000000001
-0.8734299999999999
-0.958274
-2.1549
0.801054
0.35778499999999996
-0.290049
0.34255599999999997
0.148747
0.0674256
-0.259213
-0.274528
-0.749096
-0.649507
-1.39622
-0.668243
-0.803121
-2.31602
-2.23303
-0.71422
-1.52844
-1.4600799999999998
-0.829617
0.113023
-0.372131
-0.8609899999999999
-0.411657
-0.34279
-1.15083
0.16008699999999998
0.958557
-1.08889
-0.36294499999999996
-0.0934859
0.502215
-0.239968
0.499601
1.32236
0.366662
0.27774699999999997
-0.9913930000000001
-0.6078140000000001
1.19818
1.19818
-1.26312
0.161427
-0.807021
-0.772687
-0.290256
-1.09956
0.702082
0.45458699999999996
0.0566269
0.0566269
-0.252071
0.027038599999999996
-0.243946
-0.310421
-0.579234
-1.54705
0.157711
0.22995900000000002
-0.640957
-0.5857859999999999
-0.37135799999999997
-1.50171
0.466229
1.60064
-0.431327
0.39761399999999997
0.303325
-0.0903133
0.407516
0.890143
0.168716
0.426422
1.75773
0.322211
0.554057
0.453599
1.03169
-0.364178
-0.41858199999999995
-0.25497
-0.525985
2.64758
1.0338200000000002
-0.6212840000000001
1.1249200000000001
1.1313
-0.20762199999999997
0.275675
0.328004
1.15221
-0.0950928
0.148923
1.69672
-0.394878
-0.334863
-0.0633151
-0.02515
0.146761
3.5746599999999997
2.72261
-0.120094
2.176
-0.9760190000000001
-1.9461700000000002
1.39778
-0.22994099999999998
0.38037600000000005
0.989943
-0.920374
-0.548033
-0.369209
0.519784
0.15936
-0.28403
-1.31504
0.20236700000000002
-0.8362780000000001
-1.92934
-0.47591400000000006
-0.41577600000000003
-0.0365315
0.0779169
-0.5825279999999999
0.023138299999999997
-0.593924
-0.760088
-1.59837
-0.9378340000000001
-2.56432
-0.901644
-0.945025
0.41031599999999996
0.08117560000000001
0.54885
-0.507506
-0.8964610000000001
-0.49646599999999996
0.633736
-0.92476
-1.45959
-1.01918
0.382517
-1.2612
0.271291
0.271291
-0.40217600000000003
-1.1731
-0.421417
0.0811623
-0.0009213960000000001
-0.69413
2.10945
-1.25234
-0.570524
-0.145786
0.9266030000000001
-0.380619
0.407301
-0.181971
0.869109
-0.7453989999999999
0.0527076
-0.388306
-1.4980799999999999
-0.0694878
-1.49884
-0.228196
-0.232706
-0.129734
-0.055869
0.435258
-0.828176
-0.793842
-0.45300799999999997
-0.300985
0.634668
2.3871900000000004
-0.415993
-1.99955
-0.4084
0.440483
-0.9069020000000001
-0.259184
-0.24883400000000003
1.08423
-0.768266
-0.9507620000000001
-0.767234
-0.5290729999999999
-0.5290729999999999
-0.0762217
-1.14481
-0.04771330000000001
-3.5754699999999997
-0.860298
-1.6294600000000001
0.111578
2.10786
0.010401700000000002
-0.7116560000000001
0.260024
0.633001
-0.33623600000000003
-0.8167369999999999
0.0292613
-0.0502093
-0.419547
0.564316
-0.6490090000000001
-0.934423
-1.03758
-0.169579
0.512753
-0.020724400000000004
0.632942
-1.45986
-0.443254
0.161511
-0.8118380000000001
-0.6903229999999999
-4.11457
-1.2460799999999999
-0.700905
0.284304
