2.1644799999999997
1.87143
1.13388
1.34818
0.776814
1.04387
1.00433
0.963664
-0.038236900000000004
0.11963800000000001
2.55974
0.951182
0.582462
0.9256790000000001
-0.0466914
-0.0113628
-0.06315509999999999
0.736903
-0.311286
0.023480599999999997
1.9584700000000002
0.950044
-0.18753399999999998
-0.440967
1.60067
0.21558000000000002
2.9569900000000002
3.1218
0.459049
1.05408
0.736409
-0.0208947
0.932826
0.485677
0.530001
0.0911802
0.305016
0.518412
-0.14827100000000001
1.45674
0.559469
0.49413500000000005
-0.5924689999999999
0.8739379999999999
0.848086
0.743467
0.155637
0.899769
1.05011
0.376322
0.743788
0.9438040000000001
0.679233
0.199614
-0.721437
0.29673
1.04568
1.55247
0.865426
1.48991
0.11449000000000001
0.0710328
0.401862
1.20317
1.49482
0.5607310000000001
0.418153
1.49473
0.401832
0.153204
-0.0605214
0.45465500000000003
-0.267102
2.69125
0.7238680000000001
0.166906
-0.177162
-0.31003000000000003
-0.708681
0.971067
0.425041
-0.150676
1.00204
0.174735
1.0142
1.28446
0.205781
-0.143676
1.00521
2.0207
1.0551
0.0202449
2.77071
1.98538
-0.19894900000000001
0.629057
0.7233689999999999
0.0434571
0.45368
0.8108890000000001
1.09596
0.130929
0.21619499999999997
0.7240840000000001
1.7514299999999998
-0.355757
0.0102656
1.7255
0.128696
-0.04196880000000001
1.10332
0.0636348
2.92233
0.46582799999999996
0.22897399999999998
1.91448
1.96206
-0.109605
-0.7052229999999999
3.24198
0.577268
0.38121
0.432778
2.09896
0.659597
1.27068
0.459143
0.9009219999999999
0.08594310000000001
0.311089
0.21220300000000003
-0.143393
1.9040599999999999
1.25535
0.175647
-0.041879900000000005
0.422275
0.8410280000000001
0.8309
0.21357800000000002
0.49584300000000003
0.699997
1.10805
2.49587
2.20892
2.58157
-1.24528
0.6010939999999999
1.54621
-0.534652
0.13533299999999998
0.23198600000000003
-0.700151
3.5632
0.718187
0.6345529999999999
1.77728
0.0618115
0.327432
0.19042
-1.38107
-0.24910700000000002
0.210249
3.55496
0.641382
-0.11479600000000001
-0.287084
2.04285
0.793046
0.11858099999999999
-1.00216
0.645799
-1.3423100000000001
1.05167
1.37781
1.7734
-1.50473
0.9878809999999999
-0.481146
-0.176594
0.0991133
0.463283
0.5751649999999999
0.215205
-2.27901
2.5246
0.427935
1.06239
4.2682
1.64495
-2.63849
0.5725600000000001
0.337351
-0.387162
-0.140728
1.17603
0.329563
-0.38865500000000003
-1.98281
0.382929
-0.40939899999999996
0.381417
0.9654860000000001
-0.0101596
1.7866799999999998
1.31714
-0.0571312
0.445143
3.30429
0.8311540000000001
0.544917
0.8401569999999999
0.12036400000000001
-0.0864033
2.1629099999999997
0.086903
0.6996359999999999
-0.27544
-0.88164
4.3636
-1.49052
-0.0378794
0.770151
0.476434
1.69917
0.652872
0.7392489999999999
1.58896
-1.46631
0.365396
0.166383
0.342674
-0.2694
1.23129
1.22222
0.542668
-0.246962
-0.327227
0.223345
-0.118985
-1.99501
2.3621
0.0436451
0.796659
-1.1616
-0.218178
2.01864
1.9248599999999998
0.479181
0.0227831
0.501024
-0.228944
1.24043
2.6660000000000004
0.179058
-0.284891
0.948709
-0.060811300000000006
0.258693
-0.115249
0.574866
-0.204755
0.673891
-0.032389799999999996
0.12633699999999998
0.145378
0.214873
1.28795
-2.13025
0.279058
2.3773
-0.878159
1.37323
0.272154
1.1577600000000001
0.646237
-0.983513
-0.718205
0.089751
0.38539
0.491252
0.300929
0.638947
0.528992
0.491839
1.05895
-0.336422
-2.45388
-2.49209
-0.7999850000000001
-1.67667
0.273753
-0.8421290000000001
0.9020370000000001
-0.07331119999999999
0.482522
-0.9443739999999999
0.468186
-0.07281950000000001
-0.456787
0.179802
0.0
-4.09468
0.0
-0.276588
2.9116400000000002
-0.7810060000000001
1.89188
0.813887
-0.37287
0.542419
-0.200736
0.0
0.225201
-0.413736
-0.11888599999999999
1.04053
0.828667
-0.19381600000000002
0.0
-0.0802184
0.511171
0.11441300000000001
0.0575078
-0.672784
-0.6324770000000001
0.335564
0.8642270000000001
-0.41066800000000003
0.338469
0.0443036
0.282907
-0.329073
-0.047797000000000006
0.0
0.25450100000000003
-1.55241
-0.9015709999999999
0.477972
-0.309605
-0.140035
0.296629
-0.39271799999999996
0.500218
0.39310500000000004
0.011376
0.316975
-0.378627
-4.409680000000001
-1.7662900000000001
-0.149576
-0.374517
-0.5863619999999999
0.251309
-0.210668
-0.0920748
0.0
0.43618
0.155899
-2.1837
-0.34607
-0.180901
-0.13025499999999998
0.102496
-0.841339
-0.276331
0.201744
-0.112828
0.640563
0.11001099999999998
-0.10025099999999999
0.6079289999999999
0.793339
-0.312623
-1.4939799999999999
0.201992
-0.798271
-0.651019
-2.85221
-0.252904
-0.729928
0.268941
0.20738600000000001
0.0381019
0.311504
-0.91595
0.033093300000000006
-0.00532347
1.2192100000000001
-1.6909299999999998
-0.42415200000000003
0.259538
2.60948
-0.515497
0.469951
0.728779
-0.23196799999999998
0.868135
0.0
-0.188532
0.925017
0.327852
-0.56438
0.412984
-0.13458399999999998
0.0
0.650505
-0.21795100000000003
-1.90251
0.5099319999999999
0.0248303
0.367266
0.19977
-0.479523
-0.376662
-0.24342600000000003
-1.59663
-2.3961900000000003
0.0
-1.35447
-0.675566
-1.41479
0.0
-0.183907
2.47039
-0.0687969
0.391882
0.315751
0.13498
-0.608676
0.6026100000000001
0.376739
-2.28294
1.29325
0.11878299999999999
0.90017
0.472732
0.581186
-0.507061
0.0
1.8136599999999998
-0.249739
0.742969
0.943257
0.851874
0.6639010000000001
-1.68343
-0.926947
0.227402
0.291011
-0.695611
0.597877
-0.389706
0.7180449999999999
-0.36644299999999996
-2.78769
0.717013
3.58874
-0.24579499999999999
0.0
-0.0683005
0.470749
-1.26981
-3.33514
1.00609
-0.386938
0.504732
-3.46731
-1.30593
-0.5326069999999999
-0.774893
-0.782605
-1.043
0.401964
0.245164
0.380759
-0.0810686
-0.767305
-0.521624
0.44580299999999995
1.26536
-0.642888
0.175924
0.682489
-0.596192
-3.6396699999999997
-0.0293582
0.236936
0.505764
0.478754
0.868226
0.36798600000000004
-0.284616
0.239533
0.407682
-0.0265585
-0.00216287
0.27265900000000004
1.15499
0.5622550000000001
-0.0391204
0.733223
0.0
-0.53332
0.2613
-1.28908
0.0490142
0.632683
-0.0459125
-0.790298
0.291007
0.225289
-4.18018
-0.049569199999999994
0.10855999999999999
0.00427315
0.131416
-0.127779
-0.10634600000000001
1.15673
-0.402961
0.512951
0.15776199999999999
0.700309
0.0603953
0.5793510000000001
0.781365
-0.10933699999999999
0.28654
-0.092389
-1.40315
0.0
0.549894
1.36569
0.0840035
2.28868
1.0067
0.321475
0.0
-0.06177769999999999
0.733093
-0.509877
1.29332
0.527458
0.473846
-1.00558
-0.102467
0.5190020000000001
-1.69887
-0.119208
0.11533800000000001
-0.750058
-3.18876
0.375108
-0.7193
-0.318358
-0.354059
0.250364
0.674926
0.0
-0.13564500000000002
-0.17183800000000002
0.12353800000000001
-0.235431
-0.7216239999999999
-0.557852
0.0
-0.0685133
0.8526540000000001
0.8386540000000001
0.0
0.742095
0.123623
0.278474
-4.30941
-0.937666
-0.045878800000000004
0.247117
-0.7412890000000001
0.192125
0.198959
0.46355
0.0842206
0.5421279999999999
-0.8853280000000001
1.02957
-0.48525799999999997
0.33370500000000003
0.3987
0.185168
-0.181756
0.36246
-0.11442999999999999
1.0206
-0.12128499999999999
0.6119100000000001
0.18151
2.29055
0.21413400000000002
0.664127
0.38467399999999996
-0.172741
-0.304786
0.386169
0.967765
-0.569078
0.37306300000000003
0.775804
-0.25808200000000003
-0.510011
0.0207173
-1.2489
-2.40945
0.46946899999999997
-1.50007
-0.18301900000000002
0.0325846
-0.23502399999999998
0.012843100000000001
-0.0102757
1.21648
-0.018121900000000003
-0.0653065
-0.590943
-1.2992700000000001
0.0
-3.9106
1.00615
0.0299703
0.28539899999999996
0.16952
0.0
-4.14269
-2.64888
0.744262
0.22935100000000003
0.260685
0.680928
-1.47455
-0.137432
0.702743
-4.25775
-0.288792
-0.74058
0.40325500000000003
1.07124
0.23065100000000002
0.7747850000000001
0.0
0.271884
-0.0963337
-0.330918
-0.347115
-0.733194
0.31250700000000003
-0.6789270000000001
-0.5219060000000001
0.915035
-0.540008
0.528383
0.21054
0.314777
0.910409
0.298521
0.709348
0.572688
-3.87226
2.08162
0.990036
0.0841548
-0.732276
-1.24965
0.282878
-0.355944
0.26285
-0.0883289
0.0
0.6842590000000001
-0.11327100000000001
0.0458461
0.263949
-0.20501399999999997
0.25466700000000003
0.654803
0.322817
-3.65676
-0.00199705
0.0
0.329518
-0.20733200000000002
-0.648087
-0.877294
0.235496
0.206048
-0.638614
-0.771479
1.6019299999999999
-0.572709
0.09693439999999999
-1.62542
0.6902189999999999
0.7791939999999999
0.0115505
0.10091
-0.696156
0.165385
0.42616099999999996
2.1821599999999997
0.804281
1.2842
-0.6941039999999999
-2.12552
-0.41703
0.0042287
0.16284400000000002
0.9691870000000001
0.0132875
0.47788
0.0
1.61802
0.531877
-0.252349
-0.6354350000000001
0.297475
-0.267982
0.9650639999999999
0.28279099999999996
-0.0115472
-0.28588600000000003
-0.515419
0.290987
-1.41276
0.276516
-0.207004
-1.0457299999999998
-0.648972
-0.0736937
2.22965
-3.8622199999999998
0.5612020000000001
0.796385
-0.457388
-4.0589
0.195088
0.29330700000000004
-0.179465
0.471553
-0.028778700000000004
0.5106229999999999
0.0
0.520469
0.227998
0.0449631
0.21206999999999998
-0.7609560000000001
0.7414729999999999
1.44097
0.306152
0.935581
-2.3368599999999997
0.516929
0.0126124
0.273446
-0.390255
0.0
-0.18473900000000001
-0.947471
1.11824
0.262096
-1.04301
-0.818117
0.468279
0.18024400000000002
0.181453
0.118353
0.176732
0.8450120000000001
0.0383679
0.388544
-0.294608
-1.4193
-2.24784
1.03045
0.0
0.123645
0.6482979999999999
-4.1946
-1.00716
0.376542
0.519092
1.16782
-0.229108
-0.294804
-0.38818400000000003
0.715978
-0.883878
0.218297
0.23425300000000002
-0.42194899999999996
1.47975
2.05578
-3.99674
-0.347077
0.553891
-0.385196
-0.018035
0.258696
0.0
0.0882254
0.633003
0.202176
0.515521
-0.259834
1.8729
0.474946
0.0
0.0
0.07901989999999999
-0.00892085
-0.208735
1.21326
0.048530199999999996
0.22969299999999998
0.178096
0.48411400000000004
0.441424
0.0
0.22636900000000001
-0.26603499999999997
0.18134
-1.2702200000000001
-4.03568
-0.172239
-0.2468
-0.0232892
-0.0121597
-0.09682410000000001
-0.49888000000000005
-0.33606199999999997
0.874236
-1.44652
0.285771
0.276808
0.177118
0.50797
-0.125327
0.147546
-0.27161399999999997
0.33753099999999997
1.5384
-0.6671060000000001
-0.302501
1.29942
0.42044899999999996
0.08218330000000001
-0.46393599999999996
-0.4611
-0.00960216
-1.43145
-0.0623491
1.48529
-4.11172
-0.760955
-0.297004
0.5727270000000001
-0.131881
0.489045
-0.475933
1.60039
0.896481
-0.883126
-3.1200799999999997
-0.739306
0.530018
0.142947
0.200467
0.36691999999999997
0.373697
-0.286806
1.1475899999999999
0.0787278
0.765308
-0.611621
0.394716
1.0071299999999999
0.34505
3.43254
0.11758800000000001
0.0645719
0.397079
-0.9215190000000001
1.03711
0.36699499999999996
-2.47202
-1.32336
0.251948
-0.325841
0.27219299999999996
0.21300100000000002
-0.464208
0.0
-0.0700201
-0.386986
1.1328200000000002
-0.187151
0.367384
0.0383982
0.406118
-0.0491793
0.371218
1.51682
-1.61558
0.175903
-0.531296
0.7727609999999999
-0.142438
0.670275
-0.218646
-0.400447
0.0436916
-0.458138
1.42889
2.3627700000000003
0.0
-3.34979
-1.35665
0.0
-0.39418600000000004
-0.782646
-0.493468
-0.580753
0.43024700000000005
0.0
-0.14222
0.747282
0.388493
1.61323
0.639514
0.341102
-1.32239
-0.28534299999999996
0.7547699999999999
0.479548
0.0
0.0
0.282532
-0.7189220000000001
0.0
-0.530245
-2.2479400000000003
-0.372287
3.49442
0.531309
0.22521
-0.323911
0.490356
0.473415
