0.990426
0.972708
0.633228
0.608298
0.15262
-0.044849099999999996
1.50007
0.956349
1.6865
1.50325
0.820267
1.3744100000000001
1.3744100000000001
0.725059
0.789764
1.41631
0.758868
0.679012
0.12048900000000001
2.5124
0.209209
0.144598
2.22011
1.3092
1.30856
1.7692900000000003
2.52576
2.16007
1.9929700000000001
1.9929700000000001
2.29992
2.20995
2.27395
0.45359499999999997
0.8759450000000001
1.1059999999999999
1.3064200000000001
0.7726390000000001
0.775479
0.694642
0.807012
1.46499
1.82507
0.7534420000000001
2.52408
0.577438
-0.08708560000000001
0.5718880000000001
-0.371365
-0.200229
0.619367
1.318
-0.130116
0.72787
1.09616
0.818635
0.674801
0.992654
1.16591
-0.215765
0.712923
1.33345
1.11476
1.7038200000000001
0.316154
0.311583
1.3324
0.394354
0.4836
-0.183523
0.9931989999999999
0.08168389999999999
-0.917474
0.112322
-0.738829
-0.738829
-0.960224
-0.958522
-0.564919
0.829626
0.09148400000000001
1.60822
0.791305
-0.836642
1.37566
0.644854
-0.0130316
0.88846
-0.8506469999999999
-1.1092
-0.191147
0.6705439999999999
-0.382307
0.556543
-0.904126
0.527045
0.454211
1.52263
0.212594
0.43957399999999996
0.457012
-0.00208764
0.5664939999999999
0.045354900000000004
0.024488
-0.591004
-0.682539
-0.275554
-0.848133
-0.811535
-1.16878
0.11150499999999999
-0.352509
-1.0234
-0.318261
-1.44687
-1.17583
1.14354
1.1816799999999998
1.0708
1.3711
1.83867
0.0117869
-0.78228
-0.0291293
-0.340325
-1.2811
-1.4147100000000001
0.28931399999999996
-3.34862
-1.02106
-0.7547189999999999
0.172086
0.872527
-0.9255549999999999
0.834096
1.12514
0.630024
-0.679149
0.375705
-1.0949799999999998
2.3446599999999997
1.27595
0.0223207
-0.751228
-1.8581400000000001
-0.933316
1.19615
0.357607
0.49710699999999997
-0.706909
0.183
1.06985
1.3839700000000001
0.5978640000000001
-0.0262277
-0.135856
1.2570000000000001
-0.227868
-0.514838
-0.18783
-0.285145
-0.73946
-0.0701319
1.6988299999999998
1.40305
-1.06437
-0.181027
0.37483099999999997
-0.628067
0.817325
1.03502
1.03502
0.377717
0.377717
-0.0440353
0.24126599999999998
0.68609
-1.07839
-0.657656
-0.06878610000000002
0.376504
0.26068
-0.190736
0.913877
0.025234200000000002
0.247625
0.740588
-0.45348599999999994
1.45312
0.167927
0.509079
-1.24231
1.9947
2.08989
0.39557600000000004
-0.19201700000000002
0.408306
-0.0631158
0.511475
0.0355712
0.31811999999999996
-0.563705
-0.41816099999999995
-0.446453
0.00382735
0.858762
0.662068
0.08641339999999999
0.8804629999999999
-0.930981
-0.607321
-0.8282149999999999
-0.21397600000000003
0.476037
-0.347416
0.0301077
2.38873
-0.788528
0.016812200000000003
-1.09833
0.6088680000000001
0.9667459999999999
1.78971
1.19384
1.3159399999999999
1.0613299999999999
-0.29230700000000004
0.570575
0.0
0.0655679
1.001
-1.7131299999999998
0.20119700000000001
0.964406
0.553396
1.03878
-1.2499799999999999
0.49145900000000003
-0.452921
-1.21894
-2.00218
-0.718638
-0.51686
0.390479
1.41434
-0.579634
-0.399457
-0.330877
0.38617199999999996
0.61403
-0.098436
0.0273259
-0.8913459999999999
-1.31121
-0.489778
-0.188263
0.398476
-0.417641
-0.41635600000000006
-1.08231
1.65883
0.202873
-0.10825
0.773195
-2.69747
1.34738
1.88366
0.9518840000000001
-0.206161
0.491091
0.881401
1.39594
0.8801190000000001
0.588504
0.00334734
0.37098000000000003
0.46044300000000005
0.271946
0.271946
1.0492299999999999
0.477307
1.62779
1.25845
0.806605
0.28271999999999997
0.7032470000000001
1.476
0.085595
0.085595
1.8588200000000001
1.13699
-0.659784
-0.506624
-0.272858
-0.017668299999999998
-0.839291
0.450305
0.861159
0.0358674
-0.340253
0.9675940000000001
0.8695370000000001
1.55293
0.815222
0.50653
0.534022
0.300057
1.71524
1.69128
1.0235
0.7326729999999999
2.65653
0.7388239999999999
-0.566778
0.10843199999999999
0.349418
0.403974
0.695183
0.544315
-0.873958
1.09515
2.03602
0.252967
0.0286851
1.9350599999999998
-0.778332
0.8860389999999999
0.9478620000000001
-0.24666100000000002
0.622123
-0.41391700000000003
0.268502
1.09732
-0.7481180000000001
-1.45527
1.80529
-0.147894
1.8508900000000001
1.4149100000000001
2.0893
1.77826
1.2598200000000002
1.03604
0.635301
0.652909
1.8821599999999998
-0.426996
0.0262705
0.031520099999999995
-1.33594
0.779424
0.681397
0.120676
1.3289799999999998
0.685248
0.0815407
1.1582299999999999
1.37678
0.425921
0.559491
-0.980259
1.04026
-0.014781799999999998
-0.199232
0.531146
-0.15433
-0.180178
-0.4635
-1.08501
-0.712418
-1.10951
0.28779
-0.018887
0.337366
0.942836
-0.571195
0.32422
0.0465473
0.20077799999999998
-0.313283
0.25653000000000004
1.03396
1.61729
1.61729
1.29073
0.715897
-1.8042
0.9270729999999999
1.63968
0.5070979999999999
0.239916
0.37672
1.9957900000000002
1.6428200000000002
0.6303810000000001
1.0712
0.579788
0.40271799999999996
1.62271
1.28478
0.507595
1.26177
1.40792
-1.0359399999999999
0.33058899999999997
0.7658560000000001
0.676164
0.281013
0.0444323
0.193754
0.23983800000000002
0.6457579999999999
0.332412
0.852626
1.42705
1.05037
0.175819
-1.4364700000000001
0.341432
-0.121794
1.0313700000000001
0.548294
0.5741310000000001
1.45746
1.7004400000000002
0.255707
0.464951
0.8992680000000001
0.8992680000000001
0.710062
0.624161
-1.3526
0.510465
-1.0971600000000001
-1.00947
1.33555
0.8319770000000001
-0.24945900000000001
0.609478
0.8800879999999999
0.640497
0.0919198
-0.600428
0.770491
1.04967
0.335248
-0.350008
0.71806
1.28355
0.293823
1.3164200000000001
0.829845
1.8542900000000002
1.24124
-0.7825449999999999
-0.443359
-0.021986500000000003
-0.282048
-1.27862
0.497816
-0.388906
-0.20385999999999999
0.565673
