0.9053829999999999
-0.27205
0.595344
0.597621
-0.6152
-0.08670189999999998
0.0167813
-0.22999699999999998
0.847147
0.224733
0.510048
-0.42537700000000006
-0.42537700000000006
-0.660209
0.849187
-0.522096
0.161466
0.106386
0.41138199999999997
-0.31948899999999997
-1.31016
0.7234550000000001
0.354175
0.9294600000000001
-0.393106
0.7247640000000001
-0.168226
0.553171
0.813562
0.813562
-0.344475
0.22089699999999998
0.6440140000000001
1.12278
-0.10450999999999999
-0.285024
1.1034
-0.00758704
0.41038199999999997
1.00395
-0.197233
1.49456
2.40129
0.842093
0.478166
-0.207823
0.312945
-0.926162
0.48497700000000005
0.0827188
-0.9396540000000001
-0.339134
-1.0638299999999998
0.7343810000000001
-0.46582299999999993
-0.41333000000000003
0.877052
0.013610399999999998
0.550445
-0.126218
0.12410999999999998
1.3406
0.339577
0.638817
-0.523833
1.1450799999999999
-0.755212
0.34835
0.11769400000000001
-0.148768
-0.07832919999999999
0.22266999999999998
0.239787
-0.820351
0.164998
0.164998
-0.8875629999999999
0.332864
-0.23204
1.82716
-0.37595700000000004
-0.09290570000000001
0.46492100000000003
1.9537400000000003
1.01924
0.0673711
-0.29359
0.0419478
-0.131664
-0.262067
0.408875
0.14691300000000002
1.04471
1.72639
-0.0663383
-1.74273
-0.53469
-1.23956
0.20189200000000002
0.574416
-0.108009
-1.0384799999999998
-0.28088
-0.250307
-0.26869699999999996
-0.358103
-0.389588
0.30057
-1.09857
-0.410775
-1.1257
-1.33723
-0.0157042
-0.905791
-1.30054
-0.779188
-0.30755
0.9665360000000001
-1.05288
0.243247
0.30161
-0.11022799999999999
0.6052529999999999
-0.878381
-0.12425699999999999
-0.455424
0.0481339
0.026523200000000004
-0.20683200000000002
-0.287355
-0.509473
-0.356125
-0.5565869999999999
0.366034
-0.9271790000000001
-0.48094
0.741063
-1.1075
0.044720300000000004
-1.19907
-0.826151
-0.45718500000000006
-0.362168
0.4901
-0.926784
-0.863842
0.48977600000000004
0.314727
0.714547
0.39116599999999996
-0.5986859999999999
0.505657
0.8437870000000001
2.33105
0.325241
-1.10376
-1.33712
1.9556099999999998
0.843239
0.006685600000000001
-0.771072
0.44488500000000003
-1.02304
-0.368742
0.600346
2.89485
-1.28036
0.49240100000000003
1.06033
1.25346
1.6789900000000002
1.34084
1.34084
1.00932
1.00932
-1.09684
-0.783211
0.0888531
-0.412954
0.41501400000000005
-1.02141
0.205668
-0.774026
0.00647967
1.32287
0.9424899999999999
0.196204
-0.378023
0.410764
-1.6027799999999999
-1.1185200000000002
0.540093
-0.693083
0.21652600000000002
-0.366782
0.052479700000000004
-0.7379319999999999
0.04353030000000001
1.1745299999999999
0.519985
0.129207
-1.05718
0.84221
0.20107
-0.7290260000000001
-0.060319500000000005
-0.7762819999999999
-0.0363912
1.2075
0.6131409999999999
-0.034219099999999995
0.399982
1.3358
-1.27321
-0.146242
-0.774642
1.50289
-0.355556
1.09985
-0.449171
-0.440546
1.02685
0.163226
0.8066989999999999
1.06243
0.0069416
0.585317
-0.815879
0.5823649999999999
-0.15472
0.113266
0.419221
-0.23558600000000002
-0.18915
-1.31283
-0.0176446
0.19186199999999998
0.099319
-1.0968
-0.277619
-1.16878
-0.785248
-0.458117
0.782682
-0.707435
-0.552672
-1.28477
0.153089
-0.0361482
0.819915
-0.179096
-0.7671600000000001
-0.837332
2.55347
-1.19852
-0.22191799999999998
0.305116
0.12891
-0.38898
-0.37519600000000003
-0.5635
-2.38881
-1.5456299999999998
0.224373
0.108044
0.483238
0.496853
-0.175424
0.878848
-0.680077
-0.311382
1.05451
2.84865
1.3681
-1.5229
0.7423930000000001
1.85982
1.7309599999999998
-0.965667
-0.965667
-0.0749849
2.45796
0.628504
0.65714
1.27911
0.341386
-0.32049
0.392065
1.74868
1.74868
0.549605
-0.967542
-0.05928200000000001
-0.395755
0.290145
-0.88633
-0.44343299999999997
0.141747
0.241258
-0.0765433
-0.22061
-0.18527000000000002
-0.0826002
0.421347
0.00496373
-0.2912
0.127025
0.618356
1.68248
0.515832
-0.521093
1.60425
0.75936
2.65302
0.75126
0.8115359999999999
0.8069069999999999
0.0137049
-0.427605
0.638731
0.0711175
0.125344
1.36653
0.494982
0.124118
0.200467
0.42072200000000004
-0.44291099999999994
0.60193
0.0659358
0.6179359999999999
0.013115200000000002
-0.0246432
0.24899699999999997
-0.9921629999999999
1.78608
0.792834
0.45346899999999996
0.7151109999999999
1.13964
1.51474
0.669027
0.136693
0.98285
-0.171845
-0.06867619999999999
1.09205
0.582676
0.45634600000000003
0.591735
-0.0857512
-0.14085799999999998
-0.36901
-0.281957
0.338913
-0.212797
0.37551100000000004
-0.519354
-0.9518049999999999
0.45351199999999997
-1.55224
-1.1611
0.187501
0.42665699999999995
0.36043800000000004
-0.706993
0.404553
-1.11775
-0.491137
-0.606251
-1.17665
-0.641858
-0.981957
-1.89674
0.796683
-0.31963600000000003
0.253988
2.1815
-0.9565889999999999
-0.5261060000000001
0.9062469999999999
0.323879
1.01498
0.647814
0.647814
0.29986599999999997
-0.8424370000000001
0.158878
0.188273
1.0920299999999998
-0.242252
-0.9343040000000001
-0.36901799999999996
0.547319
-0.178548
0.234224
0.11650799999999999
0.8205120000000001
0.947401
0.794782
0.970103
1.26363
0.930499
0.02621
1.02464
0.223566
0.874342
0.187638
1.15163
0.5085850000000001
0.27014499999999997
0.360252
0.00187542
0.0576444
0.6358659999999999
1.3554700000000002
-0.157915
0.0168107
-0.332559
0.0856822
0.29934
0.682983
0.8311129999999999
0.029605000000000003
-0.235839
0.46800299999999995
-0.0290341
-0.00701196
-0.7986989999999999
-0.7986989999999999
-1.2843
-1.02424
0.07227760000000001
-0.9533959999999999
0.037248800000000006
-0.38056599999999996
1.11842
0.167601
0.665715
-1.03013
1.27651
-0.130296
1.4521600000000001
0.5632739999999999
0.25543699999999997
1.30748
0.724901
0.44929600000000003
1.06628
0.338485
-1.49089
-0.4255
1.19684
1.2402799999999998
1.13939
-1.11991
0.568001
1.0346
-0.0429288
-0.544828
-0.591697
-0.171481
0.576613
0.043337099999999996
