0.409969
0.482497
0.48535500000000004
0.42979700000000004
0.111659
0.427757
0.620816
0.6014010000000001
0.41333100000000006
0.865691
0.18118800000000002
0.394351
0.885431
0.670165
0.671533
0.0398358
0.532447
0.810955
0.8702139999999999
0.643732
0.854583
0.5358
0.908136
0.296639
0.254761
0.0300508
0.189339
0.128805
0.709992
0.23654699999999998
0.891956
0.798482
0.532424
0.0663702
0.6308060000000001
0.198874
0.626416
0.7439640000000001
0.338181
0.8401350000000001
0.8301790000000001
0.461743
0.754973
0.8402069999999999
0.43726800000000005
0.284494
0.510261
0.8219209999999999
0.173323
0.8783190000000001
0.26769299999999996
0.755393
0.638922
0.763317
0.661751
0.783021
0.33476
0.416024
0.179974
0.44209
0.8261879999999999
0.849925
0.719426
0.0161272
0.124252
0.305145
0.737696
0.868381
0.739213
0.43567799999999995
0.738524
0.475854
0.270864
0.239637
0.167473
0.10865599999999999
0.298746
0.118191
0.742483
0.00797626
0.0477876
0.598457
0.159354
0.710859
0.467071
0.34572800000000004
0.6668850000000001
0.172015
0.224863
0.5066470000000001
0.265337
0.774105
0.303653
0.0172008
0.00935954
0.59732
0.335912
0.336618
0.79682
0.09011569999999999
0.214371
0.07717869999999999
0.169922
0.688688
0.436533
0.8640959999999999
0.400062
0.097385
0.717816
0.729269
0.406773
0.92516
0.35956
0.53552
0.723424
0.40987399999999996
0.5784729999999999
0.951232
0.782559
0.0853201
0.101423
0.771981
0.8706860000000001
0.550013
0.480523
0.46528800000000003
0.803032
0.00441849
0.548629
0.301762
0.0860661
0.700388
0.553002
0.584337
0.8796290000000001
0.459164
0.8726799999999999
0.19381700000000002
0.247023
0.833066
0.894592
0.581232
0.8177369999999999
0.101292
0.280859
0.0751763
0.9240209999999999
0.879495
0.145182
0.175534
0.812264
0.869209
0.873474
0.0126381
0.801109
0.205283
0.510544
0.192588
0.808605
0.0905985
0.847467
0.227097
0.09428860000000001
0.028898400000000005
0.882301
0.8838030000000001
0.163942
0.0861553
0.496281
0.184862
0.906696
0.823658
0.8637370000000001
0.257436
0.199946
0.367033
0.7644029999999999
0.00445252
0.937649
0.9276639999999999
0.335956
0.794319
0.110181
0.202953
0.870301
0.202718
0.910175
0.25845300000000004
0.25211100000000003
0.45542
0.7606930000000001
0.251236
0.7731939999999999
0.8599040000000001
0.141799
0.817191
0.8651209999999999
0.825915
0.8810629999999999
0.323384
0.887818
0.221636
0.735799
0.231371
0.041032
0.325759
0.0817544
0.41139799999999993
0.185082
0.557241
0.0356064
0.43651899999999993
0.881978
0.870661
0.262914
0.8273520000000001
0.178621
0.822557
0.7875909999999999
0.00426086
0.934535
0.146337
0.8954629999999999
0.10961900000000001
0.435647
0.114765
0.8633290000000001
0.467362
0.697674
0.884814
0.744495
0.17321199999999998
0.9065270000000001
0.6527970000000001
0.764004
0.08406
0.8345229999999999
0.931753
0.8789129999999999
0.954992
0.891634
0.051528599999999994
0.354948
0.004153199999999999
0.944106
0.73146
0.213925
0.290108
0.779536
0.901177
0.544652
0.05071969999999999
0.384471
0.361371
0.727392
0.216218
0.11451099999999999
0.836559
0.875101
0.526402
0.22141100000000002
0.16564600000000002
0.0129584
0.0801715
0.313306
0.9198430000000001
0.828656
0.750973
0.821269
0.770898
0.12783699999999998
0.8510549999999999
0.843039
0.273989
0.0896663
0.0333188
0.7082649999999999
0.8670629999999999
0.0169458
0.879245
0.879109
0.855299
0.9026629999999999
0.728726
0.745513
0.820992
0.792597
0.852153
0.785705
0.8530620000000001
0.8233450000000001
0.829306
0.8511120000000001
0.870024
0.825902
0.728949
0.8867299999999999
0.73326
0.857657
0.9229860000000001
0.851723
0.0
0.0
0.0
0.852975
0.7989189999999999
0.689311
0.870309
0.66347
0.8458469999999999
0.798951
0.861719
0.0
0.882092
0.67269
0.8297389999999999
0.9305680000000001
0.7094
0.90517
0.0
0.8967440000000001
0.8509190000000001
0.8494370000000001
0.880192
0.616738
0.851859
0.8324010000000001
0.8336600000000001
0.9498700000000001
0.913234
0.8593370000000001
0.8298969999999999
0.874274
0.8877780000000001
0.0
0.648115
0.82201
0.840669
0.8739299999999999
0.8927700000000001
0.820941
0.8240270000000001
0.804118
0.8612540000000001
0.92376
0.892365
0.9228200000000001
0.9433290000000001
0.873016
0.854524
0.8516530000000001
0.86795
0.8851100000000001
0.8160930000000001
0.832894
0.885474
0.0
0.895418
0.8553360000000001
0.838586
0.8832530000000001
0.780502
0.882286
0.877975
0.865317
0.918746
0.819263
0.774967
0.684419
0.7764949999999999
0.8734
0.801182
0.667285
0.904797
0.792315
0.809829
0.815198
0.822484
0.958535
0.8238059999999999
0.860442
0.8411200000000001
0.686405
0.9210780000000001
0.8327549999999999
0.791602
0.9057459999999999
0.918824
0.9159430000000001
0.840368
0.8656530000000001
0.485518
0.224492
0.8879309999999999
0.835888
0.915626
0.8654120000000001
0.849542
0.0
0.921924
0.865469
0.896342
0.864351
0.877927
0.8535149999999999
0.0
0.8830620000000001
0.832476
0.763587
0.8900870000000001
0.8635459999999999
0.447658
0.91101
0.836007
0.856875
0.904819
0.811558
0.7394189999999999
0.0
0.776081
0.777143
0.8728670000000001
0.0
0.8815299999999999
0.243812
0.8723549999999999
0.8321350000000001
0.801294
0.92616
0.832728
0.859188
0.8957069999999999
0.729029
0.823472
0.875408
0.844281
0.899969
0.798819
0.876316
0.0
0.907077
0.81077
0.775035
0.841231
0.836766
0.613146
0.849534
0.832405
0.63165
0.8810100000000001
0.897062
0.791625
0.863079
0.734583
0.8826860000000001
0.742923
0.867935
0.00615324
0.819535
0.0
0.834549
0.7513380000000001
0.716829
0.762332
0.91214
0.932366
0.888591
0.65427
0.8933209999999999
0.897442
0.908436
0.801225
0.8670329999999999
0.8451270000000001
0.897493
0.856425
0.808431
0.87525
0.704551
0.905057
0.8741479999999999
0.845108
0.885534
0.660679
0.95147
0.862083
0.9092309999999999
0.8959540000000001
0.852907
0.8294889999999999
0.891906
0.91655
0.901157
0.665458
0.8081189999999999
0.886275
0.862758
0.906417
0.835227
0.8642700000000001
0.8685510000000001
0.8994340000000001
0.0
0.890934
0.8403579999999999
0.8947729999999999
0.8427209999999999
0.8626440000000001
0.917567
0.875607
0.80465
0.858216
0.712232
0.90712
0.8977799999999999
0.817517
0.931308
0.769913
0.703227
0.8335969999999999
0.8744870000000001
0.90049
0.74006
0.8806780000000001
0.679868
0.794776
0.824081
0.893408
0.8479629999999999
0.850773
0.8435739999999999
0.0
0.670667
0.794529
0.7862939999999999
0.873008
0.776942
0.8148569999999999
0.0
0.8673639999999999
0.798583
0.928582
0.884808
0.867576
0.905422
0.8361360000000001
0.784818
0.900867
0.7874439999999999
0.836461
0.880509
0.833576
0.947368
0.569468
0.9148790000000001
0.911909
0.854029
0.8997209999999999
0.9025059999999999
0.0
0.868449
0.766961
0.8058960000000001
0.8439909999999999
0.8728440000000001
0.8284940000000001
0.0
0.45768400000000004
0.8259620000000001
0.8216100000000001
0.0
0.8665510000000001
0.854232
0.8797379999999999
1.0
0.7831100000000001
0.839814
0.8236950000000001
0.867366
0.864992
0.873244
0.8823030000000001
0.9078719999999999
0.839559
0.8577239999999999
0.863641
0.9207569999999999
0.7697
0.9126340000000001
0.886769
0.895373
0.8885540000000001
0.8580399999999999
0.878166
0.9408139999999999
0.850442
0.8390110000000001
0.711442
0.923615
0.8051689999999999
0.8584309999999999
0.9272459999999999
0.872906
0.760575
0.9029719999999999
0.930112
0.8119109999999999
0.774713
0.927441
0.662061
0.805511
0.7459439999999999
0.734984
0.793769
0.8542489999999999
0.8329489999999999
0.8816440000000001
0.868994
0.7729590000000001
0.9044479999999999
0.832766
0.853325
0.873015
0.839838
0.819717
0.0
0.6
0.8763719999999999
0.8419
0.88075
0.880051
0.0
0.753195
0.7182970000000001
0.618789
0.8329059999999999
0.823275
0.877483
0.801516
0.78551
0.803633
0.877611
0.740608
0.8523540000000001
0.931004
0.808041
0.896956
0.874819
0.0
0.8835780000000001
0.876056
0.853824
0.8551780000000001
0.872877
0.883265
0.7872020000000001
0.8765
0.789778
0.822031
0.919285
0.8365969999999999
0.835843
0.79157
0.845248
0.705221
0.821946
0.9615379999999999
0.901178
0.933758
0.8469780000000001
0.9358549999999999
0.83363
0.465888
0.812602
0.759273
0.9213399999999999
0.0
0.9072180000000001
0.9038370000000001
0.9047
0.8853340000000001
0.868816
0.865341
0.751796
0.930586
0.0
0.845791
0.0
0.72983
0.9144100000000001
0.8635370000000001
0.6700729999999999
0.8506360000000001
0.858291
0.913602
0.864394
0.762251
0.86579
0.53627
0.636402
0.7893319999999999
0.869491
0.813317
0.880821
0.9043260000000001
0.815214
0.8688540000000001
0.5967859999999999
0.889215
0.847993
0.884591
0.833183
0.910228
0.73325
0.8503879999999999
0.835116
0.834233
0.892325
0.0
0.887525
0.698548
0.844081
0.8953260000000001
0.769458
0.846032
0.9079360000000001
0.812595
0.8554879999999999
0.8828940000000001
0.866245
0.85296
0.9239649999999999
0.896308
0.910272
0.862907
0.8954489999999999
0.799136
0.412288
0.8679610000000001
0.776667
0.909632
0.8593620000000001
0.796563
0.841564
0.690821
0.949067
0.8844989999999999
0.89854
0.837407
0.0
0.7822560000000001
0.9095049999999999
0.9270370000000001
0.8562360000000001
0.828673
0.5910890000000001
0.744529
0.82139
0.926467
0.860226
0.803873
0.888034
0.839189
0.8432879999999999
0.0
0.891948
0.9102040000000001
0.883058
0.861583
0.7306779999999999
0.8995799999999999
0.8784049999999999
0.9150520000000001
0.8453940000000001
0.8345459999999999
0.8464459999999999
0.8405440000000001
0.878107
0.852261
0.880951
0.799049
0.743304
0.8441790000000001
0.0
0.8281719999999999
0.849567
0.0
0.8707239999999999
0.859851
0.8993959999999999
0.851059
0.934775
0.800621
0.905501
0.905164
0.838831
0.8582059999999999
0.778822
0.8492290000000001
0.823544
0.520794
0.8794719999999999
0.871827
0.8456610000000001
0.842776
0.912956
0.830787
0.0
0.895093
0.775034
0.8690690000000001
0.5605439999999999
0.8668680000000001
0.636844
0.833933
0.0
0.0
0.8905629999999999
0.8287040000000001
0.833363
0.886232
0.839349
0.8776450000000001
0.84801
0.7772100000000001
0.8251719999999999
0.0
0.837348
0.8801
0.885754
0.853188
0.65
0.9320360000000001
0.9166049999999999
0.889015
0.875545
0.779226
0.883609
0.856575
0.840939
0.8060510000000001
0.827239
0.8460260000000001
0.833937
0.810121
0.88376
0.8854540000000001
0.805675
0.523736
0.857902
0.8615959999999999
0.9142979999999999
0.898175
0.8966790000000001
0.927751
0.832166
0.9314120000000001
0.8431049999999999
0.9247709999999999
0.9174899999999999
0.860884
0.606587
0.8624719999999999
0.8990549999999999
0.900468
0.861624
0.842518
0.823974
0.786852
0.894119
0.883568
0.805304
0.743505
0.7342810000000001
0.781116
0.854713
0.896016
0.708557
0.859302
0.689858
0.90348
0.9172370000000001
0.8594569999999999
0.8215319999999999
0.698336
0.900359
0.47709300000000004
0.927124
0.868563
0.805321
0.8915129999999999
0.388679
0.88364
0.795193
0.9243459999999999
0.674057
0.866065
0.873526
0.8830790000000001
0.7109979999999999
0.0
0.873168
0.805373
0.806701
0.847382
0.9095530000000001
0.756354
0.897142
0.766366
0.772782
0.809292
0.891458
0.9115969999999999
0.888667
0.827376
0.660057
0.821556
0.8084140000000001
0.849601
0.8424459999999999
0.768583
0.75541
0.6233770000000001
0.0
0.801805
0.8718889999999999
0.0
0.7519279999999999
0.916176
0.6240939999999999
0.8122659999999999
0.732157
0.0
0.8462709999999999
0.647175
0.880906
0.8274309999999999
0.8889450000000001
0.872344
0.809144
0.9415889999999999
0.83481
0.871259
0.0
0.0
0.8820690000000001
0.8860379999999999
0.0
0.883912
0.8219299999999999
0.8999389999999999
0.0148399
0.807342
0.8718819999999999
0.8730040000000001
0.819421
0.898593
