0.372375
0.494438
0.27481300000000003
0.38524
0.0732384
0.366976
0.687098
0.6400170000000001
0.594784
0.874461
0.147963
0.496576
0.8493219999999999
0.618862
0.640314
0.037507599999999995
0.400565
0.805125
0.867899
0.6742100000000001
0.769003
0.385415
0.858189
0.31366700000000003
0.164233
0.024983599999999998
0.139825
0.173594
0.666084
0.267009
0.8603719999999999
0.707767
0.5205420000000001
0.24011
0.438076
0.17924400000000001
0.648289
0.700149
0.33056399999999997
0.821305
0.6892510000000001
0.307954
0.671665
0.7513810000000001
0.381981
0.301359
0.506051
0.79159
0.160296
0.8586739999999999
0.187631
0.83065
0.658583
0.691732
0.648271
0.811121
0.323851
0.314268
0.161181
0.42858100000000005
0.779987
0.8207260000000001
0.647436
0.0188787
0.102654
0.199875
0.513404
0.8497399999999999
0.7215
0.449771
0.735539
0.530259
0.279565
0.219237
0.15901099999999999
0.21820900000000001
0.27867
0.119795
0.666534
0.00642776
0.040713900000000004
0.5356920000000001
0.163114
0.683246
0.472217
0.417969
0.48458999999999997
0.17485799999999999
0.224146
0.44525600000000004
0.333644
0.725654
0.268721
0.0191933
0.032199
0.629774
0.31807399999999997
0.5386449999999999
0.619557
0.133082
0.25640300000000005
0.112624
0.189244
0.6686810000000001
0.46943199999999996
0.83816
0.51667
0.0973233
0.712387
0.6923739999999999
0.403345
0.891275
0.356586
0.503228
0.684465
0.408086
0.577655
0.943204
0.896874
0.0504843
0.08642369999999999
0.7076
0.8558540000000001
0.583737
0.464347
0.455388
0.7024199999999999
0.00200247
0.469958
0.283598
0.07837569999999999
0.8198780000000001
0.478545
0.4179
0.8443229999999999
0.486217
0.9079950000000001
0.184165
0.24200300000000002
0.70626
0.8636739999999999
0.689243
0.801383
0.11779300000000001
0.288664
0.0751178
0.936433
0.8715120000000001
0.156
0.168522
0.7850779999999999
0.8468379999999999
0.798285
0.0198991
0.749301
0.22873400000000002
0.48168
0.189612
0.818783
0.0796105
0.822016
0.22394699999999998
0.0932878
0.035725
0.8571280000000001
0.8492879999999999
0.174201
0.0924103
0.435729
0.17868399999999998
0.898855
0.835032
0.779259
0.25176
0.180318
0.305299
0.779011
0.00248792
0.920017
0.899015
0.32227100000000003
0.773054
0.10613099999999999
0.20843299999999998
0.81217
0.19079200000000002
0.8935190000000001
0.226985
0.244104
0.455309
0.736751
0.244421
0.742642
0.861864
0.14465899999999998
0.797566
0.865728
0.830558
0.87571
0.294458
0.853928
0.228783
0.707493
0.238265
0.035495
0.305423
0.08035489999999999
0.37358800000000003
0.186506
0.579492
0.039995300000000004
0.399574
0.858717
0.819325
0.21938000000000002
0.788033
0.193918
0.74163
0.750859
0.00350334
0.9100729999999999
0.127916
0.874293
0.126025
0.314775
0.11691199999999999
0.8109999999999999
0.446428
0.7057260000000001
0.8595799999999999
0.736432
0.16589600000000002
0.924809
0.611337
0.680504
0.0837485
0.7830020000000001
0.8775799999999999
0.8732040000000001
0.930112
0.907027
0.046338
0.34789699999999996
0.00214154
0.920941
0.624997
0.21834800000000001
0.243071
0.761441
0.911058
0.489728
0.05178819999999999
0.35689099999999996
0.349663
0.596072
0.223523
0.10645299999999999
0.782273
0.8593649999999999
0.532643
0.21176799999999998
0.154394
0.015794
0.0713753
0.30655
0.915531
0.7893899999999999
0.78605
0.8093560000000001
0.819409
0.132537
0.834714
0.8125859999999999
0.257299
0.105402
0.0310629
0.706615
0.8669549999999999
0.015742700000000002
0.8749879999999999
0.8623879999999999
0.810076
0.900093
0.765748
0.699014
0.72695
0.761143
0.920694
0.805754
0.86103
0.784354
0.802782
0.7935909999999999
0.870865
0.767129
0.638995
0.8300209999999999
0.701792
0.787489
0.9237209999999999
0.8653489999999999
0.0
0.0
0.0
0.8266129999999999
0.801975
0.656301
0.858355
0.6097560000000001
0.818222
0.799664
0.884709
0.0
0.8695809999999999
0.677453
0.783117
0.911659
0.612831
0.852773
0.0
0.899834
0.81285
0.839277
0.9010969999999999
0.5823020000000001
0.829151
0.843392
0.8513059999999999
0.9446610000000001
0.898518
0.801198
0.726122
0.856381
0.854742
0.0
0.681991
0.746314
0.7988460000000001
0.856901
0.846916
0.778794
0.7906920000000001
0.8192860000000001
0.817555
0.901998
0.868856
0.890282
0.933825
0.759259
0.8555969999999999
0.799838
0.8484700000000001
0.870085
0.788596
0.773556
0.853981
0.0
0.823565
0.8143739999999999
0.8175640000000001
0.800466
0.780486
0.863469
0.8378030000000001
0.80425
0.887418
0.751767
0.6769270000000001
0.680545
0.7491329999999999
0.922459
0.767065
0.743187
0.903451
0.745563
0.790673
0.776493
0.7745609999999999
0.8890680000000001
0.7211489999999999
0.8583059999999999
0.855024
0.6478649999999999
0.877393
0.8777309999999999
0.831923
0.8708809999999999
0.8961020000000001
0.835909
0.8615809999999999
0.852584
0.456358
0.244896
0.860118
0.8219540000000001
0.9141540000000001
0.854851
0.810896
0.0
0.903241
0.823672
0.8796430000000001
0.8753780000000001
0.887453
0.824572
0.0
0.893983
0.820317
0.711959
0.886849
0.928275
0.509437
0.8838889999999999
0.84752
0.814779
0.860964
0.700688
0.720268
0.0
0.733344
0.746162
0.824717
0.0
0.8244790000000001
0.177558
0.8397110000000001
0.832147
0.763853
0.909444
0.78735
0.8367479999999999
0.876545
0.683438
0.740818
0.8726940000000001
0.789691
0.9352370000000001
0.774005
0.8397899999999999
0.0
0.92161
0.791762
0.824348
0.796028
0.7657109999999999
0.611042
0.848751
0.8201
0.816389
0.698673
0.9105610000000001
0.800235
0.7474569999999999
0.560822
0.8900450000000001
0.8652569999999999
0.894199
0.00589215
0.794867
0.0
0.773201
0.767162
0.679276
0.80062
0.8594299999999999
0.9348120000000001
0.870525
0.8432290000000001
0.8604350000000001
0.802589
0.858759
0.781942
0.804535
0.767804
0.884386
0.8394739999999999
0.7636350000000001
0.87072
0.785403
0.878703
0.8725139999999999
0.83581
0.81125
0.6924779999999999
0.9158719999999999
0.819077
0.878539
0.89187
0.8520719999999999
0.8106369999999999
0.8659540000000001
0.9109709999999999
0.807897
0.58565
0.740531
0.881187
0.8641190000000001
0.8777360000000001
0.782991
0.787313
0.8600120000000001
0.891962
0.0
0.810817
0.863908
0.887407
0.78475
0.819998
0.9050040000000001
0.789162
0.8267129999999999
0.8424459999999999
0.69691
0.915212
0.911408
0.768403
0.9371290000000001
0.766713
0.8137270000000001
0.809605
0.8175819999999999
0.906331
0.753621
0.834957
0.639025
0.785112
0.705581
0.862273
0.810539
0.806768
0.8061659999999999
0.0
0.627628
0.791694
0.665411
0.8372139999999999
0.700281
0.8148380000000001
0.0
0.870668
0.843607
0.906855
0.893803
0.787355
0.9055629999999999
0.795604
0.766275
0.8995049999999999
0.748058
0.8290270000000001
0.864411
0.743486
0.943276
0.22248800000000002
0.9063479999999999
0.8992760000000001
0.821119
0.8613270000000001
0.915558
0.0
0.878067
0.8377120000000001
0.807087
0.883236
0.8984540000000001
0.8058069999999999
0.0
0.525926
0.698145
0.8185939999999999
0.0
0.852925
0.8246370000000001
0.8137310000000001
1.0
0.836865
0.827708
0.809685
0.8303200000000001
0.8821100000000001
0.8545159999999999
0.8199299999999999
0.8993639999999999
0.8316879999999999
0.8051699999999999
0.825994
0.847406
0.7753909999999999
0.8988459999999999
0.837499
0.883533
0.8327690000000001
0.876625
0.8573379999999999
0.9071
0.848046
0.855301
0.619315
0.889582
0.81611
0.8021199999999999
0.90809
0.81978
0.7453069999999999
0.895882
0.8974479999999999
0.830692
0.766042
0.895785
0.507022
0.776673
0.7062970000000001
0.74756
0.7561939999999999
0.8195479999999999
0.7779550000000001
0.857482
0.794399
0.831233
0.8760049999999999
0.836219
0.8458829999999999
0.791841
0.84495
0.818516
0.0
0.125
0.869591
0.836725
0.864574
0.849517
0.0
0.716625
0.7120350000000001
0.541086
0.792586
0.769559
0.870074
0.766288
0.804987
0.796461
0.905392
0.746464
0.8130689999999999
0.9257700000000001
0.811912
0.846043
0.8580200000000001
0.0
0.8104600000000001
0.8533870000000001
0.826714
0.878848
0.854799
0.884403
0.788138
0.84216
0.8269479999999999
0.741693
0.9059729999999999
0.878901
0.8110539999999999
0.755419
0.8580469999999999
0.706642
0.795104
0.9863639999999999
0.8499270000000001
0.907085
0.7904939999999999
0.898525
0.8328190000000001
0.502638
0.8386
0.850721
0.9088209999999999
0.0
0.864247
0.916998
0.883107
0.837844
0.8582209999999999
0.845744
0.73657
0.9131290000000001
1.0
0.8109770000000001
0.0
0.712973
0.846865
0.835991
0.629541
0.828401
0.805972
0.8702469999999999
0.853246
0.735746
0.848057
0.616422
0.55014
0.8370200000000001
0.80669
0.718439
0.882074
0.882782
0.704711
0.8792059999999999
0.495255
0.858822
0.844512
0.857174
0.707176
0.8858290000000001
0.795689
0.8673690000000001
0.796955
0.845917
0.872469
0.0
0.896215
0.566529
0.788284
0.8500620000000001
0.7134189999999999
0.875516
0.8745569999999999
0.792391
0.8277100000000001
0.8317200000000001
0.8812129999999999
0.846253
0.917737
0.852843
0.8809950000000001
0.8309340000000001
0.8769049999999999
0.796806
0.38919499999999996
0.72231
0.764867
0.880754
0.806125
0.573658
0.817928
0.680897
0.9366129999999999
0.834268
0.9285959999999999
0.8542420000000001
0.0
0.761807
0.920335
0.9392290000000001
0.798694
0.8425229999999999
0.534281
0.7686350000000001
0.779072
0.87546
0.8
0.768223
0.840145
0.746318
0.7952600000000001
0.0
0.8761639999999999
0.8865280000000001
0.8355940000000001
0.8284940000000001
0.762103
0.8631559999999999
0.8709950000000001
0.821492
0.797239
0.7301310000000001
0.8475860000000001
0.816484
0.8649120000000001
0.8374860000000001
0.8875549999999999
0.785253
0.699926
0.768975
0.0
0.702994
0.836764
0.0
0.8423360000000001
0.8241950000000001
0.8585870000000001
0.8517879999999999
0.9198629999999999
0.729595
0.922394
0.8805799999999999
0.785072
0.845591
0.7617689999999999
0.776568
0.78203
0.43325600000000003
0.921077
0.8643139999999999
0.8238840000000001
0.80781
0.89849
0.815576
0.0
0.8348049999999999
0.817412
0.845564
0.627035
0.811558
0.676337
0.7730199999999999
0.0
0.0
0.792463
0.73679
0.804117
0.8498469999999999
0.8589700000000001
0.839899
0.819691
0.7653270000000001
0.7717579999999999
0.0
0.771435
0.864032
0.884576
0.81404
0.696429
0.8842409999999999
0.869193
0.847555
0.8577629999999999
0.73798
0.820074
0.8579610000000001
0.85015
0.726875
0.772824
0.805297
0.790745
0.827256
0.817113
0.845096
0.828738
0.580941
0.834674
0.8197530000000001
0.948694
0.85146
0.9009719999999999
0.923017
0.756482
0.918992
0.81342
0.937383
0.9067280000000001
0.860943
0.568182
0.756464
0.863613
0.87487
0.8449479999999999
0.8481290000000001
0.756622
0.7510859999999999
0.908379
0.8940049999999999
0.775442
0.743139
0.683016
0.869123
0.865448
0.893508
0.668221
0.820106
0.62798
0.891035
0.922947
0.8301860000000001
0.744809
0.781519
0.8930739999999999
0.48885500000000004
0.8992950000000001
0.8846579999999999
0.819567
0.871836
0.38103899999999996
0.862408
0.744894
0.876756
0.7928069999999999
0.8336459999999999
0.7664880000000001
0.861492
0.609302
0.0
0.853139
0.781393
0.78235
0.802826
0.905116
0.7022390000000001
0.8618
0.732023
0.694688
0.766944
0.8197969999999999
0.9140209999999999
0.8755729999999999
0.8409969999999999
0.733271
0.755357
0.776191
0.786287
0.865966
0.677002
0.8190029999999999
0.598839
0.0
0.751468
0.8811129999999999
0.0
0.770234
0.90727
0.5966100000000001
0.775364
0.774839
0.0
0.816975
0.688549
0.889849
0.776748
0.8808030000000001
0.787508
0.8393219999999999
0.9118040000000001
0.787213
0.8546879999999999
0.0
0.0
0.871459
0.862345
0.0
0.906734
0.861425
0.9085290000000001
0.0119648
0.708589
0.8722110000000001
0.788154
0.807824
0.851557
