0.13455799999999998
0.041462099999999995
0.398119
-0.6749850000000001
0.653929
1.0778299999999998
1.55332
1.26013
0.919108
0.370769
0.570317
0.6976220000000001
0.6976220000000001
0.342649
1.6837099999999998
-0.7437229999999999
0.65118
1.18795
0.761668
-0.201087
-0.6915600000000001
1.7348700000000001
0.130958
0.397525
1.12909
1.17266
1.14405
2.6427400000000003
1.61155
1.61155
0.512637
0.59282
1.8227900000000001
1.1292799999999998
0.949324
0.370314
-0.0335379
0.4884
0.547672
0.570264
0.50348
2.0968299999999997
1.18474
0.666899
-0.6888449999999999
0.07957510000000001
-0.259186
-0.305969
0.169228
-0.9498219999999999
0.965951
-0.079551
-0.0179429
-0.684343
0.347354
-0.516339
1.04188
0.327442
0.7646430000000001
0.44093000000000004
-0.437638
0.419333
0.62429
0.370366
-0.00841707
-0.222374
0.44223599999999996
-0.62645
0.269775
0.45915200000000006
0.411084
-0.49404799999999993
0.347557
-1.13514
-0.268604
-0.268604
-0.184551
0.165716
1.23486
3.7976900000000002
1.68849
0.654302
1.7722799999999999
0.8119890000000001
0.696416
0.598377
1.27424
1.05576
0.709418
1.3234700000000001
0.0834519
0.0787468
1.51247
1.185
1.38442
0.380749
0.503003
-0.527126
0.252868
-0.380223
0.8647530000000001
0.236715
0.27166599999999996
0.111561
2.40541
0.522727
0.348989
0.126201
0.5184270000000001
-0.821261
0.411637
1.61401
0.767131
-0.12231199999999999
0.218666
-0.367127
0.633709
-0.10636500000000002
0.14673699999999998
-0.141464
1.03088
-0.180064
0.055634300000000005
0.0790974
-0.606354
0.06723860000000001
-0.890949
-0.927149
0.197107
0.7602399999999999
0.462704
-0.790121
1.01663
-0.131132
0.877525
-0.0188488
0.324726
0.314592
-0.8793540000000001
-0.17374
-0.229564
-0.623661
-0.5364869999999999
0.198761
-0.7084159999999999
1.0091299999999999
-0.018555000000000002
0.8713270000000001
0.783478
1.7614599999999998
-0.16864200000000001
1.10564
0.8976149999999999
2.1377200000000003
1.23568
0.653706
1.06831
2.72887
2.56826
0.37472300000000003
0.413025
0.5670810000000001
0.662139
0.359122
0.457222
0.197199
-0.750682
1.28673
3.02165
1.19489
1.72396
1.9512900000000002
1.9512900000000002
1.01896
1.01896
-0.455221
-1.42856
-0.0310575
0.5532600000000001
0.366664
0.083207
0.734769
-0.0996188
0.942011
0.564492
0.201173
0.0380838
-0.339904
1.79972
0.0112648
-0.13005999999999998
0.438668
-1.19771
0.539363
0.742818
0.655575
-0.324256
0.447197
-0.11324200000000001
1.13589
-0.734113
0.465129
0.219033
0.426167
0.791445
0.019907499999999998
0.44204899999999997
0.9205180000000001
0.42553500000000005
2.65425
0.208531
-2.04277
-0.24063099999999998
0.404071
-0.231848
-0.703505
0.15398599999999998
-0.167603
0.38871300000000003
-0.542562
0.2623
1.43803
0.499701
0.364523
0.606913
0.665759
1.33148
0.058254099999999996
0.30790500000000004
-0.680814
-0.26600300000000004
0.24091300000000002
0.190124
0.36945700000000004
-0.140584
0.71157
-1.1115899999999999
0.627221
-0.277316
0.03562
-0.23629899999999998
-0.124991
-0.419997
0.707713
-0.152582
0.141251
-0.537741
-0.24275300000000002
0.474497
0.705548
-0.0633998
0.415258
0.767023
-0.79704
-1.50393
-0.8274530000000001
0.11704400000000001
0.212405
-0.056960000000000004
0.0872715
1.14286
1.48088
0.017631099999999997
0.00594358
0.515452
-0.229093
-0.841342
0.22946100000000003
0.290162
1.5996
0.6609109999999999
1.6771099999999999
0.879318
1.87615
0.041897000000000004
1.36562
1.26381
1.69712
-0.38718600000000003
-0.38718600000000003
0.9678610000000001
3.7940099999999997
1.0560100000000001
0.322089
1.38734
2.39488
2.2347599999999996
1.0061200000000001
0.95489
0.95489
0.735436
1.12143
0.0999944
0.18955999999999998
-0.695854
-0.85298
-0.576237
-0.817896
1.69593
0.559902
0.519284
1.1253799999999998
1.46991
1.27857
0.0641086
0.231859
0.38023
2.61158
1.83323
0.159114
0.26411100000000004
0.746373
0.318286
3.60871
1.30246
2.16355
0.478659
0.6527609999999999
-0.511905
1.1770200000000002
0.0268392
-0.49177299999999996
2.46749
0.759099
-0.101994
0.0802074
2.4778
-0.41208999999999996
0.0320524
0.5576800000000001
1.04996
-0.43502299999999994
1.05545
1.19086
1.03531
1.21365
0.960707
0.8744799999999999
1.1034899999999999
1.43105
2.74369
1.45953
-0.134076
-0.0856729
0.223942
0.792999
0.19264
0.682351
0.184477
0.293302
-0.518393
0.0378703
0.257893
0.255713
0.411921
0.124878
1.43679
-0.0868255
0.398196
-0.0690701
-1.00709
0.6901149999999999
-0.6916760000000001
2.2436599999999998
-0.504393
-1.0305799999999998
-0.939744
1.04342
0.46000100000000005
-0.196349
-1.0497299999999998
0.59222
-0.22229899999999997
0.546891
0.680462
0.30133499999999996
-0.011784999999999999
1.0862
-1.47496
-0.94583
2.78343
0.5595899999999999
0.661393
1.42604
1.42604
1.6631599999999997
0.271017
-1.39393
-0.17039
-0.179454
0.636687
0.614362
-0.142719
0.44734700000000005
0.0348848
0.9704309999999999
1.20707
0.353577
0.747934
0.851894
2.7057
0.7606970000000001
0.92665
2.8822099999999997
0.109444
0.802389
-0.044615499999999995
0.502594
0.618463
0.18313800000000002
0.6898529999999999
2.0020700000000002
0.634808
1.72443
1.1830200000000002
0.224983
-0.0175881
1.81988
0.17511400000000002
-0.36277600000000004
0.566754
0.919817
0.6956289999999999
0.740442
1.36256
0.386841
0.235769
-0.640333
-0.36185100000000003
-0.36185100000000003
0.699394
-0.273254
-0.555363
0.936947
0.810639
0.493878
0.986057
0.535511
0.32569000000000004
0.023210400000000003
1.40394
0.64105
2.89071
1.33223
0.485951
0.70928
0.08387639999999999
1.4955
-0.317579
0.186394
0.210562
-0.581394
2.04298
2.76412
2.56146
-1.12273
0.335229
0.285943
-0.69104
0.104163
-0.87718
0.37684
0.381227
-0.163906
