3.1337599999999997
3.7548
5.37461
4.16555
3.85291
3.42231
2.6787
2.43476
2.3912
2.49682
5.12251
1.6816
3.44675
3.63136
3.90801
3.34461
3.4109
3.10449
2.35208
3.60267
3.0519700000000003
4.01689
4.15568
4.24747
4.851459999999999
3.30795
3.9368199999999995
0.193889
-0.033427
2.54869
2.78118
2.9771400000000003
2.11941
3.0505299999999997
3.40319
3.40784
2.75345
4.06283
1.77735
2.62793
1.04364
2.1215599999999997
4.059419999999999
1.38103
2.86037
2.45423
-0.629571
3.50135
1.64074
2.53249
2.62902
1.9841400000000002
1.49621
2.59865
1.15352
2.1103400000000003
-0.623329
2.08127
2.16748
-0.0861485
0.0585659
2.94096
3.17104
1.8710200000000001
-1.19389
0.833749
2.62722
2.26688
1.93438
1.35799
2.38377
2.8081
2.1692400000000003
1.32851
1.3302200000000002
2.75161
1.9324599999999998
2.33969
3.76475
1.89293
3.16512
0.644917
1.6661599999999999
2.12977
-0.403594
2.47588
0.8267129999999999
-0.9057129999999999
2.99635
0.976143
1.51987
4.87676
3.7838800000000004
1.6872900000000002
2.5099099999999996
2.61468
0.317424
2.88165
0.5371229999999999
2.85002
1.0538299999999998
2.8277900000000002
3.1307099999999997
3.1444
-0.858916
2.1150700000000002
2.73263
3.3329699999999995
0.873006
3.18703
1.27647
4.30032
-3.67965
0.975276
3.1088
-1.2765
2.0634
2.80205
0.856023
-1.2509700000000001
0.24616300000000002
3.74885
4.17558
2.55147
-0.805485
1.74747
1.03167
1.35525
3.4820599999999997
0.19663599999999998
1.9842099999999998
1.08467
-0.45160900000000004
4.7851099999999995
2.27513
3.8590699999999996
0.778524
2.20588
-0.19372
0.8486450000000001
1.09654
3.70355
-0.141174
2.46521
-2.3994
-1.6202299999999998
-1.37311
-0.309758
-0.528089
1.04576
-1.6870599999999998
-1.5926200000000001
-0.840302
-2.29771
-1.7644799999999998
0.7269479999999999
-0.748358
-1.01988
-1.00671
2.74229
0.765907
-1.41729
2.0243
-2.6476900000000003
-2.64711
-1.66812
0.736123
-2.3865
-0.319775
2.1011
-1.75673
-3.03166
-1.2279
-0.45476400000000006
0.20759899999999998
-0.246962
1.25017
-1.5176
-0.00950901
-0.818481
-0.106136
1.6674200000000001
-0.00309708
0.161396
-1.6973599999999998
-2.86383
-2.3157
4.0686599999999995
-2.18688
-0.861008
0.152694
0.21068800000000001
-1.2274200000000002
-0.44334300000000004
-0.35494899999999996
0.6446270000000001
-2.29984
-2.77425
-3.19846
1.2514399999999999
0.0738683
0.24927800000000003
3.7357
0.44776400000000005
1.1272
-0.575886
1.52235
0.550978
-2.3913900000000003
-1.62796
-0.630154
4.02621
1.63055
-2.5359
1.20315
-2.25677
0.10978299999999999
-1.62982
0.133956
-2.5665
-2.67274
0.679673
-2.39453
0.126971
3.39965
1.1304
-0.05568580000000001
-1.953
0.271988
-2.55345
-1.8144799999999999
1.0511700000000002
-0.349443
0.231341
-0.30949
2.34008
0.601839
-2.697
-0.7656649999999999
-0.9471629999999999
-1.8624599999999998
-2.92262
0.6636489999999999
1.73527
-0.139369
-1.89809
-2.9210599999999998
0.627195
1.8488900000000001
-2.03065
-1.30224
0.5619810000000001
0.49102799999999996
-2.7488900000000003
-0.48176
2.19638
0.6043390000000001
-2.00386
-0.188885
4.85481
-0.330298
0.9746739999999999
3.35945
2.589
1.37832
-2.2156
-3.26001
-3.06007
-1.6604400000000001
-1.04729
-2.9402
0.088778
-1.08696
0.00353569
0.5791350000000001
-1.6192600000000001
1.7573
-0.583314
2.50652
-0.0620024
-1.20343
-2.09658
1.03691
-3.06779
-1.8791200000000001
-1.89147
-0.431787
0.44540799999999997
-0.56421
0.482959
2.88115
-1.29817
-0.297929
-0.458217
-0.6249
-1.20852
-0.782733
-0.698282
-0.020555900000000002
1.96832
-1.84302
0.0
0.0
0.0
0.512365
-1.02783
-1.1924299999999999
-0.577384
-0.91275
-1.0846799999999999
-0.441258
-0.439334
0.0
-1.4642700000000002
1.53778
-0.606654
-0.13453900000000002
-1.8324099999999999
-0.471366
0.0
-1.94553
-0.911992
-1.53437
-0.95411
0.132216
-0.433867
-1.66325
-2.9412700000000003
-1.1738600000000001
0.193603
-0.0802812
-2.0492
-0.1745
-1.68976
0.0
-0.659636
0.7662899999999999
0.301168
1.04034
0.739553
-0.109321
-0.9185559999999999
-1.37439
-1.72692
-0.377121
-0.807359
-2.3578099999999997
-0.7307170000000001
0.0
0.0
-0.596796
-1.36999
0.955974
-0.27621799999999996
-0.729482
-0.422608
0.0
-1.17374
-0.12177400000000001
0.0
-1.01253
1.91595
0.0832102
-1.2876
0.145776
-0.830478
-0.6012850000000001
-1.94888
-0.0402239
0.549754
-1.89084
-1.8176
-1.71573
2.65918
-1.42103
0.20617600000000003
-2.8298900000000002
-0.782093
-0.274846
0.67255
-2.29494
0.339254
0.027163999999999997
-0.9265100000000001
-1.61764
-2.1606099999999997
-4.00802
0.44134700000000004
-0.13109400000000002
0.0
-0.32968200000000003
0.35744699999999996
-1.5083600000000001
0.193521
-0.508494
-1.2151
0.8299190000000001
-0.730228
0.0
0.268785
-2.6943599999999996
-3.4296900000000003
-0.00917062
-0.60082
-0.31832699999999997
0.0
-0.378252
-1.6783
0.334518
-0.036431
-3.41181
1.73048
-2.7654799999999997
-0.733023
-4.8203
-0.420695
-2.00942
-0.947355
0.0
-1.69059
-1.2824
-1.483
0.0
-2.29898
0.110924
-0.8106260000000001
-1.14773
-1.63791
-1.15877
-1.24927
-1.98426
-1.63586
1.09827
-1.36087
-2.54545
-0.25183
-1.3078
-1.3969
-2.14553
0.0
1.34384
1.42584
-1.5391700000000001
-0.9244370000000001
-0.431305
-0.7545649999999999
0.191572
0.0
-1.7932299999999999
0.696596
2.41743
-1.45802
-1.7613299999999998
-0.9690639999999999
-1.8904400000000001
-0.55614
-0.863223
-2.01551
-1.5850600000000001
0.0
-1.62365
-0.658505
-0.133645
0.0
-1.57867
-1.58702
0.3267
0.0
-1.4731
-0.7499
-1.78577
-1.6032799999999998
-0.858667
-0.5948220000000001
-0.206301
-2.05567
-2.46042
-0.0480224
-0.40513499999999997
-1.609
-0.765672
-2.07685
-0.9838180000000001
-1.9473
-1.77161
-0.0750155
-0.842613
-1.4250399999999999
-0.733722
-1.1357899999999999
-1.1805
-0.5812890000000001
1.23966
-1.0050299999999999
-1.59198
-0.850512
-1.36087
-0.29107
-0.923321
-3.89448
-1.2561200000000001
-1.66517
0.0
0.26921799999999996
-1.6250799999999999
0.7662899999999999
0.710735
-0.115507
-2.6410299999999998
-1.42103
-0.029129099999999998
2.20709
-0.186002
-0.38811
-0.250206
-0.932931
0.135122
-0.6944600000000001
-1.20775
-0.18412
-1.43543
-1.88645
-1.8581
-1.30817
-0.99305
-1.28958
-1.6015
-1.2698200000000002
1.07311
-1.72298
-1.7337900000000002
0.0
-1.57237
-0.960694
-0.879224
-2.61385
-0.680238
-1.71628
0.0
-1.25098
-0.499159
-1.25365
0.247689
0.19806400000000002
-2.4922
-0.947355
-1.9353
-1.3545200000000002
0.0
-1.71632
-1.325
0.0647693
-0.18943
-1.52098
1.4250399999999999
0.061420100000000005
-0.24378699999999998
-0.484929
-0.7089479999999999
0.0
0.813711
-0.925932
-0.778792
-1.94156
-1.1211799999999998
-0.694434
0.0
2.9824599999999997
-0.547244
-1.23827
0.0
1.18088
-1.18012
-1.8418700000000001
0.0
1.00727
0.17164200000000002
-1.8236400000000001
-1.91724
-2.63866
-3.5873199999999996
-2.3769400000000003
-1.0258
-1.0810799999999998
-4.98848
-2.79818
0.626419
-0.8816069999999999
-1.25886
-0.181063
-0.0994142
-0.733758
-3.35775
-1.73443
-3.36907
-0.704546
-0.5750810000000001
-2.02857
-1.92009
-3.5310300000000003
-2.45035
2.19276
-1.4638799999999998
0.462008
-0.304958
-1.1105399999999999
-1.59807
-1.26996
-1.6071600000000001
-0.44289300000000004
-3.05393
-0.0389315
-2.55611
-1.4918200000000001
-1.79246
-0.0666056
-1.7528299999999999
-0.9292940000000001
-3.16348
1.4908700000000001
-1.85782
-0.825635
-0.903118
-2.65774
3.43906
0.0
-0.0750155
-0.10698099999999999
-0.875509
-1.23102
-2.39767
0.0
0.0
0.0
0.363108
-1.45694
-5.05624
-1.17192
-2.52822
-1.9334
-1.49966
-0.263783
-1.59588
-0.872339
-1.22656
-0.955758
-0.530068
-1.87015
0.0
-2.4283
-1.32609
-0.3844
0.693632
2.11098
-0.775341
0.0893215
-2.3693
-1.32457
-1.79823
-1.1242
-1.75755
-1.70213
-2.0963700000000003
0.155334
-1.29433
-1.8330000000000002
-0.186002
-1.27767
-1.68213
1.70767
-2.08816
-1.04178
1.18641
-0.797197
-0.478554
-1.8654
0.0
-0.501946
-0.317945
-0.9611129999999999
-1.18509
-2.3380400000000003
-2.2919
-1.38056
0.10535
0.0
0.22028899999999998
0.0
0.356309
-1.64409
-0.412203
1.71035
0.968933
-1.23502
-1.8912799999999999
-1.23753
1.16784
-0.0750155
-0.429605
-1.22383
-0.569998
-2.19234
-1.0638100000000001
-2.34737
-0.408614
0.863186
-2.23655
0.0087432
-1.49166
-3.29946
-1.36579
0.0
0.30242800000000003
-0.00963543
-0.250312
-1.24662
-2.16404
-3.72586
0.0
-1.66691
-1.81013
-1.94858
0.715622
-2.36922
-0.255963
-0.505252
-0.0881554
-0.714112
0.10131799999999999
-1.6571599999999997
-1.12117
-0.8627969999999999
-0.5960310000000001
-1.8907900000000002
-1.15954
-0.129388
1.18642
-2.93425
0.0
-0.22670900000000002
-1.8122900000000002
0.112534
0.7662899999999999
-1.7002
0.42089
-0.810139
1.30656
-1.6346
-3.78386
0.0
-1.2934299999999999
-0.602509
-1.7400099999999998
-1.9726
-2.26722
-0.0560612
-3.94184
-3.3253
-0.7749149999999999
0.00493751
-1.53471
-1.56536
-0.688575
-2.0888299999999997
0.0
-0.911684
-0.5993729999999999
-1.13895
-1.21654
0.156546
-1.51184
0.401366
-0.218381
-0.516107
-2.3517
-0.345199
-1.75167
-2.88199
0.29585700000000004
0.37856599999999996
-0.11098699999999999
-0.947355
-1.60711
0.0
-0.63837
-4.17657
0.0
-0.467235
1.56289
-1.02522
-1.05465
-1.92218
-1.14185
0.39960100000000004
0.609955
-2.22638
-0.49918599999999996
-0.547715
-0.235573
-0.331422
-2.73047
0.0
-0.885307
-2.9529099999999997
-1.71383
-0.28110100000000005
-3.33279
0.0
-1.1218
-1.08043
-2.32483
-1.1656600000000001
-0.164339
-0.694778
-2.24336
0.0
0.0
-4.213019999999999
-0.491889
-0.280532
-1.00455
-1.70764
-1.73364
0.054714099999999995
-0.654748
-4.17819
0.0
0.569166
-0.648083
-0.539039
-0.55671
0.0
-0.682286
-0.8519680000000001
-1.7402099999999998
-2.5988599999999997
0.467792
-1.48938
-2.67542
-2.99913
-0.682473
-0.741685
-0.944891
-0.366104
-1.52811
-1.2625
-2.4127099999999997
-0.629895
0.211716
-1.12849
-0.9397340000000001
-0.606487
-3.19455
1.1253799999999998
-2.11557
1.62106
0.572766
-3.04351
-1.4038899999999999
0.7432840000000001
-2.24789
0.0
-1.27938
0.8223309999999999
-2.0919
-0.325785
0.575348
-0.09626130000000001
-0.533866
-0.991519
-1.88401
-0.778928
-2.56305
0.44307299999999994
-1.9724599999999999
-2.45503
-0.618158
-0.6248239999999999
-0.74583
-0.361533
-0.17268699999999998
-0.68737
0.30127600000000004
1.8218
-2.46188
-0.015646
-0.022030599999999997
0.500026
-1.9729299999999999
1.0393
-1.6736
1.56168
-1.48519
0.0
-1.1119700000000001
-0.239877
-1.53664
0.09030369999999999
-1.0226899999999999
1.12419
0.0
-2.44676
-1.9180599999999999
-2.11828
-0.282535
-1.7972700000000001
-1.4227
-1.00225
-1.12965
-1.08212
-2.27858
-0.098053
-2.4894700000000003
0.696479
-1.20494
0.426625
-1.9288
-2.14031
-0.484256
-0.349288
-0.25218
-1.42736
-2.00259
0.0
-0.0750155
0.46373100000000006
0.0
-0.720213
-2.2970599999999997
-2.55198
-2.8858
0.0438783
0.0
-1.28124
-2.4581
-0.181064
-0.8952889999999999
-1.49593
-1.17182
-2.36565
0.522829
-0.304704
-1.34048
0.0
0.0
-0.818389
-0.377031
0.0
0.957636
-2.7183599999999997
0.576082
-1.8951
-0.440833
-0.803316
-1.08989
-1.40515
0.668848
