-0.593357
0.015320400000000001
-1.1101
1.09572
0.155593
0.548635
2.90665
2.75738
1.5644200000000001
1.5012
1.0384799999999998
2.7309099999999997
2.7309099999999997
3.11611
0.5082260000000001
2.5809900000000003
-0.564284
1.41232
0.631886
0.280851
-0.546307
0.701092
2.29398
3.15045
3.08581
3.7820400000000003
4.66868
3.53243
3.7875900000000002
3.7875900000000002
2.75042
-0.111159
1.05114
0.885885
-0.624613
1.0954899999999999
1.21775
0.0100882
0.454772
1.6325
0.461001
0.781359
1.73822
1.7426599999999999
1.39804
1.9044900000000002
0.7145630000000001
1.25193
-1.79614
-0.144074
1.0211
3.2966699999999998
1.38284
2.92116
-0.36835
3.27584
3.4882800000000005
2.93617
3.50218
3.38044
0.9680620000000001
2.7925
0.379878
1.7209599999999998
1.27945
-0.97757
1.0950600000000001
0.129885
-0.470276
0.566467
0.37435
0.9805969999999999
-0.288481
1.08189
-1.35346
-1.35346
-2.37384
-0.50617
-0.49078
-0.33561599999999997
0.861399
0.23005599999999998
1.0246899999999999
-1.64745
0.9900399999999999
-0.562125
-0.8039609999999999
-0.133422
0.123103
-0.23399999999999999
-1.7482400000000002
1.25654
0.788042
-0.606769
0.891641
0.829393
1.71233
1.0615299999999999
0.09580839999999999
1.72233
1.95196
-1.9224599999999998
-0.35654
-0.869194
3.7253800000000004
2.3961
2.81596
1.9575200000000001
-0.625104
-0.898178
-2.53467
0.623035
1.1490799999999999
0.8112010000000001
-0.9537200000000001
0.180317
0.940301
0.735571
0.0358625
0.9315979999999999
1.3689799999999999
1.6969400000000001
0.839831
0.40211399999999997
-0.191826
-0.18471400000000002
-2.1949799999999997
0.363659
-0.520402
-0.0246304
-0.0597289
-1.3974
-0.801689
-0.816006
-0.752617
0.699122
0.920633
0.0976507
0.25504699999999997
-0.47505200000000003
0.958356
0.634424
1.9172099999999999
0.9665549999999999
-0.13733800000000002
-0.326851
-0.48403100000000004
0.647353
-0.5415220000000001
-0.00200979
-0.053195900000000004
0.22283200000000003
-0.905322
0.7447630000000001
3.99897
-0.542188
0.9862989999999999
0.666686
1.1949
1.25024
0.311747
0.44936000000000004
0.0383412
0.91474
1.10351
0.44985600000000003
0.0830707
-0.587379
-1.8932900000000001
0.604962
-0.136261
0.308738
0.308738
-0.0673258
-0.0673258
-0.918168
0.8687540000000001
1.00639
-3.9939999999999998
-0.10547000000000001
0.7418640000000001
-0.200908
0.188529
-0.300347
-0.397811
-0.381912
-1.52969
0.210427
0.7453529999999999
-0.959624
-0.54552
3.26497
2.22741
-0.921607
-0.588765
-0.8797
-0.378121
-0.521979
0.977448
1.07446
-0.553335
0.9905459999999999
0.288991
0.30318
0.7375149999999999
0.850297
0.311756
0.21283200000000002
0.650749
2.04181
0.640586
-0.10187
-1.3349799999999998
0.603765
0.571605
0.130985
-0.0124289
-0.211052
0.200926
-0.8846149999999999
1.34619
0.673018
1.00587
1.34609
-0.9106209999999999
2.26657
1.3679700000000001
0.405319
-1.16337
-4.31303
0.991223
-0.044534
1.30077
1.4106100000000001
0.07567360000000001
0.466082
0.33403299999999997
0.364179
1.0582
0.796864
-0.119691
-1.34717
-0.315598
0.450769
0.697425
-0.21406
-0.557669
-0.39360900000000004
0.5592
2.1651
0.47072700000000006
-0.7825310000000001
0.776404
-2.40388
-3.98991
0.634496
-0.386342
-0.287668
1.1240700000000001
0.152048
0.973569
-0.19728099999999998
0.582853
0.256626
0.559507
-1.29456
0.7631319999999999
0.550909
1.26928
0.0222051
0.12428499999999999
1.7501200000000001
0.964875
-0.175247
3.3237099999999997
0.337034
-0.548994
0.522175
2.8635599999999997
2.8635599999999997
-0.172225
0.470186
0.8565209999999999
0.9709180000000001
0.299033
0.42975699999999994
0.21186799999999997
0.67909
-0.138375
-0.138375
0.501744
0.24627
-0.754134
2.2218400000000003
0.42887299999999995
1.18797
-0.38348499999999996
-0.954995
-0.29060199999999997
0.22554899999999997
0.9015190000000001
0.14811300000000002
0.0710864
3.4287199999999998
3.2728900000000003
3.3472199999999996
1.58006
0.570243
0.158095
1.6847900000000002
0.8946370000000001
0.633724
2.0027
0.378273
0.514921
0.70565
1.1137700000000001
3.7230800000000004
2.50953
2.8934599999999997
1.41686
3.8003099999999996
0.504437
0.743391
1.37542
2.6491700000000002
1.18106
2.18828
1.22627
-0.339478
0.697617
1.08875
1.73295
0.702277
0.456255
-0.75455
0.356214
0.298634
3.71271
1.8438900000000003
0.801884
0.9622790000000001
2.29658
1.3148600000000001
-0.45124899999999996
0.241285
0.210538
1.8566799999999999
0.0279623
-0.621671
-5.74236
-1.8880099999999997
0.684711
-1.08358
-1.01156
-1.70295
-1.40639
0.605386
0.034337900000000005
0.128131
-0.11822300000000001
0.19903800000000002
-0.947943
-0.779032
-1.0850600000000001
-0.155631
0.458433
-0.382704
-1.5783200000000002
0.436913
-1.1145200000000002
-0.000583768
0.45285699999999995
1.90913
1.11671
1.02894
1.08249
0.777468
-0.206592
0.198022
0.55534
-0.480782
-0.211482
2.45592
2.45592
1.4751100000000001
1.0643200000000002
1.03221
1.1291200000000001
1.23774
-2.35914
-1.37305
0.5137470000000001
1.41293
3.2795400000000003
0.87934
2.15027
0.40038
1.16282
0.36154400000000003
-0.0482835
-0.737009
0.9106129999999999
0.490368
0.4958
0.570249
1.695
0.42647399999999996
0.79295
0.5577
0.112363
2.49992
0.574072
0.0761168
0.48282700000000006
1.77855
2.1177599999999996
0.17970899999999998
-0.412714
-0.171823
-0.666846
-0.264824
-1.55532
-1.11395
0.014351
-0.15004800000000001
1.0468600000000001
1.01419
-0.00360035
-0.00360035
1.94609
0.6192880000000001
0.317768
-0.7723479999999999
0.216337
0.261413
-0.5421189999999999
-0.824578
-0.740661
-1.17642
-0.292484
0.663084
0.158432
-0.802068
-1.5630000000000002
-0.701854
0.794697
-0.8255299999999999
0.889832
-0.492303
0.504885
0.9043040000000001
1.6546900000000002
0.763087
-0.177038
0.0227548
0.475328
-0.34882399999999997
0.946894
0.40770500000000004
-2.87303
1.82013
1.21965
-0.328192
