1.66746
2.5667400000000002
1.85405
0.741866
-0.145043
1.10558
1.7764
0.9445520000000001
0.482847
0.34029499999999996
1.8229400000000002
0.30641799999999997
-0.285529
1.26403
0.888065
0.249268
0.234967
0.324737
-0.40120500000000003
-0.591475
0.896943
0.85724
-0.514975
-0.06552480000000001
1.88077
-0.100724
0.731143
2.1539599999999997
0.16078599999999998
0.7380770000000001
0.871815
0.7716569999999999
1.8835
0.140261
-0.182861
-0.580318
1.18546
0.516788
-0.228818
0.0842747
0.05804680000000001
-0.531064
-1.1616
-0.8426100000000001
0.45761199999999996
1.07805
1.75348
0.866607
0.46938
0.67606
0.129697
0.272646
1.7758
-0.287765
-0.48306800000000005
0.681673
0.147343
1.91513
0.48577700000000007
1.51386
1.41683
0.593784
-0.285879
0.611694
1.6774
1.14499
0.22863499999999998
0.439617
-0.017047200000000002
0.8941
-0.291103
0.48938400000000004
0.274185
2.1024
0.168774
0.660778
-0.531896
-0.10127799999999999
-1.1710200000000002
0.8494
-0.0972293
0.27233
0.550783
0.227765
1.33756
1.61094
0.165804
-0.668508
1.08628
1.68585
2.77632
0.0523794
1.23037
1.0939299999999998
-0.6765899999999999
1.6973200000000002
-0.45751400000000003
-0.299562
0.558385
0.23651
2.35597
0.06160499999999999
0.534987
0.5919909999999999
1.90029
0.458658
-0.809161
0.818329
-0.06259630000000001
1.4938200000000001
0.754339
0.334831
1.71682
0.40576100000000004
0.0386076
2.50857
1.9788
-0.777367
-0.8811260000000001
3.0169
0.15781099999999998
-0.207285
0.276377
0.496283
1.36059
1.7547700000000002
-0.06276810000000001
-0.11445599999999999
-0.596286
-0.15879100000000002
-0.42926800000000004
-0.5853189999999999
0.521858
1.1107200000000002
-0.45830299999999996
0.0129369
-0.7784840000000001
0.9122049999999999
0.45364
-0.375355
0.06641760000000001
0.30399699999999996
0.18143499999999999
0.619356
0.962354
2.27095
-1.3120100000000001
0.608222
0.6475989999999999
-0.10517
0.422519
-0.338246
-0.8994969999999999
2.9971099999999997
1.3522399999999999
0.00338047
1.78293
-0.85846
-0.278386
-0.310448
-1.22462
-0.379319
-0.390583
2.2483
-0.7334149999999999
1.1385
-0.230336
1.8631099999999998
0.152257
-0.814334
-0.8521790000000001
1.27024
-1.21383
0.03951369999999999
0.902935
0.223613
-0.5680810000000001
0.538925
-1.11071
-0.355258
0.5992390000000001
0.142243
0.480554
0.6228130000000001
-2.96823
3.09812
0.156997
0.8914719999999999
3.2935800000000004
1.15224
-1.08975
1.1976799999999999
1.2256
-0.6135689999999999
0.00438314
0.7724270000000001
0.715946
-0.7339859999999999
-1.2383
0.21864
0.10480899999999999
0.281177
0.09651799999999999
-0.643886
1.55314
0.117684
0.374771
-0.26796
3.16704
0.691858
1.47274
-0.328007
0.894328
0.809489
-0.0664
0.343526
-0.101525
-1.13821
0.527736
3.21663
-0.262592
-0.60141
-1.00419
-0.040759
0.876627
-0.040862199999999994
0.46934799999999993
2.06172
-1.81634
0.8931950000000001
0.4322
-0.199845
-0.48507700000000004
1.55701
1.1500700000000001
-0.38216300000000003
-0.25918
-0.5141979999999999
-0.181803
-0.19429100000000002
-1.08884
2.3897
0.141835
0.305621
-0.710137
-0.945918
0.645533
1.44182
-0.0124002
-0.24739499999999998
1.11468
-0.258594
0.500683
2.92413
1.30833
0.25816500000000003
0.47319700000000003
-0.123751
-0.318506
-0.418249
0.133017
0.717965
-0.830894
-0.44278199999999995
-0.324067
-0.332541
1.59608
1.55211
-2.9530000000000003
0.820342
1.81067
-1.1844299999999999
1.15472
0.398887
-0.13786400000000001
0.293914
0.182627
-0.389871
-0.362613
2.28231
0.29291300000000003
1.07192
-0.042945599999999994
1.14974
0.0137888
1.11474
-2.01015
-2.6419
-2.23933
-0.112854
-1.04623
-0.427021
-0.182472
1.51932
0.42113199999999995
-0.927002
0.35022
0.25242600000000004
-0.849932
-0.33669299999999996
0.056461000000000004
0.0
-3.9348699999999996
0.0
-0.8792139999999999
0.317017
-2.09619
0.284119
1.13635
-1.33324
0.9752559999999999
0.761637
0.0
1.18812
-0.53155
-0.9382520000000001
0.53856
1.08463
-0.311025
0.0
1.12076
-0.09117710000000001
-0.354763
0.693341
-1.25101
-0.354165
1.00934
-0.241988
-0.929716
0.269878
0.43765299999999996
0.20588
-0.203154
-0.735216
0.0
0.692312
-3.08017
-0.405672
0.325227
-0.079722
-0.469865
1.56274
0.88608
0.9128200000000001
-0.340306
-0.00847423
0.571127
-0.609971
-3.95224
-2.40856
0.960684
0.4896
-0.484609
0.5141680000000001
-0.403031
0.207171
0.0
-0.0729123
0.0196392
-2.96578
-1.6723700000000001
0.00786275
0.6045020000000001
-0.895167
-1.20716
-0.8725780000000001
0.0463157
-0.195922
1.29366
-0.144075
-0.218452
0.39700799999999997
0.714013
-0.589483
-0.8845350000000001
-0.0730158
-0.302514
0.577874
-3.58365
-0.8093899999999999
-0.26256999999999997
1.17582
-0.7361810000000001
-0.75821
1.88608
-1.36467
-0.601013
0.040773800000000006
1.21097
-1.46347
-0.13488599999999998
0.528327
1.75846
-0.9367989999999999
0.0434366
-0.203184
-0.0278209
0.908696
0.0
-0.0375654
0.8516950000000001
0.162088
-1.63295
1.01205
0.0750168
0.0
0.30443000000000003
-0.783367
-2.59495
0.429482
-0.546556
1.71967
0.39127199999999995
-0.563472
-0.635644
0.375151
-1.37306
-2.3507700000000002
0.0
-1.17579
-1.26767
-1.0489899999999999
0.0
0.202457
-0.06879760000000001
-0.086173
0.596661
-0.9444610000000001
0.35439
0.461099
0.600588
-0.273332
-1.4578
0.85339
-0.560001
0.8562860000000001
0.0867039
0.155721
0.19662000000000002
0.0
0.276758
-0.734901
0.22687800000000002
0.611345
0.104999
0.490692
-3.65461
-0.624606
0.6367229999999999
-0.49028900000000003
-0.493774
1.35943
0.404955
0.159418
-0.585179
-2.01373
0.9440219999999999
3.02544
-0.277308
0.0
-0.0628425
-0.42608900000000005
-0.378558
-3.8159300000000003
1.01197
-1.07358
0.49701599999999996
-4.09799
-1.31681
-1.02836
0.32448
-1.5633299999999999
-1.44886
-0.09345650000000001
-0.177541
-0.301705
0.8353360000000001
-1.36907
0.7336590000000001
0.864376
0.7371810000000001
-1.2006299999999999
-0.31995300000000004
1.04519
-0.182227
-3.3259
-0.40010100000000004
-0.882885
0.122197
0.447296
-0.0656571
0.0598344
-0.278048
1.86638
1.1775799999999998
0.887709
-0.358186
-0.526894
1.30014
0.708168
0.27351
-0.212168
0.0
-0.31602600000000003
0.255427
-3.35776
-0.9067540000000001
0.364906
-1.24273
-1.45828
0.10611500000000001
0.9175270000000001
-3.9668099999999997
-0.742163
-0.483231
-0.425576
-0.505356
-0.612642
-0.171122
1.43213
-0.46774899999999997
0.0263024
0.228527
-0.353132
1.22481
0.45802
0.5505180000000001
0.24855100000000002
-0.8944219999999999
0.510682
-0.804823
0.0
2.24506
1.57989
1.08391
1.31361
1.1931200000000002
0.40231100000000003
0.0
-0.46574899999999997
0.328278
-0.564068
1.32168
0.739629
1.36158
-2.11636
0.644914
0.11418699999999998
-1.66783
0.536008
-0.44982799999999995
-0.781179
-3.6570099999999996
0.29065799999999997
-1.11425
-0.9766969999999999
-0.03539880000000001
0.8765620000000001
0.40741
0.0
-0.42255699999999996
0.878201
-0.849455
0.110535
-2.66303
-0.31055900000000003
0.0
-0.377645
-0.22675900000000002
-0.50818
0.0
0.465232
0.368025
0.7435350000000001
-4.00471
-0.42874700000000004
0.483338
0.6625439999999999
-0.2364
-0.0439864
0.0797413
-1.23076
0.0778828
0.536147
0.820725
1.41872
-0.604194
-0.30206
-0.08086900000000001
-0.7119340000000001
-0.286258
0.135853
-0.868216
-0.575645
0.0993995
1.5625200000000001
-0.45061899999999994
2.03357
-0.9573229999999999
0.23794200000000001
0.0180343
-0.303603
-0.0646938
0.6135609999999999
0.940277
-0.527941
0.767085
0.588253
-0.606608
0.024738800000000002
0.502475
-0.6726270000000001
-3.03028
0.720206
-2.07159
-0.8507239999999999
-0.646568
0.42850299999999997
0.550642
0.0156056
0.392395
0.0785357
0.40314
-0.974683
-1.29434
0.0
-4.01302
0.7064020000000001
0.459503
0.42624399999999996
-0.248779
0.0
-4.00059
-3.60857
0.405765
1.40249
-0.576932
1.87399
-2.97303
-0.807129
0.312646
-3.6995699999999996
0.20954699999999998
-2.50794
0.161429
1.2089299999999998
-0.748609
-0.18443900000000002
0.0
0.6573869999999999
0.630857
-0.488705
0.278953
0.08245980000000001
1.3791799999999999
-0.0346923
0.44082299999999996
-0.470134
-0.0692839
0.0623024
0.9079020000000001
0.5666329999999999
1.0665799999999999
-0.746891
0.355545
0.06985620000000001
-4.21709
2.51264
-0.407408
0.09882260000000001
-1.17652
-1.06371
-0.16306199999999998
-0.724059
0.735805
-0.388096
0.0
-0.328164
-0.6714319999999999
0.11111199999999999
0.0331837
-1.40222
0.467862
0.655105
-1.17841
-3.3797599999999997
0.662346
0.0
-0.318177
0.530667
0.03394319999999999
-0.754375
-1.3311600000000001
1.6263299999999998
-0.5631689999999999
0.37826
1.11458
-1.62894
-0.44675699999999996
-0.8101659999999999
-0.36687800000000004
1.36086
0.6451479999999999
-0.79579
-1.11564
0.10144500000000001
-0.368216
1.7292900000000002
0.271311
1.9550900000000002
-2.01767
-3.03525
0.678928
-0.747648
-0.12172000000000001
0.278252
0.45758699999999997
-0.41713199999999995
0.0
-0.0653361
0.49133999999999994
0.695175
-0.855029
1.0113299999999998
0.015546299999999999
0.0998613
0.8058529999999999
-0.014306200000000002
-0.242304
-0.0239343
0.200628
0.476321
0.36896
0.887021
-0.794268
-0.846751
-0.0219583
2.5813
-1.53051
-0.200478
-0.0746086
0.575645
-3.5920199999999998
1.24206
0.12281500000000001
-0.66998
0.91556
0.334879
0.813195
0.0
0.58196
0.36134099999999997
0.145232
-0.154105
-0.08702339999999999
0.238104
2.1913099999999996
1.0049700000000001
0.5114609999999999
-2.28424
1.4733100000000001
-0.266359
-0.176869
0.027077299999999995
0.0
-0.793868
-1.34008
1.24527
0.534514
-1.5266899999999999
-0.239465
-0.20502800000000002
-0.636638
-2.06382
-0.9133540000000001
0.781814
1.32995
1.10188
-0.22226500000000002
0.10733499999999999
-1.47406
-2.36769
0.370489
0.0
-0.12716
0.483099
-3.5733099999999998
-0.99249
-1.08494
0.364059
1.1849
-0.8786219999999999
-1.16679
-0.220906
0.352106
-0.127165
-0.234315
1.23879
-0.781092
0.0461759
1.65778
-4.05131
-0.192903
0.103038
-1.0975
-0.58665
-0.744541
0.0
0.206004
1.1497
-0.261481
1.33483
0.792129
1.8862299999999999
0.402461
0.0
0.0
0.324802
-0.39664
0.331125
-0.27400399999999997
0.0311738
-0.226505
0.27214099999999997
0.76005
1.1647399999999999
0.0
-0.448601
-1.36039
0.627169
-0.921273
-4.108219999999999
0.0522496
-0.5705640000000001
0.00354764
-1.2017799999999998
-0.612559
-1.38721
-0.859189
0.114928
-1.96392
0.42540500000000003
1.11247
-0.39162399999999997
0.262214
-0.0944456
0.439222
1.61978
0.609981
0.807947
-0.43761000000000005
-0.957526
1.11076
0.17874600000000002
-0.15845499999999998
-0.37414000000000003
-0.701177
-0.72573
-1.52484
-1.30084
1.98395
-4.29915
-0.205442
0.019146
1.0717
0.338023
-0.881451
-0.110518
1.14047
0.566653
-0.00815186
-2.8500799999999997
-0.585295
0.913905
0.642266
-0.304671
1.08968
-0.06997869999999999
-0.657712
1.6392799999999998
0.713937
-0.26282
-0.24231100000000003
1.54214
0.169716
0.47798900000000005
2.61306
-0.188674
0.259015
0.7499520000000001
-1.09467
0.5644239999999999
1.12129
-3.25979
-0.41490299999999997
0.718091
0.0316434
-0.324798
-0.400661
0.14695999999999998
0.0
-0.906615
0.387755
0.872301
0.259746
0.160305
0.20218599999999998
1.23115
0.773098
0.6978479999999999
0.752112
-2.95342
0.317893
-0.125701
0.701819
0.0586894
1.8674
-0.435379
-0.496655
0.819476
-0.0467046
1.3112
2.9124
0.0
-3.14601
-2.3503700000000003
0.0
-0.972721
-0.19788499999999998
-0.347993
-0.8330780000000001
-0.140739
0.0
0.18725799999999998
1.1093600000000001
-1.03593
2.58543
1.87695
1.0575700000000001
-1.1989
-0.25639
0.493721
0.646122
0.0
0.0
0.366204
-0.9486620000000001
0.0
-0.293955
-2.16292
-0.121198
3.38749
0.276753
1.04406
0.732194
0.204743
0.1265
