0.7590560000000001
-0.11346500000000001
-0.63683
0.41190200000000005
3.18637
2.5571900000000003
-0.8915930000000001
-0.685405
0.484786
0.7206670000000001
2.79446
-0.247731
0.0697584
-0.220996
0.177696
3.75717
1.17615
-0.9729700000000001
-0.363194
-0.69973
-0.455912
1.28853
-2.19305
1.77384
0.403132
5.43349
3.02914
1.0903200000000002
0.180499
0.999969
-0.484724
1.05504
1.03234
1.26916
0.965467
5.23883
0.466792
-0.971765
1.99642
-1.16656
-1.14828
0.527442
-2.61192
-0.131379
0.405858
0.20629899999999998
-0.132011
-0.5123300000000001
3.8302300000000002
-0.6319229999999999
2.42489
-0.508257
0.626026
-0.0101783
-1.9868700000000001
0.638766
3.4203099999999997
-0.8428969999999999
3.45895
-0.408038
-1.27191
-0.834208
-0.0663087
4.98921
-0.646511
0.9578139999999999
-0.455984
-0.357013
-0.22581700000000002
-0.29840900000000004
-0.5642159999999999
-0.659377
4.145
0.34419299999999997
5.996
1.1592
4.5754
4.87774
-1.30649
5.54502
5.82475
-0.799125
3.53237
-1.2424600000000001
0.184928
-0.11921500000000002
-0.618155
1.3764299999999998
1.3977600000000001
-0.0866211
0.40233800000000003
0.767207
3.40323
5.26803
4.6955
0.356491
-0.471918
0.811094
-1.10913
3.17164
0.06881439999999998
3.01717
3.4228400000000003
-0.155946
1.96691
-0.938901
0.23250500000000002
4.7226300000000005
-0.693577
0.47282299999999994
2.8037900000000002
-0.11177899999999999
0.9512860000000001
1.2059600000000001
0.741711
2.50578
1.54322
-0.692248
-0.9438799999999999
1.33447
2.75885
0.42027600000000004
1.07572
0.271624
1.33425
0.235706
0.78003
5.91346
3.33765
2.89574
5.67629
-0.694517
3.9059800000000005
0.09390319999999999
-0.643521
1.0191700000000001
0.512465
0.9034549999999999
3.7186199999999996
-1.8787099999999999
-0.422353
2.2565
-1.7880200000000002
3.39499
2.98385
4.26906
-2.04873
0.666508
4.4027400000000005
5.00248
-1.7613599999999998
-1.32965
-2.50772
0.631783
0.025165299999999998
4.28941
-0.0937396
4.62094
-0.413054
5.64415
-2.32781
4.17575
5.09609
4.22998
-1.1081299999999998
-0.0764958
5.44304
3.83848
2.54807
3.45906
-1.50347
0.260369
-2.7467599999999996
3.7110199999999995
3.9888800000000004
3.5992599999999997
-2.05877
6.28647
-0.597669
0.187593
4.61189
-0.815131
4.35533
4.27303
-4.0904
2.65714
-1.28141
0.5084029999999999
2.89018
1.4776
-4.09058
4.92183
-1.18045
-2.24432
5.2922400000000005
0.890983
-1.01931
-1.17632
-1.9842799999999998
4.0060199999999995
0.265397
4.32972
3.3760000000000003
3.5475800000000004
4.90912
4.375369999999999
5.98494
3.3787599999999998
3.22181
-0.00933199
5.635190000000001
3.46695
-0.680053
-0.360831
3.6114900000000003
-0.440146
4.24821
-1.6289200000000001
-0.865142
3.53557
-0.515212
4.52836
-2.238
3.4399800000000003
2.67632
5.28357
-1.0266600000000001
1.98243
-1.07459
-0.0594986
0.34897
4.4684099999999995
-1.19508
0.553238
0.602197
5.5185
-0.834525
-1.9122
-1.32254
0.336244
-2.88941
4.58245
3.30545
5.25787
-0.893797
-1.04862
4.1884
3.1739
-0.851684
-0.872209
0.607291
4.779319999999999
2.64361
2.02295
-0.551426
4.39441
4.54024
-1.08338
-0.849628
2.62485
4.305680000000001
5.74654
5.65799
4.99466
3.8197300000000003
-2.30944
0.106626
0.28141900000000003
-2.21621
1.8252700000000002
2.78429
-1.2995
-0.481371
2.86489
4.62547
3.80271
-1.23101
-0.25406999999999996
4.988630000000001
0.77147
-1.5574
-0.24055100000000001
-0.6584479999999999
-0.188006
-0.8471040000000001
0.11283499999999999
-1.7929099999999998
-2.9944
-2.83232
-1.5366799999999998
-2.70624
-2.40026
-2.21698
-0.164224
-0.521179
-0.990092
-1.06789
-0.16006800000000002
-1.75505
0.6593600000000001
-0.592174
0.0
-3.9348699999999996
0.0
-2.53493
-1.35874
-0.532038
-0.9605969999999999
-0.889933
-0.9217209999999999
-0.174369
-1.57936
0.0
-0.710961
0.5435909999999999
-1.12222
-0.235981
-0.011237899999999999
-0.603707
0.0
-0.438169
-1.11657
-1.026
0.33743
-1.43811
-0.844424
0.0588129
-0.8679540000000001
-0.613829
-1.06525
-0.398803
0.058586900000000004
-0.550481
-1.56571
0.0
-0.695329
-2.16432
-0.5570470000000001
-0.373681
-2.41149
-1.18192
0.739271
-0.361153
-0.377168
-0.4025
-1.79083
0.349055
-1.39487
-3.95224
-3.8939199999999996
0.0821921
-0.8466879999999999
-1.92
-0.116069
-1.37164
-1.4293799999999999
0.0
-1.8711400000000002
-1.56453
-2.51472
-1.7232
-0.8300280000000001
-0.9949540000000001
-0.347537
-1.6655799999999998
-0.873027
-0.307841
-1.8127400000000002
0.734534
-1.34059
-0.874569
-0.722072
-0.118422
-1.14923
-0.42133699999999996
-1.88732
-1.87317
-0.740276
-3.35618
-3.11762
-1.19523
-1.26214
-1.17183
-1.51437
-0.32108000000000003
-0.9509780000000001
-1.38828
-0.363885
-0.0022527
-1.08511
-0.139402
-0.664402
0.034726
-0.364006
-0.208298
0.748294
-0.49220200000000003
-0.293129
0.0
-2.42449
-0.8846940000000001
-1.49768
-1.41159
-0.03734
-1.27521
0.0
0.05971509999999999
-1.17527
-2.94469
0.789967
-1.14784
0.195574
-1.5255
-0.61558
-1.42784
-1.1598700000000002
-3.4919800000000003
-3.28228
0.0
-1.21764
-2.40773
-1.36257
0.0
-0.356486
1.44003
-0.30170399999999997
-0.784906
-1.69355
-0.085188
-0.249667
-0.19733699999999998
0.554966
-1.62163
0.629499
-2.32348
0.118631
0.181369
-0.162303
-0.6064229999999999
0.0
-1.7616900000000002
-0.815475
-0.8486889999999999
-1.28121
-1.10579
-0.7445729999999999
-4.04603
-2.00018
-0.11236099999999999
-0.289135
-0.345525
-0.7899149999999999
-0.740997
-0.411553
-0.597941
-2.21789
-0.892285
1.6166
-1.57894
0.0
-0.57286
-0.8926459999999999
-1.73121
-4.13575
0.36238200000000004
-0.540801
0.447179
-4.56661
-2.17312
-2.39615
-0.645838
-2.8167400000000002
-1.7458599999999997
-0.369267
-0.413125
-0.966831
-2.74113
-1.25112
-0.49981000000000003
-0.402487
-1.36266
-2.2339599999999997
-1.17371
-0.31652800000000003
-2.20438
-3.3481199999999998
-0.808297
-1.44769
-1.26793
0.310093
-0.8439270000000001
-0.08531110000000001
-1.15523
0.565812
-0.11916099999999999
-0.830573
-1.18011
-0.507943
-0.134656
-0.48348900000000006
-2.51769
-1.06847
0.0
-1.0679299999999998
-0.169966
-3.6887
0.00315429
-1.2450700000000001
-1.28855
-1.65193
-0.716406
0.44276000000000004
-3.9351599999999998
0.223794
-0.933069
-1.3048
-1.1466100000000001
-0.49167
-1.1155
0.0173342
-2.0745
-1.9369999999999998
-0.756587
-0.770858
0.242554
-0.47408500000000003
-0.532571
-1.5540200000000002
-0.29406
-0.259758
-2.3187900000000004
0.0
-0.0288116
0.8541030000000001
0.36056
0.0877378
-0.6231140000000001
0.359711
0.0
-0.308571
-0.021662099999999997
-0.0532269
-1.0156399999999999
-1.3904299999999998
-0.877914
-2.89443
-0.189419
-0.33415500000000004
-2.25178
-0.215079
-1.51299
-1.41541
-4.0509900000000005
-3.27258
-0.42596000000000006
-0.6181479999999999
-1.00461
-0.712526
-0.8979809999999999
0.0
-1.4695799999999999
-0.261734
-2.22091
-0.488692
-2.80837
-2.1426
0.0
2.13501
-1.28156
-1.31305
0.0
-1.11016
0.0258976
0.07925019999999999
-4.00471
-2.25785
-0.301263
-1.96531
-0.403411
-0.058494500000000005
-0.864771
-1.07675
-0.27265700000000004
-1.28135
-0.691547
0.219148
-0.0359099
0.212391
-0.800756
-1.09171
-0.70047
-0.29849699999999996
-0.539921
-1.7892400000000002
0.145262
-0.469247
-1.4245299999999999
-0.203897
-0.596696
-1.34464
-1.21662
0.104091
-0.226994
-1.05352
0.0397548
-0.664663
0.0217696
-0.378764
-1.46256
-1.27652
-0.400102
-2.0737799999999997
-3.8503800000000004
-0.9092370000000001
-2.5354099999999997
-1.57926
-0.29263
-0.038613800000000004
-0.396056
-0.602905
-1.02169
0.415951
-0.141649
-0.014884399999999999
-3.42436
0.0
-4.01302
-0.7659239999999999
0.0789671
-1.11552
-0.565583
0.0
-4.00059
-3.8334599999999996
0.44846199999999997
0.345991
-1.05259
1.2706600000000001
-1.9659200000000001
-1.48866
-0.506337
-3.45583
-1.3934799999999998
-3.37036
-0.7454649999999999
0.44769200000000003
-1.87085
-0.31862199999999996
0.0
-2.0127099999999998
-1.29431
-1.03949
-0.24954099999999999
-0.379384
-0.6136689999999999
-0.621257
-0.605305
-2.13358
-1.31877
0.48944099999999996
0.126155
-0.7826649999999999
0.301161
-1.151
-0.6212479999999999
-0.994985
-4.21709
0.262156
-2.0127900000000003
-2.7624299999999997
-0.194287
-0.700498
-0.521468
-1.41905
-0.680094
-0.991611
0.0
-3.3778300000000003
0.9191360000000001
-0.140099
-0.707809
-1.3962
-0.09152339999999999
-0.390102
-2.44061
-3.3797599999999997
-0.210139
0.0
-1.6175899999999999
-0.239536
-0.410826
-2.23202
-1.42808
-0.36231399999999997
-1.6504400000000001
0.21936999999999998
-0.21429299999999998
-1.17198
-0.41586899999999993
-1.35191
-0.32756799999999997
0.192272
-0.490824
-0.8221430000000001
-0.87874
-1.20286
-1.61895
-0.618604
-0.5846
0.21646500000000002
-2.2568099999999998
-3.85534
-0.157106
-0.605273
-1.70878
-1.08971
-1.40346
-1.16788
0.0
-0.158219
-0.591309
0.12484
-2.6393299999999997
-0.0890284
-0.457247
-0.757737
-0.514129
-0.671519
-0.40072199999999997
-2.026
-1.06857
-0.0540073
-0.81186
-1.00827
-1.94944
-1.98053
-1.9708900000000003
-0.7022729999999999
-2.11098
-2.02786
-0.41812299999999997
-1.7400900000000001
-3.42245
-0.8867440000000001
-0.891152
-0.242402
-0.130377
-1.34542
-0.671884
0.0
-1.55985
-0.224037
0.074089
-1.12026
-1.33998
0.563404
0.105472
-1.58467
0.597083
-2.0869
0.545427
-0.57921
-0.9947590000000001
-1.73922
0.0
-0.303778
-0.8769889999999999
-0.618174
-1.2774
-3.5295199999999998
-1.7422799999999998
-1.8499400000000001
-0.941227
-2.78285
-1.98643
0.403484
0.000354165
-0.00414042
-1.0765
0.312625
-2.78532
-3.2250099999999997
-0.185126
0.0
-1.35615
-0.0844412
-3.4245099999999997
-1.2343
-1.30221
-0.0723639
0.0172106
-0.581624
-0.404298
-0.734375
-1.02229
-1.3123799999999999
-0.22659200000000002
0.166479
-0.462491
-0.172572
1.08176
-4.05131
-2.032
-0.91674
-0.821817
0.665267
-0.612974
0.0
-1.28416
-0.16033
-0.809675
0.7350300000000001
-0.432795
0.138217
-0.950658
0.0
0.0
0.451449
-0.385002
0.147171
-0.6497350000000001
-0.06781269999999999
-1.87733
-1.5439399999999999
-0.634221
-0.727004
0.0
0.161471
-2.7553900000000002
0.13463699999999998
-1.71471
-4.108219999999999
-0.329487
-0.820127
-0.880498
-0.746727
-0.43796499999999994
-1.33865
-1.0973700000000002
-1.30465
-3.5253
-0.7383810000000001
0.25306300000000004
-0.923742
-0.923301
-0.31665
-1.09143
0.5159090000000001
-1.7196200000000001
-0.18368900000000002
0.240156
-0.5402100000000001
-0.174647
-0.0740685
-0.294521
0.18046700000000002
-1.54589
-1.2965
-1.29061
-0.0182681
0.577963
-4.29915
-1.02645
-1.15962
-0.164972
-0.134766
-0.38392
-1.7732700000000001
1.03092
-0.646612
-1.47973
-3.6064
-1.3614
-0.0900115
-1.6408099999999999
-1.56043
0.49356300000000003
-0.71841
-1.66352
-0.023934999999999998
-0.21066100000000001
-1.1879899999999999
-0.586971
-0.752058
-1.1433
-0.561587
-0.5795
-1.0689899999999999
-1.15394
-0.23350100000000001
-0.7927390000000001
1.38816
-0.8231860000000001
-3.30879
0.39421799999999996
0.29181399999999996
-2.09882
-0.300598
-1.43907
-1.42331
0.0
-0.6988840000000001
-1.31994
-0.495529
-0.9551870000000001
-0.955304
-0.610941
-1.6836900000000001
-0.992526
0.765265
0.17161099999999999
-3.45698
-1.3493600000000001
-0.140708
0.5177689999999999
-0.782213
-0.347412
-0.776754
-1.78158
-0.743943
-0.540696
-0.581669
0.678859
0.0
-3.13755
-3.59136
0.0
-1.61022
-1.4123
-1.06845
-2.0018700000000003
-0.518375
0.0
-1.71364
0.185614
-1.66018
-0.768679
0.44230699999999995
-0.188335
-1.7425599999999999
-0.294273
-0.738618
-0.804584
0.0
0.0
-0.46665
-3.2387099999999998
0.0
0.199765
-2.30925
-1.0531
1.37172
-0.06043969999999999
0.375332
0.623419
-0.8167270000000001
-1.6962599999999999
