-0.0995112
-0.78483
0.409754
0.5221520000000001
0.391447
-0.367029
5.19667
1.00601
0.399623
1.60639
1.1057299999999999
1.18898
1.18898
1.68609
1.2799200000000002
1.99101
0.683607
1.15266
1.99049
3.4663800000000005
0.180649
0.369261
1.34845
2.60298
3.09953
3.7300199999999997
2.45973
1.6803299999999999
2.42402
2.42402
1.56626
0.775937
1.4849700000000001
0.512596
-1.61722
-0.190415
0.79428
0.607837
-0.35070100000000004
-1.6856
-0.469282
0.897435
2.5699099999999997
3.1195
0.811122
-0.032604400000000006
0.15119100000000002
-0.8297969999999999
-1.6038
0.127806
0.928493
4.7790099999999995
0.922808
4.95418
-0.0459713
1.42404
1.12307
0.617617
0.519738
0.6491210000000001
0.45318500000000006
1.37366
0.0399723
-1.11509
0.186073
-1.0399
0.349406
0.354715
0.40884299999999996
-0.317123
-1.16373
-1.78342
-0.8137270000000001
-2.6774
-3.2844800000000003
-3.2844800000000003
-1.71639
0.509386
-0.747456
-2.46868
-0.43131899999999995
-0.358167
-0.581182
-1.9978900000000002
-0.0362234
-0.0925773
-1.8909099999999999
-2.6444400000000003
-0.852025
-0.708641
-2.1647
-0.529564
1.31756
-0.0375238
0.11997100000000001
-0.974577
0.839405
0.8883540000000001
-1.87985
1.07289
0.640066
-0.658796
-2.3569299999999997
-2.59918
2.27471
0.9470120000000001
1.36617
-0.507217
-0.637203
-2.13509
-1.03156
-0.441226
0.351838
-0.516181
-2.33375
-2.02952
0.415234
-0.199936
-0.403549
-0.9756379999999999
3.0118
2.14099
0.12009
-1.10063
-2.17882
-2.7551
-4.52236
1.38073
-1.74613
0.189857
-0.693242
-1.43066
-0.834852
0.25659899999999997
-2.38666
1.37147
-0.040519599999999996
-0.735991
-1.30444
-1.26941
-0.356797
-1.0031
1.00371
-0.5754739999999999
-1.88357
-0.809125
-0.788668
-0.285209
-0.839318
-4.17226
-1.25678
-0.189053
-2.29583
1.39868
2.45902
-4.0797099999999995
0.288664
1.9900900000000001
0.9090739999999999
0.07609160000000001
-0.327038
-0.746903
-1.5147
0.625206
0.14616300000000002
0.26295599999999997
-2.21592
-0.174893
-0.8580629999999999
-4.66169
0.666752
0.998303
0.998303
0.56295
0.56295
-0.7620359999999999
-0.9567540000000001
0.348621
-2.5701099999999997
-1.03565
-0.617977
-0.565796
-0.349669
-0.918118
-0.878747
-0.43227299999999996
-0.860558
0.0398156
-0.349979
-0.29473699999999997
-0.550678
0.926516
0.44674200000000003
-0.563055
-1.06322
-0.418145
-0.972096
-0.998233
0.0322046
-0.30677
-0.8275319999999999
0.597144
-0.679663
-0.471316
-0.540244
-0.337853
-0.667482
-0.6701189999999999
-0.12115
0.8608610000000001
-0.563968
-1.96374
-0.558859
-0.319864
-0.779119
-2.47317
-3.04515
-0.182085
-0.590427
0.243267
0.24361300000000002
-0.530334
-1.43723
-0.372487
-1.41303
1.10128
0.21556799999999998
-0.453696
-1.74741
-4.31303
0.156442
-2.57951
0.348898
-0.292133
-1.2251100000000001
-0.685194
-0.828008
-0.272032
-0.94747
-0.23881599999999997
-0.5797439999999999
-0.93411
0.042819
0.0764047
1.3773799999999998
0.421501
0.0996187
-0.634093
-0.512808
0.518457
-1.64821
-1.99965
-0.17696900000000002
-3.24363
-1.89674
-1.16288
-0.45215299999999997
0.0320845
-1.1482700000000001
-0.278036
-0.15054800000000002
-0.720433
-0.7581
-2.02073
-1.12584
-1.45646
0.020609
0.5440189999999999
-0.23677600000000001
-0.017263999999999998
-1.6975200000000001
-0.258369
0.396665
-1.7125599999999999
2.40631
-0.786929
-0.329505
0.21598299999999998
1.76154
1.76154
-0.31514699999999995
1.2546700000000002
0.6387079999999999
0.41677200000000003
-0.47879700000000003
-0.54019
0.591819
-0.3355
-0.384853
-0.384853
-0.0456348
-1.04633
-1.0375299999999998
-1.58263
-1.94622
-0.20740300000000003
-0.9888870000000001
-0.513917
-0.777573
-0.396331
0.964303
-0.8969860000000001
0.719503
1.9590299999999998
1.8882
1.85417
0.202264
0.125173
-0.800724
-0.8794649999999999
1.4223
0.710475
0.166983
0.476617
-0.882861
0.30653
1.37176
1.59745
0.575083
2.26403
0.326114
4.5564599999999995
0.6007359999999999
-0.178238
0.40302
2.1754599999999997
1.6206399999999999
0.597576
-0.93686
0.672192
-0.25169
0.981942
2.18987
0.8104899999999999
0.369359
0.47979499999999997
0.325887
-1.00225
5.17395
1.9378
-0.028910500000000002
2.26536
0.635493
0.0622793
0.594312
-0.678453
0.0184044
0.903351
-1.11395
0.46726999999999996
-3.4093699999999996
0.47502700000000003
-0.548953
-0.840167
-1.91303
-0.6189600000000001
-1.50528
-0.19203699999999999
-1.74215
-1.21919
-1.64715
-1.12212
-0.784151
-3.66395
-1.10284
-0.706863
-0.15041
-0.542741
-2.52181
-0.9417110000000001
-0.743398
-0.922234
-0.30280100000000004
-1.16198
0.10344600000000001
0.276882
0.362993
-0.0854332
-2.01031
-1.20337
0.783295
-0.377529
-1.04736
1.5075100000000001
1.5075100000000001
1.10661
-0.0530514
0.667746
0.331849
-3.53151
-0.47024099999999996
-1.611
0.6772239999999999
0.0860972
0.87215
-0.557245
0.492638
-0.722878
-0.348958
0.013171299999999999
-0.129156
-0.669235
0.259918
0.27034899999999995
-0.604194
-0.968174
0.341586
-1.57425
-3.07203
-0.858116
-0.630645
0.873511
0.5273680000000001
0.73535
-0.473451
0.218255
4.38868
-0.0415986
-1.00311
-1.1271
-0.16560899999999998
-0.07672580000000001
0.400119
-0.45848199999999995
-0.528593
-0.0748748
-1.58943
-0.858519
-0.936335
-0.936335
-0.0429558
-0.191501
-1.62795
-2.07668
0.0912643
-0.555895
-0.826385
-0.460013
-4.49634
-0.249428
-0.858949
-1.00316
0.07967130000000001
-0.738
-1.32723
-1.39019
-0.499879
0.6069640000000001
-1.39448
-2.9630900000000002
0.502961
-1.22841
1.09121
0.25812399999999996
-1.0277
-0.746934
-1.2818200000000002
-0.0626809
-1.2504600000000001
-0.5511159999999999
-1.57025
0.0181093
-0.0331912
0.09327510000000001
