-4.944369999999999
0.7117640000000001
2.06652
1.16678
2.15013
-5.97013
3.4745199999999996
3.17807
1.87169
0.39416599999999996
4.154669999999999
1.34436
1.34436
1.1228
3.13741
1.9755
-3.8989800000000003
-4.9067
3.8804300000000005
3.05166
-2.68362
2.03003
3.1334299999999997
2.0284
2.61424
4.112430000000001
2.95815
3.73565
3.3524300000000005
3.3524300000000005
3.7750199999999996
2.42391
2.4297
0.0677064
-5.82728
-2.73336
2.5135
3.0683599999999998
2.6577599999999997
-5.49027
-1.13231
-2.4955
4.09639
2.92377
3.4557800000000003
-0.45270299999999997
-4.93539
2.27848
-3.6384800000000004
-4.48872
-5.45021
3.12375
-0.0510656
3.16649
-2.17456
1.08681
1.5952899999999999
1.45064
2.55218
-4.04619
1.27281
2.40904
-0.089812
2.4778
2.51815
-4.08055
1.9638
-3.92372
1.34891
0.06734730000000001
2.2644599999999997
-5.06116
-2.16474
-2.2740099999999996
1.4225299999999999
1.4225299999999999
-4.82011
-4.61989
-1.08576
-3.12716
2.03495
1.8550400000000002
1.60884
-1.1971
-3.36626
-2.0771900000000003
1.03205
-4.41699
-4.21248
-4.20005
-1.52655
2.19469
4.5551699999999995
1.7423400000000002
-3.7435400000000003
-3.25734
-3.9237800000000003
-0.0928125
-1.21793
-0.165932
-0.059219299999999996
-1.3346200000000001
-4.14489
-4.75786
-2.02473
-1.27355
-0.286011
-3.8239900000000002
-4.4267199999999995
-5.058
-1.88742
-2.52502
-5.1011
-4.38631
-4.30501
-4.94152
-2.02652
0.473112
0.865675
1.38269
2.76303
2.80145
-5.24817
-5.28073
-5.01484
-4.56745
-3.98199
-3.9754099999999997
-4.13784
-4.35582
-4.9295599999999995
-4.2397599999999995
-0.482738
-1.31673
-1.60101
1.7792599999999998
0.5729529999999999
-3.61297
-5.10572
-3.71003
-3.39048
2.21848
2.01036
-0.247021
-1.54309
1.6201299999999998
-4.46513
-4.98843
1.6193600000000001
-3.15053
0.0497044
2.67675
2.8128599999999997
2.80036
3.1639
-4.34201
-2.6472
3.25307
3.3324300000000004
1.01359
1.54423
-5.32036
-4.33588
-3.5434900000000003
-0.875891
0.692037
-5.25464
-0.6108859999999999
2.12113
0.914328
3.1280900000000003
2.6653
2.6653
2.37342
2.37342
-3.7585300000000004
-3.9007300000000003
-1.0233
0.00868155
-4.8606300000000005
-4.2838
-5.3316
-1.0571700000000002
-1.61905
-2.69178
-3.7201699999999995
-4.63744
0.7991159999999999
-5.1362
-5.30925
-3.0255400000000003
1.09754
1.27078
2.02616
0.801709
-5.13915
-5.72067
-5.6142900000000004
1.8013
0.927318
-1.28439
-5.14055
-5.6611400000000005
2.62355
2.51254
0.207802
-3.32252
1.72452
-2.24569
0.41068699999999997
-4.35141
-4.72053
-4.33044
-1.4333
-3.86159
-5.06888
-1.94498
-5.52235
-3.38579
-3.8936300000000004
0.834061
-0.123509
-1.62145
-3.8286
0.67
0.575336
0.8986860000000001
-4.94629
-5.32025
5.65854
-1.39421
-5.5248800000000005
-5.36281
-5.062530000000001
-5.1052
-1.63544
-0.419008
0.693926
-3.51536
1.47951
-5.24752
-4.4048099999999994
1.4949700000000001
-1.0646799999999998
1.61099
1.73115
2.36348
-1.19615
-2.31461
-1.8368799999999998
-2.15842
-4.4012199999999995
-4.61075
3.20835
-4.70728
-5.16702
-5.48837
-0.336857
0.386801
-1.52891
-5.87654
-5.2032099999999994
-2.88753
-5.086869999999999
-5.64306
-1.48567
-2.47195
0.08766669999999999
1.83008
-5.87214
-1.96212
2.52393
1.6293799999999998
-0.267393
1.47701
-1.99206
-2.93813
-4.9074599999999995
2.4285
2.4285
-3.17305
4.36888
1.9801900000000001
1.25268
2.96362
2.41034
-0.0626339
-0.9282090000000001
0.129138
0.129138
-0.880041
-4.55863
-5.343780000000001
-5.030880000000001
-2.6907400000000004
-4.76992
-4.78294
-4.85056
-0.262984
1.4865899999999999
-2.33486
1.23882
-5.37781
2.60155
2.32387
1.15495
1.4965
-1.2227299999999999
-0.222046
-0.30296100000000004
-0.5711609999999999
1.9107900000000002
3.36119
0.0676191
-4.5610800000000005
0.800624
-0.10709
2.15827
0.34485
-0.882017
-5.792000000000001
2.3486
1.1539
0.611888
-1.20929
2.36025
1.7687700000000002
0.5175890000000001
-0.30454200000000003
-4.840669999999999
-2.40246
-0.8966059999999999
0.82716
1.46895
-6.26561
2.1732099999999996
1.1173
3.41351
3.90501
1.89258
3.5358300000000003
3.2829900000000003
2.5785099999999996
3.05205
-0.35186
-2.06502
-0.481746
-5.5484800000000005
-3.37189
-1.9571
-2.93858
-2.24682
-5.1201300000000005
0.6122810000000001
-4.7920300000000005
-4.14403
-2.32308
-5.55395
-4.90842
-5.63736
-4.66332
-2.6637
1.71485
-4.5496099999999995
-5.08593
-4.21663
-5.1127199999999995
-5.4202900000000005
-4.78342
-5.25344
-4.1862699999999995
-3.60734
-4.76041
-4.2637599999999996
1.43626
0.9359280000000001
0.08636100000000001
0.660771
-2.10048
-0.651275
1.43557
1.80692
2.7492900000000002
2.81803
2.81803
1.97
-0.46545299999999995
-4.57524
-0.412134
0.9422879999999999
-5.25795
-5.02463
1.37565
0.7616390000000001
1.43523
2.34645
1.67442
-4.96654
-3.7065699999999997
1.23558
1.6532
1.37268
1.7778200000000002
1.73895
-5.548690000000001
-2.41985
-5.34921
-4.993040000000001
0.893057
0.19278399999999998
-5.244680000000001
-5.71397
2.39804
-4.79493
-2.72142
0.014212
2.79667
-4.60599
-5.64794
1.7134
2.04996
-0.202155
-5.35989
-5.692019999999999
2.6811700000000003
-4.40171
-0.413155
0.12601099999999998
-3.73425
-3.73425
-1.8066
-5.185309999999999
-4.72468
-4.7839
-2.8087299999999997
-5.4471300000000005
-1.8555599999999999
-2.27318
-5.22112
-4.09438
-4.04586
-5.64561
-6.11712
-5.02043
-5.0492
-2.38333
-0.6190319999999999
-4.7964
-1.63614
-4.51631
-1.4473
-5.39867
-0.014666499999999999
-1.79118
0.5122899999999999
-4.48313
-4.92066
-5.02046
-0.8626889999999999
-5.34342
-3.15462
-4.95956
-4.18375
2.22277
