-0.374372
-0.11048599999999999
0.195785
-0.14849500000000002
1.2321799999999998
-0.472459
1.8638599999999999
0.678654
0.2658
0.859568
0.654926
1.12225
1.12225
0.296134
0.42779700000000004
0.055845000000000006
-0.120502
0.12219100000000001
0.996134
1.80482
0.742456
0.170895
2.02819
1.74075
1.95272
1.63606
2.0235
3.2942
2.78052
2.78052
1.8861299999999999
3.3615
0.929665
0.358525
0.685947
1.11351
1.4052799999999999
0.597931
0.733434
1.24423
0.531066
-0.7706770000000001
1.7454
0.496137
2.0640099999999997
1.0907200000000001
-0.0925323
1.36038
-1.14731
-0.656047
1.12447
1.8363200000000002
1.66737
0.595663
0.818803
0.46683500000000006
0.298385
0.6706439999999999
1.52141
0.00316333
1.14094
0.501776
-0.21259699999999998
0.468949
1.22353
0.896085
-0.418837
0.733969
0.47545600000000005
-0.569497
0.9398040000000001
-1.21097
-0.312102
-0.678497
-1.4667
-1.4667
-0.0399041
-1.67065
-0.6912159999999999
0.22601999999999997
-0.401109
0.847475
0.10304400000000001
0.352802
0.449927
-0.12001099999999999
-0.528802
0.334856
-0.237817
-0.385849
-0.658093
0.807335
-0.35779
-0.375275
-0.455085
1.35145
2.2006099999999997
1.2163899999999999
0.680049
-0.654904
-0.34994000000000003
0.28941100000000003
-0.28181100000000003
-0.355325
-0.250658
1.41095
1.0141200000000001
-0.8518879999999999
-0.973045
-0.9607469999999999
0.577973
0.26652
-1.17219
0.0621783
-1.0521399999999999
-0.850958
-0.806886
2.7308
0.354852
0.619452
0.29176199999999997
1.79085
2.79175
1.08933
0.359172
0.740693
-3.20388
-1.50205
0.0291786
0.00120495
-1.3428
-1.645
-0.699525
1.08523
-0.9018520000000001
3.26257
1.1524299999999998
-1.0985200000000002
-0.702114
0.24326399999999998
-0.223444
2.5446299999999997
2.06085
-0.43725299999999995
-0.548801
0.039066500000000004
-0.381017
-0.411317
-0.623238
0.19758699999999998
-0.133459
-0.302439
-0.912992
1.7722200000000001
1.30254
-0.323227
-0.358951
0.84659
-0.0788324
0.542499
0.7038369999999999
0.015020400000000001
1.40208
-0.611492
0.343931
0.776277
0.41258
-0.926242
-1.27993
0.6122310000000001
0.9909819999999999
0.47152700000000003
0.47152700000000003
0.278192
0.278192
0.108152
1.01712
0.49643699999999996
-0.977756
0.310082
-0.486299
-0.28080700000000003
1.16587
0.95699
-0.321531
-0.0296884
-0.419972
0.603631
0.647274
-1.37507
-0.330831
1.09655
1.3259999999999998
-0.592888
0.607878
0.45553599999999994
0.46914399999999995
0.320865
0.453533
1.83892
-0.491142
-0.21711399999999997
-0.517288
0.853175
1.95029
0.30690500000000004
-0.347328
0.723176
0.526778
-1.27319
0.269789
0.299836
0.569177
0.24286999999999997
0.6104689999999999
-0.5437569999999999
-0.44343699999999997
-0.577455
-1.15714
-0.9723719999999999
0.055114800000000005
1.34333
1.04444
-0.050973000000000004
-1.32644
1.62629
1.6520400000000002
-0.47767200000000004
-0.971724
0.0
-0.495263
0.176494
-0.616816
0.684481
-0.9142389999999999
-0.45027700000000004
0.124234
0.481275
0.29091
-0.49023900000000004
-0.164851
-0.22068600000000002
-1.23149
0.00172135
0.0835527
0.352584
0.289526
-0.24925
-0.6052649999999999
0.611838
-0.50054
-1.13795
-0.770437
-1.8420599999999998
-1.59948
-0.31032600000000005
-0.856224
0.564075
0.591073
1.31294
-0.615237
0.7060029999999999
-0.028709600000000002
-0.7933640000000001
-0.24451799999999999
-0.0238435
-0.764754
1.07144
0.13859200000000002
-0.426784
-1.11809
-0.5435439999999999
1.2617200000000002
0.237821
0.214682
1.36516
0.8115899999999999
1.12838
-0.30553600000000003
-0.30553600000000003
-1.28096
1.1105399999999999
2.5715
0.43302299999999994
0.331892
1.8106099999999998
1.2976299999999998
1.11202
1.81965
1.81965
1.27431
-0.17916700000000002
2.0688400000000002
-0.482229
1.49043
0.923595
-0.800198
-1.82522
-0.5108159999999999
0.044278
0.24580100000000002
0.771927
-1.0542
1.52403
1.58904
2.60775
2.16545
-0.683242
-0.353001
1.08158
1.1031799999999998
0.685385
0.979569
-0.41262200000000004
0.517174
1.67798
1.13697
-0.32606999999999997
0.461322
0.304286
0.175797
2.59928
1.98135
1.0880100000000001
0.0266313
2.15523
1.02454
0.025867599999999998
1.02332
0.654841
0.733429
-0.268793
-0.17866300000000002
2.0324400000000002
0.527883
-0.141372
-0.0222417
1.0082
1.64733
0.233634
1.60727
1.6560599999999999
1.704
1.28086
0.021894999999999998
0.796137
0.789791
1.06951
-0.804208
0.056403800000000004
-0.541813
1.32118
0.474778
0.183116
0.0768462
0.333536
-0.129878
0.337861
0.9412520000000001
0.389251
0.478915
-0.89892
-0.430464
-1.53603
-0.636826
-0.265216
0.286925
0.0908573
-0.560412
-1.58302
-0.27613200000000004
-0.07116180000000001
-0.166951
-1.19505
-0.716349
1.48149
0.24064499999999997
0.789918
0.9286840000000001
1.44328
0.126435
0.569209
1.8410400000000002
1.23284
1.23284
0.6558579999999999
-1.05813
-0.0776688
-0.291456
-0.302886
0.960936
-0.6701600000000001
1.97833
1.77998
0.259708
2.15417
2.43173
1.9946599999999999
0.964174
1.55616
0.645478
0.506891
0.0807112
-0.0714799
-0.343472
-0.24763400000000002
0.374296
-0.9206030000000001
0.676441
1.18019
0.25302800000000003
0.6278779999999999
1.53605
1.96597
2.41908
2.0322299999999998
1.3982
0.16672599999999999
-0.134217
-0.916842
-0.059115
0.499125
0.5857939999999999
0.45291099999999995
0.826153
-0.15797
1.47363
0.989397
1.7349400000000001
1.7349400000000001
1.37715
0.00649129
-0.31821900000000003
-0.42189899999999997
0.227294
1.10832
0.762935
-0.801601
-0.565749
0.213155
-0.0849164
-0.391269
0.171967
0.334532
-1.2299200000000001
0.13661700000000002
-0.157332
-0.461495
-0.332052
0.175825
0.9403219999999999
0.126775
1.07975
0.199714
0.9743569999999999
-1.58491
-0.18798900000000002
-0.751663
-2.26645
-0.0633196
-0.307712
-0.506822
-0.038128300000000004
-1.2021600000000001
