0.469754
-0.0623678
-1.03233
1.51271
3.5491800000000002
1.27735
0.546916
-0.115147
0.340607
-0.598797
2.94299
0.9207549999999999
-0.588023
-0.6900189999999999
-0.0661706
4.2458599999999995
1.14939
-1.22856
-0.837118
-0.17538199999999998
-0.746468
0.28828400000000004
-2.0472799999999998
2.2677400000000003
-0.433383
4.13462
2.19483
0.981399
0.331762
2.08085
-0.42175799999999997
-0.00252715
0.571832
2.05093
-0.57584
3.93109
-1.07855
-0.46913599999999994
1.71668
-1.52471
-0.604001
0.0228033
-1.15499
-0.269412
0.760041
-0.253431
0.616528
-0.347666
2.65531
-0.294714
2.9960000000000004
0.62212
-0.0789965
-0.244971
-0.477433
-0.0755932
3.14073
-0.47927700000000006
3.94153
-0.213378
-0.576813
-1.03126
-0.21438600000000002
4.68703
0.289188
0.238783
0.291721
0.21076999999999999
0.21701399999999998
-0.955623
-0.701545
0.852931
3.21672
1.03344
4.486619999999999
2.93489
3.96671
3.86151
-1.6286200000000002
4.48324
5.775919999999999
-0.105376
3.51295
-1.1211
-0.0517472
1.84178
0.0185833
1.44707
2.32171
-1.3408
1.8350799999999998
-0.23785799999999999
2.96034
4.686030000000001
3.8054900000000003
2.11943
0.6141439999999999
1.57608
-1.02183
3.5547
1.61885
3.6551
3.47718
0.13601400000000002
2.34925
-0.384669
1.84971
4.74765
-0.53641
-0.358968
2.96569
-0.6923630000000001
1.3422
1.24232
-0.32342600000000005
1.9069099999999999
1.56338
-1.60037
-0.21509699999999998
1.1275
2.67112
-0.724684
-0.282883
0.320387
1.21994
1.71723
0.126641
4.11835
4.54704
2.4824200000000003
3.8668400000000003
-0.170638
2.4447799999999997
0.487721
-1.0658299999999998
0.43818999999999997
-0.621791
0.5609310000000001
3.41474
-0.499226
0.185024
1.8382599999999998
-1.87295
3.62762
2.3523099999999997
4.22206
-3.6637800000000005
-0.494542
4.78253
4.392180000000001
-1.88865
-0.74945
-0.5379390000000001
-0.26776300000000003
-0.154451
4.36359
1.08686
3.99495
-1.29951
4.518269999999999
0.226879
3.84331
3.7663699999999998
3.51134
-1.17275
-1.11639
4.546869999999999
4.99606
1.10937
3.99549
-0.49537299999999995
-0.780738
-1.5143
3.08546
3.81541
3.02105
-1.26352
4.94621
-0.49466800000000005
-1.21128
3.5023400000000002
0.43992
2.6896400000000003
4.65172
-0.538381
3.58667
0.07463589999999999
2.25782
1.15612
1.03095
-3.0836200000000002
3.4479
-0.762313
-0.44842200000000004
4.90595
0.466659
-0.651296
-0.795276
-2.34108
4.5079400000000005
0.212736
3.02525
2.47684
3.05947
4.23934
3.90027
4.20821
3.14482
3.74151
0.40210300000000004
5.80832
3.21142
-0.29981599999999997
-0.252056
3.1360099999999997
-1.7761099999999999
3.76075
-1.66988
-1.91513
4.67284
-1.9754900000000002
4.47433
-1.1188799999999999
3.35699
1.56024
5.0986400000000005
-0.6047020000000001
2.00391
-0.172291
-0.325374
-1.1826
4.63012
-2.7681
0.06790260000000001
-0.157307
4.42479
-1.47774
-0.552595
-1.1418700000000002
0.290567
-0.538828
4.11551
2.79854
3.77408
-1.32879
-0.723387
4.11782
2.2867900000000003
-0.328599
-0.28581100000000004
0.377307
4.71686
2.28859
1.8748900000000002
0.28877800000000003
3.43264
4.37604
-0.665165
-3.15043
2.57825
4.04232
4.64567
4.1888
3.39194
3.34993
-1.35804
-0.47386300000000003
-0.686665
-1.56463
-0.202044
4.452380000000001
-1.88942
-0.328167
2.44732
4.94194
3.41474
-0.854957
-1.8958700000000002
3.61816
-0.20715
-1.76606
-0.20101
-1.05481
0.282407
-2.6287700000000003
-1.24796
-1.6013600000000001
-0.899043
-0.699427
-1.12552
-1.40523
-0.8196399999999999
-0.25700300000000004
-0.020230599999999998
-1.27988
-0.533451
-0.8747090000000001
-0.916301
-2.4289400000000003
-0.49348500000000006
-2.06186
0.0
0.0
0.0
-2.72978
-0.277751
-0.779324
-0.5505770000000001
-0.692971
-2.80345
0.5791890000000001
-2.66099
0.0
-1.1332799999999998
0.60959
-2.31145
0.0283209
-0.954676
-2.93688
0.0
-2.08619
-1.4395200000000001
-0.476563
-1.08323
-1.21996
0.205839
-0.46936300000000003
-0.286094
-0.222243
-0.753268
-0.0314131
0.690475
-1.95955
-0.7425470000000001
0.0
-0.723249
-2.99273
-1.91917
-0.9391139999999999
-0.6580090000000001
-1.3685200000000002
-0.190903
0.780871
-0.8300639999999999
-1.6067200000000001
-1.24048
-0.11608399999999999
-1.7649099999999998
0.0
-1.69795
-0.262065
-0.608534
-0.7336239999999999
-0.42851300000000003
-0.778293
-0.548764
0.0
-0.565801
-0.712242
-0.347957
-1.9902099999999998
-0.9828110000000001
-2.0839
-0.508181
-1.2618200000000002
-2.1505099999999997
-0.581621
-0.899962
-0.441787
-0.670095
-1.7913
0.388108
1.25385
-2.32482
-2.01193
-1.81109
-1.22407
-1.42307
0.49020600000000003
-2.12878
-0.858075
-2.50314
-1.36665
-3.15995
0.0345089
-1.73997
-1.26597
-1.0148
-0.692369
-1.21613
-1.6998099999999998
-0.028095099999999998
1.68387
-3.84087
-0.9309940000000001
0.49013100000000004
-1.7940099999999999
-0.484709
0.0
-1.041
-1.50682
-2.3171
-1.83581
-1.24201
-0.566479
0.0
-1.42721
-1.33495
0.736013
-0.184522
-1.5133299999999998
0.47405699999999995
-1.79243
-1.7798
-0.383127
-1.7454900000000002
-2.0977
0.77872
0.0
0.211902
-2.25697
-1.24668
0.0
-1.50106
1.9028900000000002
-1.13373
-0.32611999999999997
-0.8456809999999999
-1.03156
-1.196
-0.189852
-0.46854399999999996
-2.40873
0.5133260000000001
-0.726402
0.07097080000000001
-0.763638
-2.0328
-2.40548
0.0
-0.139603
-2.9236400000000002
-0.405622
-1.85648
-1.39815
1.38573
-1.06657
-1.58643
0.10337
-0.755726
-1.27831
0.142483
0.0848811
0.0863303
-1.47499
-0.12259300000000001
-0.33547
3.66214
-2.20561
0.0
-0.22162199999999999
-0.30352399999999996
-2.09389
-0.9433440000000001
-1.16635
-1.28664
-0.873555
0.0
-2.62621
-1.7465
-1.43834
0.5551119999999999
-0.847941
-0.276077
-1.39109
-1.84683
0.24071900000000002
-0.972299
-0.566873
-0.380196
-2.11363
-1.18055
-1.05661
-0.33003499999999997
0.0325083
1.3984299999999998
-0.414678
-1.82818
-1.40044
-1.19966
-0.776964
-0.296454
-1.88854
0.274198
-1.22854
0.0566471
-0.567658
-1.37314
1.00745
-0.48417299999999996
-1.59601
-0.376341
0.0
-2.96149
0.576911
-1.33734
-0.436958
-1.03455
-1.3572799999999998
-0.547419
-0.37195100000000003
0.0376461
-0.479709
-1.06463
-0.679959
-0.289588
-0.99713
-0.7708430000000001
-0.288964
0.347559
-1.96363
-0.54162
-0.044392400000000005
-0.588913
0.269425
-0.174868
-0.464721
-0.230758
-0.141556
-0.480908
-2.1494299999999997
0.0
0.03768869999999999
0.48243400000000003
-0.35176
-0.346184
-1.08641
-0.222083
0.0
-0.590596
1.94878
-1.43486
-0.49695900000000004
-0.560679
-0.37749
-0.935414
-1.1656799999999998
-1.45991
-1.0179200000000002
-1.38287
-1.26384
-0.9767290000000001
-0.598244
-0.404856
-1.42147
-0.15928
-0.838791
-0.261479
-0.7922600000000001
0.0
-1.57756
-0.5276390000000001
-2.36786
-1.1735
-3.36864
-2.4434099999999996
0.0
3.05437
-1.2368700000000001
-1.34274
0.0
-0.6626489999999999
-0.233923
-1.18167
0.0
-0.905035
-0.709982
-1.00029
-0.70357
-0.521323
-0.500116
-1.1191799999999998
-1.38046
-0.683413
-2.62117
-0.08077899999999999
-1.6557
-0.553897
-1.01168
-1.2082
-0.540392
-0.126368
-1.45401
-2.25753
-0.499302
-0.281976
-0.24108000000000002
-0.888402
-1.06971
-1.09239
-2.3178799999999997
0.0322932
-0.725646
-0.29465
0.8838950000000001
-0.26671100000000003
-0.19628099999999998
-0.681059
0.07686280000000001
-3.05249
-1.45569
-1.36879
0.24537899999999999
-1.37647
-1.00966
-1.7541900000000001
-2.0363700000000002
-2.38905
-0.348532
-0.147181
-0.046849699999999994
-0.884517
-1.8898599999999999
-2.22927
-2.0007
0.0
-0.135518
-0.939083
-1.50045
-0.8428389999999999
-1.71653
0.0
-0.295061
-0.977658
0.676759
-1.20869
-2.03437
0.464458
-3.46535
-1.95945
-0.510022
-0.6204430000000001
-0.6080220000000001
-1.4965700000000002
-0.582992
0.155359
-1.63307
-0.789991
0.0
-0.960935
-0.594751
-0.813291
-2.00906
-2.1012
-0.28715300000000005
-1.55606
0.11926199999999999
-1.35511
-1.63679
-0.306861
-0.352287
-1.18841
-1.0719299999999998
-2.64465
-0.873541
-1.63306
-0.244804
0.187353
-0.0671784
-2.32215
-1.0832
-1.69792
-0.0152423
-2.05816
-0.122829
-1.7603
0.0
-1.60992
0.0664952
-0.458426
-0.0684132
-1.8430400000000002
-0.9149729999999999
-0.434167
-2.69952
0.0
-0.150286
0.0
-0.06326380000000001
-0.331208
-1.46741
-0.98459
-0.551197
-0.60587
-0.820681
-1.47333
1.07061
-1.74633
-0.356089
-1.44963
-0.03421880000000001
-0.61322
-0.618939
-1.0750899999999999
-1.22116
-0.8755780000000001
-1.96868
2.0284
-1.27899
-0.59218
-1.92795
-0.9433440000000001
-1.61447
0.405277
-0.250657
-0.069774
-0.6143
-0.6851510000000001
0.0
-1.1567399999999999
1.02338
-1.38095
0.810164
0.38710900000000004
-0.9027270000000001
-0.41513999999999995
-1.1779
-0.523658
-2.47989
-0.559945
-2.28079
-2.03822
0.06975160000000001
-1.4661799999999998
-1.26734
-0.8299559999999999
-1.4642
-0.736175
-2.74839
-2.35137
-1.66988
-2.46325
-0.9010530000000001
-1.28334
-2.0373900000000003
-1.0305600000000001
-1.59172
-0.350882
-0.282754
0.0
-0.37041399999999997
-0.8164859999999999
-0.468496
-0.974045
-0.0705929
0.14510599999999998
-0.593808
-0.112728
-0.19169
0.121205
-0.0351596
-0.39023800000000003
-0.529927
-1.1412
0.0
-0.674471
-0.45466899999999993
-0.5670890000000001
-1.16882
-1.31093
-0.310663
-2.25148
-0.657093
-3.03404
-0.75115
0.045525800000000005
0.21553899999999998
-1.05251
-0.621212
-1.13135
-1.74059
-1.59239
-1.2828700000000002
0.0
-0.531266
-0.940032
0.0
-1.9818
-2.5725
-0.577358
-0.77323
-2.1629
-1.42113
-2.06918
-1.51284
-2.51546
-0.384389
0.0378215
-0.8156479999999999
-0.9093620000000001
0.661381
0.0
-1.84015
-0.9540790000000001
-0.776824
-0.52013
-1.27396
0.0
-1.16178
-0.8478040000000001
-0.46893900000000005
0.72505
-1.00511
0.20056500000000002
-0.263585
0.0
0.0
-0.19742200000000001
-0.402006
0.243194
-1.39916
-0.746203
-1.9196799999999998
-1.0546
-2.01983
-0.59592
0.0
-0.888785
-1.01811
-0.768806
-2.3166
0.0
-0.6188859999999999
-1.06893
-0.427559
-1.99803
-0.420076
-1.34039
-1.32815
-1.22282
-1.21536
-0.39321
-0.653857
-0.94663
-0.9183629999999999
2.01573
-0.534964
-0.907696
-0.21546700000000002
-0.00795598
-0.780479
-1.9601
-0.595541
-0.809592
-0.684477
-1.05698
-1.4764
-1.26027
-0.274679
0.217004
0.208853
0.0
-1.53873
-0.8139609999999999
-1.19192
-0.500084
-0.8241790000000001
-1.8295299999999999
0.060488400000000005
-0.7501180000000001
-0.7680020000000001
-1.0749
0.166193
-0.497906
-1.3159100000000001
-1.37704
-0.124008
-0.582611
-1.2072200000000002
0.160207
-0.946836
-1.10905
-0.51515
-0.669083
-0.429209
-1.28341
-1.9870700000000001
-0.867352
-0.00336081
-0.0805006
-0.8634059999999999
1.25875
-0.68177
-0.545817
-0.9737309999999999
-1.09142
-0.811429
-1.35915
-0.500414
-0.670027
0.0
-0.802558
-0.58185
-0.533088
-0.58415
-0.413666
-0.243391
-0.990217
-1.6676900000000001
-0.666193
-0.10604100000000001
-2.2395099999999997
0.124636
-1.9664700000000002
-0.8210209999999999
-1.7062099999999998
-0.3404
-1.43849
-1.48652
-1.91465
-0.309848
0.578975
1.67682
0.0
-0.828924
-1.52434
0.0
-0.873626
-0.770275
-2.4295400000000003
-1.53708
-0.555446
0.0
-0.480936
-0.244256
-1.9031200000000001
-0.106234
-1.09325
-0.996617
-2.83009
-0.312961
-0.6115149999999999
-1.48603
0.0
0.0
-0.6998409999999999
-3.14164
0.0
-2.03478
-1.97908
-0.655803
0.316733
-0.7495390000000001
-1.30155
-0.802608
-1.01118
-0.743667
