0.47813900000000004
0.435371
0.304088
0.39005300000000004
0.32978
0.0379172
2.16403
0.9011319999999999
1.35378
0.56371
0.83783
0.265863
0.265863
-1.0921100000000001
0.7117979999999999
-1.52006
0.37145100000000003
1.23186
0.554801
2.3207299999999997
0.27855100000000005
1.151
2.38423
0.75032
0.597618
1.98082
1.87622
2.67564
2.29734
2.29734
1.49363
2.6281
0.664184
0.561319
-0.333579
1.80141
1.7478200000000002
0.586961
0.427717
1.41039
1.2660799999999999
-0.45156199999999996
1.5802
1.318
1.63904
-0.5764819999999999
-0.08533980000000001
1.25159
-0.0263677
-0.243842
-0.230071
2.15196
0.282294
1.1223100000000001
-0.0254051
0.221769
-0.018963
1.75256
3.8665199999999995
-0.669813
0.0650004
1.7670299999999999
0.779976
2.21253
0.00559815
0.769608
0.46087700000000004
-0.186607
1.41244
-0.037548000000000005
-0.025962700000000002
-0.683703
0.274584
0.816312
0.23321999999999998
0.23321999999999998
-1.8389
-1.52216
-0.389313
0.06200409999999999
-0.5526340000000001
0.9231469999999999
-0.211982
-0.511672
0.768296
-1.22242
-0.271418
-0.0628596
-1.11486
-0.846943
0.0917402
-0.759739
0.29961
-0.40939000000000003
-1.53556
1.3483
2.2321400000000002
2.36354
-1.01797
-0.11333
0.417426
0.0257082
-0.621052
-0.96721
-0.42673900000000003
0.06088919999999999
-0.1653
-0.507847
-0.9308860000000001
-1.44127
-0.475517
0.61895
-0.461977
-0.8816799999999999
-0.999541
-0.485583
0.402344
2.66851
-0.11900699999999999
0.645296
0.92271
1.38185
1.04104
-1.0774
-0.12623299999999998
0.784501
0.580823
-0.544535
-0.270177
-1.57725
-0.746696
-0.308909
-0.286325
0.612256
-1.05965
2.2136400000000003
1.48223
-0.103103
-1.35744
-0.275461
0.556483
2.48284
1.87185
-0.0655586
-0.56055
0.342962
-0.678687
-0.959902
0.660892
-0.610582
-0.118269
0.711549
-0.0126924
1.7842200000000001
1.2000899999999999
0.286976
-1.2171299999999998
0.0336765
0.781623
-0.100382
0.312332
1.37248
0.0100574
-0.32413000000000003
0.296722
0.7646390000000001
-0.00853885
-0.741976
-0.342758
1.42353
1.7790000000000001
1.8416599999999999
1.8416599999999999
0.900207
0.900207
0.730829
0.6050300000000001
1.1480700000000001
-0.00670878
-0.134211
0.618676
1.2394
1.8006
0.119726
0.903644
0.854461
1.39685
0.644375
1.13114
-0.645331
-0.845527
1.6934099999999999
0.498233
0.354799
0.116585
0.757376
-0.00980437
0.304006
1.21444
2.06225
-0.492921
0.398044
-1.23945
-0.14996400000000001
0.48977200000000004
-0.618522
0.262196
0.943517
1.3718700000000001
0.39426700000000003
-0.624628
-0.262119
-0.0799433
-0.030945099999999996
-0.337485
-0.853442
0.095486
0.5861460000000001
-1.2632299999999999
-0.171869
0.784524
1.3223
0.889186
0.9545950000000001
-0.23726
1.39124
1.3481
-0.855706
0.34237199999999995
1.9696200000000001
0.49776800000000004
1.28463
0.740701
0.00628309
-0.979614
0.6863100000000001
-0.700009
-0.5579999999999999
-0.349223
0.593019
0.50843
1.90788
-0.052631700000000003
0.575671
1.12259
0.522934
-0.030710900000000003
-0.487754
-0.34033800000000003
0.8757020000000001
1.4091
-0.7135729999999999
-0.270266
-2.04663
-1.5564
-0.429726
-0.47701499999999997
0.332932
1.54546
0.911006
-0.842025
0.5912470000000001
0.232915
-0.400372
0.7196899999999999
-1.16846
0.6479689999999999
1.0655700000000001
0.450876
0.628726
0.51051
0.168683
2.11308
0.5855640000000001
0.104777
-0.00044720400000000004
-0.720342
-0.484545
0.581924
0.581924
-0.809284
1.00268
1.2005700000000001
-0.199312
0.34424099999999996
0.41043999999999997
1.00178
0.876869
0.7485970000000001
0.7485970000000001
-0.00447306
1.8309099999999998
0.394703
-0.658175
0.614424
-0.45478900000000005
-0.396748
-0.407529
0.8281950000000001
0.0678663
0.479674
0.08139969999999999
0.0379298
2.5076
1.4129
1.34249
1.5934700000000002
0.339238
0.248283
2.53305
0.45110100000000003
1.1001299999999998
2.48395
0.434338
1.40688
2.4435599999999997
1.50189
-0.221421
-0.047171199999999996
0.317579
0.5068
1.8115900000000003
2.1048299999999998
-0.11281300000000001
0.23053200000000001
1.16537
-0.6975140000000001
0.9065340000000001
1.8714099999999998
0.950738
-0.5073949999999999
-0.0607372
1.3706
1.10256
0.970234
-0.400836
-0.311517
0.5143479999999999
2.1266700000000003
3.31219
1.3727
1.4703700000000002
1.8838700000000002
1.58962
0.722663
1.6350799999999999
2.48381
1.23945
-0.06350549999999999
-0.455883
1.38875
0.791619
0.400468
0.340599
0.115504
0.80187
0.69179
1.035
1.04624
0.6749
-0.49370299999999995
1.07841
0.9978379999999999
0.25347600000000003
-1.17851
0.263853
-0.3726
-0.656518
-0.765357
-2.1029400000000003
0.0460204
1.3836700000000002
0.504934
-0.193801
0.0857595
0.980944
0.676791
1.04593
0.136114
-0.30340900000000004
0.533605
0.975591
1.7468
0.767692
0.767692
0.762125
0.43823999999999996
-1.4670100000000001
-0.756663
-0.688763
-0.6054109999999999
1.06551
0.686914
1.49978
1.32545
2.16912
1.3555
1.30558
1.89619
3.00529
1.9395099999999998
0.418177
0.65256
0.288123
0.349515
0.6152449999999999
0.838678
0.595785
0.606804
1.09325
0.978045
0.6961609999999999
1.06233
0.962841
1.86486
1.85084
1.78171
0.0187983
-0.5275449999999999
1.89547
1.06925
0.830684
0.302843
0.5300779999999999
0.8505370000000001
0.21869699999999997
0.116154
0.44299399999999994
0.530791
0.530791
1.43703
0.49195
-0.495252
-0.037061000000000004
0.0237637
-0.051542
1.23476
1.6964099999999998
0.31167
0.13982999999999998
0.8008350000000001
0.511406
0.250979
-0.0366047
-0.120654
0.854591
-0.12778
-0.06702960000000001
1.0587
0.619096
0.623599
-0.20109100000000002
1.6593099999999998
0.712588
1.6538599999999999
-0.127578
-0.113827
-0.32718800000000003
-0.16754000000000002
-1.31339
-0.279893
-1.0446
-1.5659999999999998
0.147001
