-1.68375
0.117699
0.46645
-0.35783000000000004
0.603997
-1.33105
3.71446
-0.309558
0.127202
0.19055999999999998
0.8594780000000001
0.829478
0.829478
0.215959
-0.242812
-0.856454
-0.5075109999999999
1.062
1.62373
3.3045699999999996
-0.739247
0.503657
0.873411
0.939356
1.39375
2.2812099999999997
1.15307
1.8883400000000001
1.61119
1.61119
0.981347
2.27477
0.10657
0.028751299999999997
0.890042
0.44676899999999997
0.111107
-0.81139
0.174459
0.981239
0.796524
0.14868599999999998
3.06945
1.9942799999999998
1.89535
0.993878
0.157948
0.053795100000000005
-0.930909
-0.409792
1.45177
3.23345
1.90303
2.9919700000000002
-1.27472
0.8416549999999999
0.368519
1.07914
1.74737
0.0482344
0.634929
0.06270269999999999
-0.607492
0.124874
1.07459
0.363056
-0.265407
-0.181653
1.22656
-1.5396100000000001
0.607887
-2.23274
-1.13786
-0.9128879999999999
-0.5959770000000001
-0.5959770000000001
-2.0975599999999996
-1.49102
0.529934
0.165479
-1.23797
-0.182151
-0.7750229999999999
0.178566
-0.110463
-0.925858
-1.0718299999999998
-1.05241
-0.306758
-0.34069
-1.58709
-0.189952
-1.0568600000000001
-0.77328
-0.858459
-0.977455
0.5183949999999999
0.42917
-0.435641
-0.884257
0.0547646
-2.5603
-0.654778
-1.00963
-0.151363
0.991373
0.406199
-0.722761
-0.946785
-2.77319
0.155374
-0.38495999999999997
-0.774709
-1.16029
-1.3782299999999998
-0.816724
-0.70214
2.2008799999999997
-1.1951
-1.63031
0.883173
1.7403400000000002
1.10704
-0.408478
-0.8258409999999999
0.7383109999999999
0.0412212
-0.898567
1.16975
-1.2096200000000001
-2.53058
0.068083
-0.936409
0.322422
-3.7233400000000003
2.26602
0.44718199999999997
-0.977189
-0.772522
0.334965
-0.823441
2.90951
3.6081800000000004
0.572806
-0.59758
-0.259115
-0.321782
-0.916356
-0.632551
0.306784
0.0418787
0.0445061
-1.4338
2.17172
0.13400399999999998
-0.47676899999999994
-0.37804699999999997
1.47023
-0.604613
0.379736
-1.43897
-1.07559
0.197631
-1.19145
0.232327
-0.5324760000000001
-0.543083
-0.115684
-1.86965
0.019269400000000002
1.34969
0.0470914
0.0470914
0.295247
0.295247
-0.68885
0.444536
0.572815
-1.49279
-0.632022
-0.7612399999999999
-0.237132
-0.0881298
0.0604194
-0.857508
-0.9195549999999999
-0.815883
-0.7123729999999999
0.26167199999999996
-2.08043
-1.5263799999999998
-0.7871319999999999
0.27420900000000004
-0.8503370000000001
0.603544
0.168102
-0.9977469999999999
-0.31051100000000004
-0.9144629999999999
0.15191400000000002
-1.74364
-0.997266
0.10312
-0.0379587
0.29578000000000004
-0.434126
0.36595
-0.272784
-1.03277
-0.9861549999999999
-0.262241
-0.541489
0.04546819999999999
0.315628
-1.11653
-0.684709
-1.00439
-0.18362699999999998
-1.60509
-1.58691
-0.249042
0.45694700000000005
0.48578699999999997
-0.511339
-0.772648
0.98519
1.55443
-2.11522
-0.7829
2.2367
-2.00115
-1.6685400000000001
-0.223915
-0.7831140000000001
-0.040225
0.603842
-0.671605
0.037699199999999995
-0.407742
-0.178288
-0.816214
-1.44989
-1.2226299999999999
-0.09106979999999999
-0.5768340000000001
0.118871
0.07537410000000001
-0.85034
-0.261389
-0.542039
-0.894444
-0.882943
-1.4259600000000001
0.950593
-2.31165
-0.9918870000000001
-1.32745
-0.5489109999999999
-1.0841
0.184711
-0.41866400000000004
-0.47248100000000004
-0.48605299999999996
0.0319246
-0.315373
-0.294329
-0.9639469999999999
0.826406
-0.417879
-1.2842
-0.142791
-0.456474
-0.21717199999999998
-0.13686900000000002
-0.30146300000000004
-0.257967
-0.28414
0.05605980000000001
0.9355690000000001
0.9355690000000001
0.102298
1.57453
1.57555
0.00910956
-1.18899
1.1042100000000001
0.429017
0.427796
1.13296
1.13296
0.473775
-0.48052
1.7004099999999998
-1.71071
0.8999389999999999
1.35784
-2.58643
-0.6709930000000001
-0.6233850000000001
-1.24244
-0.12571500000000002
-2.2241400000000002
-0.8901709999999999
1.5927200000000001
1.7139
1.13657
1.51936
-0.7330300000000001
0.154504
0.00596336
0.246548
0.757591
0.244033
-1.72518
-0.0667631
0.252983
0.7184619999999999
-0.160146
-0.156895
-0.207213
-0.5629770000000001
4.15203
1.6240299999999999
-2.57503
0.0324709
2.20403
0.877735
-0.7850630000000001
-0.656654
0.400424
-0.25735399999999997
-0.23008699999999999
0.726352
0.487544
0.5033340000000001
2.53715
2.58911
3.0735200000000003
3.1097900000000003
0.859482
1.69892
3.64227
-1.18161
0.20690100000000003
-0.346858
-1.44065
-0.385208
0.70918
-1.55341
-0.611078
-1.10477
-0.101174
0.317392
-1.10335
-1.35074
-1.11578
0.538184
-1.32059
-0.0187194
0.40177399999999996
0.43131099999999994
-1.04426
-0.0844664
-0.8188810000000001
-1.15109
-0.24917899999999998
-0.5462899999999999
-0.00968933
-1.2147
-1.99548
0.680916
-0.382108
-0.27058499999999996
-0.320845
-0.379409
0.324436
-0.196507
0.490091
0.668833
0.83673
0.7044279999999999
-1.01216
1.9474900000000002
1.64715
1.64715
-0.355986
-1.08215
-0.669955
-1.05674
-0.0912472
-0.0746783
-0.147068
0.6118600000000001
0.40668000000000004
-0.129038
2.4996099999999997
2.66698
1.09381
-0.0457649
0.306716
-0.12258499999999999
-0.224631
-0.463279
-0.634201
-0.552299
0.147787
0.0197039
-0.692603
-0.9183309999999999
0.536954
-0.595989
0.769602
0.634468
0.910408
1.72347
1.2941799999999999
2.6817900000000003
-0.864708
-0.730787
-1.5360200000000002
-0.648215
-0.514613
-0.669588
-1.24145
0.24857600000000002
-0.6193609999999999
0.84154
-0.41646099999999997
0.22549
0.22549
0.277742
-2.28081
-1.60182
-0.397993
-0.0792419
0.5638770000000001
0.986683
-1.4796200000000002
0.344869
0.481901
-1.45906
-0.0324901
-0.7400479999999999
-0.238814
-1.64559
-1.1093
-0.141671
-0.49995600000000007
0.338898
-0.5610430000000001
0.0516035
0.104121
0.8588459999999999
0.0975795
-0.10291099999999999
-1.1873
-0.32715500000000003
0.214781
-1.54083
-0.387859
0.562823
-0.65179
-0.14715999999999999
-2.88342
