1.50922
1.51315
0.918063
0.615874
-0.25395500000000004
0.20617199999999997
0.934624
0.598826
0.551195
-0.320552
1.85703
0.060711
-0.775941
-0.00358042
-0.202666
0.34873699999999996
0.174129
-0.101381
-0.71529
0.241794
0.5276109999999999
0.18998099999999998
-0.409296
-0.46135699999999996
1.4345700000000001
-0.5159729999999999
1.9211900000000002
2.44992
0.68033
0.268254
1.1858
-0.1408
1.36754
0.09308330000000001
0.165452
0.23775100000000002
-0.32856799999999997
0.19911500000000001
0.0289372
-0.42346999999999996
-0.152842
0.142376
0.287932
0.453233
0.0418773
0.257427
0.298021
0.10886099999999999
0.452775
0.41872299999999996
0.133784
0.5164979999999999
0.781917
-0.361193
-0.107196
0.957184
0.359476
0.940434
0.090927
0.823118
0.529356
-0.21747199999999997
-0.210152
1.42784
1.91897
1.07746
0.335966
0.415076
-0.108607
0.506011
0.048302
0.8078529999999999
-0.10591600000000001
1.8068400000000002
-0.220496
0.395135
0.195995
0.023725
-0.370203
0.759746
0.5483180000000001
0.3858
0.183799
-0.677204
1.0500399999999999
0.733175
-0.14093599999999998
0.014452200000000002
1.15635
-0.24080100000000002
1.93575
-0.0395254
2.12355
1.7469
-0.435332
0.7308640000000001
0.183462
-0.10658699999999999
-0.0324607
0.0422805
1.55502
0.11835799999999999
-0.320135
1.10081
1.70413
0.407463
-0.421518
1.5089700000000001
0.186057
0.148323
1.0139799999999999
-0.10171799999999999
2.17945
0.293585
-0.294597
1.73885
1.43931
-0.0699506
-0.600151
2.64615
0.0383758
-0.179747
-0.127778
0.865483
0.34614
1.0755
0.04925569999999999
-0.158091
0.251394
-0.29180300000000003
0.0546242
-0.298627
0.8674860000000001
0.350063
-0.731112
-0.0252617
-0.5469390000000001
0.682476
0.212088
-0.259177
0.691334
0.215065
-1.09197
2.21563
1.7655900000000002
2.35479
-1.8325200000000001
0.435938
1.23031
-0.0110486
-0.88434
0.10034900000000001
0.05579069999999999
2.73788
0.788442
0.303151
1.4318899999999999
-0.862757
-0.389961
-0.35125500000000004
0.813124
0.0822614
0.40311199999999997
2.9213
-0.36384099999999997
0.06657660000000001
0.0993612
2.1167599999999998
0.332262
0.185833
0.404638
0.034554900000000006
-0.251469
0.288481
1.29354
0.956844
-1.24414
0.880078
-0.7605770000000001
-0.461388
-0.00596692
-0.409865
-0.545129
0.886026
0.47345299999999996
2.30557
-0.261352
0.625117
3.20459
0.7324470000000001
-1.64051
-0.00392628
-0.22451
-0.226399
0.204723
0.331552
0.325075
-0.26360500000000003
-2.42938
0.459347
0.581562
-0.577216
0.724655
-0.507667
1.9506400000000002
0.747069
-0.909589
-0.49151300000000003
3.05595
0.342724
1.27261
0.0918138
0.881215
0.745057
0.048214
-0.259393
-0.217691
-0.739366
-0.062285900000000005
2.83412
-0.949166
-0.24834
-0.184799
-0.571987
0.42523
0.259073
0.160574
1.64582
-0.333935
0.204595
-0.12863
0.6453770000000001
-1.77352
1.03508
0.23229899999999998
0.07880039999999999
-0.474103
-0.494762
-0.9860049999999999
-0.293988
-0.722332
1.8935799999999998
-0.175146
-0.298654
-0.13855699999999999
-0.415558
1.21389
1.51732
0.657089
0.13178
0.0971558
-0.181357
0.849791
2.4281099999999998
0.431571
-0.119123
1.38599
0.193323
-0.494845
-0.574719
-0.190038
0.09875060000000001
-0.525933
-0.997967
0.07562410000000001
0.66755
0.35081799999999996
0.29938200000000004
0.734453
0.390428
2.11643
0.31296199999999996
0.315917
-0.107972
0.560438
-0.0268731
-1.25483
-1.08779
-0.22758
0.8979520000000001
-0.09602630000000001
0.147844
0.8951129999999999
0.556181
-0.190637
0.681134
-1.10513
0.365309
-0.8642690000000001
-0.240817
-0.666078
-0.27395
-0.351245
-0.0496963
-0.255268
-0.7682180000000001
-0.856985
0.260995
-1.0354
-1.0830799999999998
-8.502979999999999e-05
0.0
0.0
0.0
-0.53298
2.37278
-0.220019
-0.000288188
0.906883
-1.0087700000000002
0.467102
0.09723
0.0
0.595534
-0.042968400000000004
-1.36781
-0.221456
-0.05749919999999999
-0.9742569999999999
0.0
0.0046022
0.17663800000000002
0.0487851
-0.151435
-0.598427
0.727654
0.651987
-0.575806
-0.0736935
0.5206310000000001
0.148295
0.603213
0.393434
-0.11683900000000001
0.0
-0.103521
-0.82649
-1.01888
-0.341036
-0.352763
-0.41926
1.04519
1.24005
-0.396658
-0.026901099999999997
0.30258
0.154579
-1.00749
1.00793
-0.5334810000000001
0.12079200000000001
0.287378
-0.676956
0.563334
0.17375
0.5293899999999999
0.0
0.297344
-0.571389
0.7210810000000001
-0.260709
-0.332786
-0.396428
-0.100595
-0.85741
-0.690576
-0.18346700000000002
0.515316
0.110306
-1.67003
-1.87655
0.94452
0.8662850000000001
-1.5464200000000001
-1.25243
-0.691463
0.07145839999999999
-0.5018779999999999
0.46159399999999995
-0.281617
-1.5648799999999998
0.275338
-1.59096
-1.04977
0.06651989999999999
-0.896438
-0.726896
0.8543360000000001
0.564603
-1.27653
-0.49970600000000004
0.9426049999999999
1.3293700000000002
-0.5457270000000001
-0.106752
0.578489
-0.0883564
-0.00977165
0.0
-0.702414
0.239481
-0.230463
-0.682841
0.297888
-0.186334
0.0
-0.175609
-1.20204
1.00769
-0.5095569999999999
-0.6269979999999999
0.47314700000000004
-0.0741836
-1.36036
-0.104594
-1.08722
-1.2213
0.919636
0.0
0.7759689999999999
-1.4846
-1.1173799999999998
0.0
-0.28880100000000003
0.894386
0.206747
0.736262
-0.784161
-0.12318499999999999
-0.267968
0.035776300000000004
0.129618
-0.35439
1.94917
-0.677393
0.223503
-0.376663
-0.196737
0.189601
0.0
1.21967
-0.610004
0.147671
0.124123
-0.10573199999999999
0.101232
-0.102853
-0.579518
0.819522
-1.02
-1.5293
0.521766
0.892491
0.993992
-0.9484610000000001
0.2188
0.232737
2.53423
-0.5761310000000001
0.0
0.220342
-0.096553
0.11233800000000001
1.10721
-0.26879699999999995
-1.02705
-0.41722200000000004
0.0
-1.48619
-0.9428629999999999
0.0877016
0.661272
0.0337861
0.162667
-0.970369
-0.5688479999999999
0.8641719999999999
-0.13885899999999998
0.31700700000000004
0.257387
1.1953799999999999
-0.8801379999999999
-0.371678
0.40742399999999995
0.145082
1.10857
0.08148680000000001
0.08045830000000001
0.0230342
-0.09333179999999999
0.520937
-0.299755
-0.9564729999999999
0.49978999999999996
0.483278
0.042502099999999994
-0.08217560000000002
-0.493904
0.9149930000000001
-0.19158
-0.033604300000000004
-0.23160999999999998
0.0
-1.75354
0.401363
-0.8482049999999999
-0.181975
-0.34021399999999996
-0.0808378
0.210733
-0.37785599999999997
-0.24921500000000002
-0.294821
-0.095836
-0.326239
-0.495554
-0.300005
-0.8200799999999999
-0.202769
1.10348
-0.877901
0.485175
0.632121
0.07915520000000001
0.906021
0.30341799999999997
0.08726539999999999
0.35840700000000003
-0.8618450000000001
-0.326527
-0.9860620000000001
0.0
0.223746
0.840778
-0.0983087
0.771876
-0.15168399999999999
0.345142
0.0
-0.213473
0.856943
0.5123489999999999
0.691992
0.0696682
-0.0843803
-1.5162
-1.004
-0.15796300000000002
0.621438
-0.32923800000000003
-0.346939
-0.705835
0.552652
0.744104
-1.0534299999999999
-0.9764299999999999
-0.333867
0.40591900000000003
-0.0604663
0.0
-0.512157
-0.47329099999999996
-0.801298
-0.513636
-2.90908
-1.21928
0.0
0.44881099999999996
-0.829358
-1.0884200000000002
0.0
0.186462
-0.203691
0.285593
0.0
-0.5414439999999999
0.322825
0.00856809
-0.205499
-0.283613
0.172795
-1.11389
-0.950794
-0.857291
-0.93273
1.35512
-0.944867
0.30201
-0.155603
-0.42111800000000005
-0.06433530000000001
-0.127863
-0.872682
-0.45772399999999996
-0.506901
-0.0828151
-0.130608
1.43165
-0.9497180000000001
-0.124671
-0.270082
-0.5943109999999999
-0.435734
-0.11318199999999999
1.42057
-0.043042800000000006
0.108457
-0.263664
-0.762729
-1.31626
0.40807
-0.634884
0.9536549999999999
-0.32211999999999996
-0.9243530000000001
0.0695828
-0.038898300000000004
-0.923384
0.0341315
0.182501
0.146066
0.00443781
-0.481462
-0.653891
0.233746
0.0
0.328404
0.0700142
0.066314
-0.333248
-0.553487
0.0
-0.179081
-0.165794
0.18984700000000002
-0.0841486
-0.875252
0.214518
-2.46145
-0.30691399999999996
0.100986
-0.388482
-0.726428
-0.452866
-0.51218
0.965714
-0.0583009
-0.687933
0.0
-0.043392099999999996
-0.21716
-0.432037
-0.129897
-1.14511
0.501979
0.00297605
0.128159
-0.120503
-0.653867
0.7434470000000001
0.18996300000000002
0.0800779
0.257878
-0.8693360000000001
0.305651
-0.0512727
-0.244804
1.49292
-0.37491399999999997
-1.1018700000000001
-0.230594
-0.601931
-0.133678
-0.978591
-0.0288071
-0.345238
0.0
-0.813997
0.358493
-0.112103
0.07555310000000001
-1.20323
0.05342080000000001
0.363371
-1.32685
0.0
-0.167796
0.0
-0.488201
0.413458
-1.13335
-0.388953
-0.299526
0.21621500000000002
-0.23730900000000002
-0.371479
0.550089
-0.7735310000000001
0.449589
-2.6047700000000003
0.043379400000000005
-0.04655669999999999
0.192905
0.7547189999999999
-0.383707
-0.877293
-0.9359729999999999
1.1418700000000002
-0.49377600000000005
0.464524
-0.575673
0.026886400000000005
-0.417202
-0.388726
0.0334021
0.861115
-0.60132
-0.188626
0.0
-0.28870500000000004
0.298593
-0.378625
-0.0816097
1.2651299999999999
0.08896710000000001
-0.0761318
-0.0494291
-0.0400685
-0.87854
-0.0451608
-0.362797
-0.9028459999999999
0.9423290000000001
0.8388709999999999
-1.6533200000000001
-0.8663379999999999
-0.894825
2.00287
-0.9828620000000001
-0.516579
-1.2349299999999999
-1.3711200000000001
-0.00136969
0.101892
-0.126185
-0.485022
0.433447
-0.06910670000000001
0.86305
0.0
0.458962
1.17959
0.115933
0.185436
0.626088
0.4336
0.502836
0.649223
0.25195700000000004
0.152516
0.0254227
-0.114352
-0.41929399999999994
-0.642306
0.0
0.12096199999999999
0.266815
-0.285801
-0.751301
0.6291180000000001
-0.206469
0.122073
-0.31848699999999996
-2.18287
0.646362
0.0435679
0.0517505
-0.0454561
0.623667
-0.298714
-1.9523700000000002
-1.07412
-0.418863
0.0
1.1596
0.5429
0.0
-1.51499
-0.054057400000000005
0.229884
0.1574
-0.703278
-0.498306
-1.25729
-0.5929
-1.33322
-0.320796
-0.14591400000000002
-1.15675
0.7570859999999999
1.03401
0.0
-0.720755
0.267986
0.537871
-0.839525
-0.08584850000000001
0.0
0.6461399999999999
-0.31822
-0.28335
0.44469200000000003
0.260257
2.08708
-0.374909
0.0
0.0
-0.49725699999999995
0.0209967
0.0909543
-0.21315900000000002
-0.388385
-1.49045
-0.715151
-0.0771668
-0.6620149999999999
0.0
-0.655263
-0.584214
0.327955
-1.25265
0.0
-1.31723
-0.967418
-0.46886099999999997
-1.05047
0.144146
-0.24624000000000001
-0.493791
-0.348693
0.2541
-0.0898211
1.17213
-0.9346389999999999
0.312705
-0.496255
0.714054
0.53251
-0.26512399999999997
0.22968899999999998
-0.7578729999999999
-1.21587
0.172132
0.27169899999999997
0.37025399999999997
-0.513871
-1.37289
-0.335056
-0.22353499999999998
-0.9030799999999999
0.739413
1.36705
-1.0716299999999999
0.527993
-0.20639000000000002
0.413739
-0.70423
-0.715357
0.42145600000000005
0.0358409
0.12448699999999999
-0.172176
0.692589
0.117307
-0.40663299999999997
-0.577721
-0.296771
-0.0633759
-0.653429
0.5255310000000001
0.327379
0.10603599999999999
-0.771526
-0.482048
0.0027478000000000003
-0.0452675
2.25485
-0.703479
-0.243871
0.273304
-1.46242
0.5522819999999999
0.23683099999999999
-0.46506499999999995
-0.08496369999999999
-0.257708
0.498341
-0.407129
0.45189300000000004
-0.25558800000000004
0.0
-0.17532799999999998
-0.0400597
1.76137
-0.892294
0.46335699999999996
0.339971
0.0353158
-0.056534400000000005
-0.45603699999999997
0.49888999999999994
-0.121651
0.378481
-0.9431
0.350198
-0.392129
0.518651
-0.47257299999999997
-0.503454
-0.515834
-0.00879225
0.824111
2.1057
0.0
-0.0014089999999999999
-0.826469
0.0
-0.0713819
-0.107932
-0.537702
-0.455783
0.0372569
0.0
-0.388305
0.46965500000000004
-0.950466
1.0941100000000001
0.154379
-0.492777
-2.218
-0.11371700000000001
-0.173376
0.0185208
0.0
0.0
-0.106028
-0.635676
0.0
-0.975726
-0.9645950000000001
-0.0486029
3.17625
-0.275698
-0.368778
-0.233078
0.126977
0.1049
