2.97167
3.11992
1.76563
2.3134900000000003
-0.09111
-0.496954
1.52294
0.9036700000000001
-0.108643
-0.726288
2.16155
0.386148
0.41462299999999996
0.5278189999999999
0.566713
0.225846
0.697862
0.0185419
0.196523
0.027008799999999996
1.1256
0.389319
-0.33369099999999996
-0.45781099999999997
2.5337400000000003
-0.7258899999999999
1.35235
2.7917400000000003
0.850873
0.010990600000000001
0.883007
-0.0355569
2.22565
0.133722
0.25341199999999997
-0.186852
-0.0499763
0.703455
1.0617
1.06051
0.438755
0.175999
-1.0993899999999999
0.452222
0.857276
1.23547
1.90536
0.44598999999999994
0.0770549
0.47053100000000003
-0.121249
0.632243
1.7792400000000002
-0.600773
-0.30033899999999997
0.113009
2.19916
1.98692
0.00225642
0.526144
0.722368
0.26073
-0.6236470000000001
0.0194174
1.3817700000000002
0.981145
-0.008295499999999999
0.34319099999999997
-0.47688
0.182862
-0.9731690000000001
0.5352060000000001
0.167257
2.9411099999999997
-0.647606
1.29105
-0.5177430000000001
-0.49648000000000003
-0.715071
1.62002
0.22835500000000003
0.194518
-0.369316
-0.14513800000000002
1.3366200000000001
2.52981
1.19757
-0.5833649999999999
0.9841340000000001
1.28905
2.19049
-0.41130500000000003
2.38325
0.272569
-0.51059
1.98406
-0.502908
-0.2491
0.00270177
0.29886599999999997
2.3503
-0.00162456
0.312583
0.745436
2.50712
0.8503430000000001
-0.30636599999999997
1.46058
0.345418
0.7726
0.614762
-0.0168125
2.2882599999999997
-0.656857
0.20874299999999998
1.78652
0.5190739999999999
-0.0241514
-0.35629299999999997
3.0611200000000003
-0.154319
-0.160751
-0.390252
1.7153900000000002
1.43931
1.77109
0.147235
0.234605
-0.649274
0.387755
-0.393633
-0.754455
0.962973
0.197241
0.6453979999999999
0.172307
-0.09698999999999999
1.38553
-0.0132685
-0.39241
-0.727263
-0.302345
0.506687
1.6502599999999998
0.643629
3.30365
-1.6647599999999998
-0.0323673
0.960149
-0.273028
0.64984
0.8593959999999999
-2.13574
3.8513900000000003
1.17369
-0.263888
2.11612
-0.738317
-0.353901
-0.304252
-1.4065299999999998
-0.13505999999999999
-0.10490999999999999
3.1386
-0.730708
0.771606
-0.96947
3.1855700000000002
-0.055378
-0.29213
-0.794465
1.39136
-1.17915
2.22611
1.00611
0.328446
-0.152186
0.766913
-1.21344
-0.5336529999999999
-0.38363200000000003
-0.54765
0.0139718
0.25142800000000004
-1.1657600000000001
3.4984699999999997
0.7228439999999999
1.92557
4.07444
1.05713
-2.02762
0.346669
1.40252
-0.8380639999999999
-0.46983199999999997
0.354455
0.387574
-0.09498999999999999
-0.74431
-0.229142
-0.114878
0.217223
-0.593741
-0.638766
3.4152099999999996
-0.456216
-0.379811
-0.183569
3.4876
1.0014
0.18851300000000001
-0.44852
0.376715
-0.017255700000000002
0.661451
1.02169
-0.17496099999999998
-0.813427
-0.683886
4.3887599999999996
-0.94431
-0.12453299999999999
0.156442
0.204183
-0.190137
-0.678511
0.00300336
1.59828
-3.06198
0.974182
-0.489994
-0.396356
-1.02545
0.484879
0.5525359999999999
-0.1941
0.277278
-0.660335
-0.344913
-0.044502999999999994
-3.41415
2.9304
0.381632
-0.45836800000000005
-1.3151
-1.2451299999999998
1.7068400000000001
1.7963
0.351898
-0.299741
0.712923
-0.0566337
2.03747
2.55483
0.788179
0.158734
0.91905
0.201062
-0.325504
-0.691684
-0.276982
-0.00656241
-0.780129
-0.7726350000000001
-1.50704
-1.4648700000000001
0.9079659999999999
1.1254
-3.31486
1.0167
3.4651300000000003
-1.50843
1.24746
-0.24766799999999997
-0.18775799999999998
0.313703
-0.7128260000000001
-1.60311
-0.615169
2.23294
1.1597899999999999
0.799003
0.561114
0.8325670000000001
-0.315938
1.5916299999999999
-0.992143
-1.22118
-2.89062
-1.52362
-1.58178
-0.056139499999999995
-0.894223
1.1180700000000001
0.342527
-0.370386
0.0318851
-0.0670858
-0.45425600000000005
0.24806
0.138525
0.0
-3.77244
0.0
-0.0658844
-0.322765
-1.3631799999999998
-0.09450800000000001
0.281896
-0.507666
-0.537072
-0.179815
0.0
1.7125700000000001
-0.535589
-1.8920099999999997
0.07293939999999999
1.5289
-0.790179
0.0
0.691272
-0.028065499999999997
0.394077
0.0403934
-0.5958760000000001
-0.23256999999999997
0.871049
-0.032541200000000006
0.125878
-0.584445
0.742069
0.261795
-0.40302899999999997
-0.788429
0.0
-0.318471
-1.48564
-0.625383
0.123623
-0.142218
0.028996800000000003
0.928874
1.15049
0.233881
-0.948902
-0.37161700000000003
-0.00027765
-0.925013
-3.4979199999999997
-2.58088
1.23669
0.914533
-1.35212
0.141066
-0.30432800000000004
0.0219473
0.0
-0.65391
0.433913
-3.35618
-1.06542
-0.192683
0.586496
0.330723
-0.6094229999999999
-1.78246
0.20738600000000001
-0.6701010000000001
0.904558
0.605387
-0.9206190000000001
0.252947
1.33827
-0.767522
-1.4148399999999999
-0.610286
-1.59408
-1.19658
-4.07749
-2.01211
-0.274931
0.505949
-0.26506399999999997
-0.518171
0.356622
-0.931103
-0.481071
0.5726829999999999
0.8517030000000001
-1.1140299999999999
-0.541646
-0.133107
1.8103900000000002
-1.1720700000000002
-0.25633
-0.0324423
0.150618
0.868664
0.0
-0.285599
1.46442
0.09660160000000001
-1.18769
0.7360770000000001
0.06277999999999999
0.0
0.043992199999999995
-0.706159
-2.2328099999999997
-0.338096
-0.796804
1.56461
-0.902802
-0.281269
0.09130260000000001
-0.290581
-2.28498
-4.15886
0.0
-2.0746599999999997
-1.4740799999999998
-0.208256
0.0
-0.052396000000000005
1.08159
0.413012
0.469247
-1.94587
0.195572
-0.00459942
1.32682
1.1448200000000002
-1.32546
0.5184880000000001
-0.427613
1.1913
0.398739
0.540183
-0.21789699999999998
0.0
0.251934
-0.808213
0.744341
1.0644799999999999
0.927768
0.767422
-3.14362
-0.6057130000000001
0.792661
0.23851999999999998
-0.0614159
1.25531
0.156129
0.276351
-0.09249550000000001
-2.42814
0.44448000000000004
3.53438
-1.3090700000000002
0.0
-0.357166
0.132868
-0.579447
-4.394340000000001
0.42460299999999995
-2.08902
0.12066600000000001
-2.86846
-2.4798299999999998
-1.2918
-0.8742989999999999
-2.52294
-1.42292
-0.283663
-0.529616
0.348432
0.238947
-1.0156100000000001
1.53623
0.7815340000000001
0.145374
-0.708318
-0.20028800000000002
0.794036
-0.11734000000000001
-3.3690900000000004
0.684344
-0.679013
0.264137
0.488717
-0.22837600000000002
-0.583431
-0.6545949999999999
0.6961649999999999
1.30839
0.7290369999999999
0.49588999999999994
-0.0421025
1.4290399999999999
0.044138800000000006
0.46821
-0.0277181
0.0
-1.63428
0.738966
-3.10318
-0.423038
0.057426099999999994
-1.08853
-2.14859
0.16383699999999998
0.25695100000000004
-4.19658
0.149811
0.250292
0.522104
-0.226787
-0.104949
0.538169
1.64335
0.397882
0.49104200000000003
1.39327
-0.109083
0.895021
0.25594
0.17570999999999998
0.07244500000000001
0.703696
0.295638
-0.74275
0.0
0.801167
0.702411
0.272807
1.0515299999999999
0.37324
0.820677
0.0
0.849009
-0.23599099999999998
-0.399674
-0.46479499999999996
0.388272
1.66937
-0.98625
-0.178774
-0.174146
-3.17104
-0.9762770000000001
-0.362657
-0.9984190000000001
-3.5922400000000003
0.885943
-0.8711139999999999
-1.56617
-0.705883
0.43849499999999997
-0.7016319999999999
0.0
-0.7367279999999999
-0.00070348
-0.0695806
-0.821142
-0.976375
-0.26263400000000003
0.0
0.22739499999999999
-0.840576
-0.424075
0.0
0.443324
0.28729099999999996
1.0902
-3.9439599999999997
0.0825066
0.24954099999999999
0.33221100000000003
-0.412667
1.33491
0.204703
-0.24666799999999997
0.19473900000000002
-0.10524800000000001
-0.387125
0.385706
-1.97976
0.5761390000000001
-0.43158
-0.575533
-0.465811
0.100133
-0.41536999999999996
-1.3044200000000001
-0.236515
1.34655
-0.31440799999999997
2.43974
0.06478210000000001
0.509555
-0.8122739999999999
-0.981611
-0.05521619999999999
0.421124
1.2731700000000001
-0.638614
0.9116190000000001
0.637509
-0.156616
0.23023000000000002
0.676816
-0.49367799999999995
-2.89918
0.895329
-1.60754
-0.484306
0.301635
0.6969029999999999
0.338791
-0.9931559999999999
0.874718
0.0701816
-0.24005900000000002
-0.6021850000000001
-1.6499599999999999
0.0
-3.9838699999999996
0.9147219999999999
1.21892
0.236454
-0.526196
0.0
-4.36667
-3.8236
1.0346600000000001
0.640696
-0.5311939999999999
0.779142
-3.15773
0.0478134
0.33237300000000003
-3.92827
-0.117969
-1.31059
-0.24959699999999999
0.918834
0.326961
0.807399
0.0
0.20792
-0.6649109999999999
-0.173691
-0.293619
-0.110819
1.2346
-0.611582
-0.05976
0.0408704
-0.058072900000000004
0.615462
0.845289
1.10667
0.527887
-1.6993599999999998
0.245167
0.028349799999999998
-3.93223
1.74472
-0.8343290000000001
-0.554928
-0.46001000000000003
-0.28784099999999996
0.0211506
0.954801
0.396124
-0.278393
0.0
-0.393371
-0.5637409999999999
0.0888715
-0.389248
-0.919845
0.17094700000000002
0.985511
-0.7294579999999999
-4.1184
0.406991
0.0
0.747166
-0.63883
-0.932373
-0.746487
-0.684254
0.334956
0.621348
-0.35784099999999996
1.5892
-1.05539
-0.127412
-1.20205
-0.430487
0.981404
0.684916
0.3907
-0.82391
0.06429019999999999
-0.05995369999999999
2.61855
-0.851289
2.45669
-1.8655599999999999
-3.3079099999999997
-0.659223
-0.6365649999999999
1.3968200000000002
-0.152308
0.162664
0.0841164
0.0
-0.179268
0.135114
0.46721899999999994
-0.27873200000000004
0.58239
-0.0942102
-0.013878
0.614408
-0.512637
-1.2314399999999999
-0.832815
-0.636447
0.098718
1.1011600000000001
0.580807
-1.21258
-0.252502
0.320497
2.7446599999999997
-2.60403
-0.564208
-0.540193
0.326759
-3.03245
1.4361700000000002
0.45650799999999997
-0.411283
0.0712426
-0.639265
0.502538
0.0
0.12596
0.465987
-0.116975
0.8491209999999999
-0.622104
-0.539321
1.25501
1.04998
0.522383
-1.71432
0.532779
0.22270900000000002
-0.035884
-0.237477
0.0
-0.047263099999999995
-2.16627
0.0485724
0.34793
-2.26499
-0.227649
-0.52972
-0.49778599999999995
-0.723888
-0.30853400000000003
-0.523159
1.78774
0.452363
0.919175
0.0892561
-0.789639
-1.0439399999999999
0.7360680000000001
0.0
0.544637
0.49375699999999995
-3.5871199999999996
-0.0471955
-0.763504
0.563654
1.58124
-1.3617299999999999
-0.914158
-0.511211
-0.08465980000000001
-1.2353
-0.8451
1.19756
-0.173174
0.113997
2.33015
-3.70561
-0.7887930000000001
0.635004
-0.6196699999999999
0.11798399999999999
-0.30695100000000003
0.0
-0.342369
0.416595
-0.0915286
0.30343400000000004
0.288862
2.03537
0.0856086
0.0
0.0
0.7023159999999999
-0.0133601
-0.389802
-0.12600899999999998
0.101132
-0.17451
-0.748678
1.13519
0.44592600000000004
0.0
-0.0633381
-0.282789
0.256274
-0.743794
-4.08275
-0.39469
-1.12679
-0.342357
-0.42364799999999997
0.180162
-0.538127
-0.0330533
0.534866
-0.7613260000000001
1.15469
0.744876
-0.196294
0.183533
-1.38311
0.564688
0.716191
-0.8655579999999999
0.43294499999999997
-0.920484
-0.623784
0.8130970000000001
0.047686900000000004
-0.577678
0.412455
-1.3886100000000001
0.397727
-1.30446
-0.24491100000000002
1.53369
-3.0918
-1.0854
-0.41584099999999996
-0.362092
-0.296317
-0.683029
-0.463136
0.876432
0.49363100000000004
0.505238
-1.9202400000000002
-0.44145
0.10965599999999999
0.139098
-0.148072
1.33046
0.0714482
-0.11299300000000001
0.657487
-0.193576
-1.09209
-0.2817
0.702592
0.622252
0.254826
2.66305
-0.8585659999999999
-0.0398221
0.679021
-0.606223
-0.305583
1.00511
-2.80856
-1.03993
0.08412510000000001
-0.5368850000000001
0.158665
-0.23233299999999998
0.9531350000000001
0.0
-1.08012
-0.48619700000000005
1.11514
0.0654234
0.30343200000000004
0.6536810000000001
1.16161
0.46124499999999996
-0.393426
0.785172
-2.45379
0.0789225
-0.371575
0.956765
0.18229700000000001
0.691244
0.061998300000000006
-1.2175799999999999
0.7499600000000001
0.029809
1.20131
3.3169199999999996
0.0
-3.51336
-2.95666
0.0
-0.168301
0.150713
-0.336971
-1.3513899999999999
0.605871
0.0
-0.622216
0.825592
-0.6281869999999999
2.46422
0.793087
0.39819099999999996
-1.86343
-0.44277700000000003
0.189781
0.642592
0.0
0.0
0.474339
-1.39778
0.0
0.150799
-0.977503
-0.994834
3.5973800000000002
0.47570500000000004
-0.23028099999999999
-0.6371399999999999
0.436233
-0.24934699999999999
