0.263936
0.709551
0.728409
1.13634
1.57322
2.3367
0.643726
-0.5982149999999999
1.6465400000000001
0.39851
1.61481
1.45343
0.285269
-0.47121599999999997
0.6796800000000001
1.85017
1.7501
-0.49458100000000005
0.038442800000000006
1.06923
0.143218
0.986799
0.0429839
2.3180099999999997
0.8418030000000001
0.23116599999999998
0.626618
1.1805
1.34425
2.22799
1.3847
0.257548
0.512848
1.64042
1.02643
1.5998299999999999
-0.162725
-0.128175
1.9937099999999999
-0.030848900000000002
-0.521432
1.00892
-1.56693
-0.359477
2.18961
0.9555110000000001
1.2384700000000002
0.208515
0.7175090000000001
-0.0755964
1.47055
1.47343
-0.44163500000000006
0.55887
0.393295
0.28378600000000004
0.8478120000000001
-0.199071
1.55847
1.01547
-0.102567
-0.548872
0.622103
1.13446
0.9639340000000001
0.38301599999999997
0.378118
-0.455218
0.8920950000000001
-0.233027
-0.011592299999999998
1.14376
0.32797800000000005
1.55176
1.53136
2.04942
0.644042
0.8928729999999999
-0.9902620000000001
1.98805
1.2322899999999999
0.49013599999999996
0.7082970000000001
0.500364
1.78303
-0.1426
0.984669
0.12025699999999999
1.20669
1.43546
1.33143
0.946408
1.01453
1.23456
0.932873
0.88146
2.2536099999999997
1.78667
1.0465200000000001
1.41409
1.49652
1.7644799999999998
2.07254
-0.366242
1.72052
1.61534
1.5396299999999998
1.29229
-0.15393900000000002
0.39008400000000004
0.239206
-0.13726300000000002
0.705489
1.13034
0.652093
0.9114700000000001
0.642077
-0.792289
0.803469
0.378653
1.41893
0.785088
0.181816
0.342731
0.724829
2.36766
0.8817389999999999
0.670475
2.0816
0.46924899999999997
-0.12076700000000001
1.2092399999999999
0.5457
0.462092
-0.20383099999999998
2.23893
0.949385
1.5784799999999999
0.907697
0.577142
0.37034
1.68651
-0.9481729999999999
0.536612
0.9034129999999999
1.49061
-1.82697
0.681197
0.9504020000000001
0.318749
-0.045944
0.43573100000000003
-0.750175
-0.15994
0.352637
1.2859
0.365215
0.8606969999999999
-0.5233979999999999
0.33434400000000003
-0.963393
1.03332
0.663998
1.38704
0.001794
-0.11723499999999999
0.369551
1.04319
0.43453400000000003
0.7423850000000001
-0.044423000000000004
0.708367
-0.639824
0.8597459999999999
1.5084899999999999
1.45904
-0.55796
0.840482
-0.457319
-0.663373
1.18275
-0.719016
0.271833
0.720963
-0.12721500000000002
1.51003
-1.1835200000000001
1.3796899999999999
1.00329
0.263204
-0.561787
0.8912370000000001
0.322301
-0.102212
1.69828
0.42785
-0.548007
-0.474973
-0.40717800000000004
1.16149
-0.0989844
0.70303
1.7297099999999999
1.0620100000000001
1.30625
1.1629399999999999
0.736179
0.520282
0.9905079999999999
1.21617
1.3531600000000001
1.53193
-0.21685900000000002
-0.277489
0.754975
-0.6040979999999999
0.523142
-1.2802799999999999
-0.639213
1.6456
-0.261851
0.756417
-0.505835
1.12816
2.66863
0.48811800000000005
-1.14419
0.334079
-0.0553941
0.06897260000000001
0.243637
0.829569
-0.5511199999999999
1.10264
0.583868
0.656413
-0.772436
-0.761663
0.15072
-0.360968
-0.229158
1.25074
1.59303
0.315984
0.0462275
-0.813613
1.24157
0.648277
-0.22830300000000003
-0.601196
0.732338
0.76832
1.16323
0.562435
0.393721
0.36953
0.813839
-0.493641
-1.09054
1.2528
1.318
1.55423
0.45296099999999995
0.532201
0.5727770000000001
-0.0798924
-0.382739
-0.0602452
-2.10253
0.897559
1.4108
-1.2568700000000002
0.784261
0.951924
1.34528
1.6176700000000002
-1.50595
-1.23374
0.21709299999999998
-0.017516
-0.34178200000000003
0.221886
0.207229
0.7939890000000001
0.14361300000000002
-0.612004
-1.59181
-0.458715
-1.0873899999999999
-0.5345409999999999
-0.44175600000000004
0.322704
-1.8768
-0.5736979999999999
-0.8789969999999999
-0.400963
-0.284014
0.124325
-0.6973229999999999
-0.254988
-0.404643
0.0
0.0
0.0
-0.926997
0.278099
-1.19899
-0.0112277
-0.481408
-0.577129
-0.100125
-0.602223
0.0
0.14260499999999998
0.0456753
-1.06644
-0.271135
0.255438
-0.9681280000000001
0.0
-0.611872
-0.626925
-0.22494099999999997
-0.747214
-0.215903
-0.523604
-0.11767999999999999
-0.434883
-0.07067589999999999
-0.564611
-0.380239
0.76057
-0.269356
1.17468
0.0
0.44271800000000006
-0.721859
-0.679063
-0.0490906
-0.26666
-0.404423
0.0359661
0.00297583
-0.069227
-0.385975
-0.373898
0.239734
0.27576999999999996
0.0
0.43997600000000003
0.0644231
0.06500349999999999
-0.880132
-0.0444761
-0.669339
-0.0206335
0.0
-0.437407
-1.19448
-0.12791
-0.333968
-0.521382
-0.766718
-0.209017
-0.806409
0.25008600000000003
0.633657
-0.766526
-0.593041
-1.1751200000000002
0.00530822
-0.12606099999999998
1.86638
-1.5025600000000001
-0.399942
-0.41615699999999994
-0.6301680000000001
-0.36193800000000004
0.0428051
-1.9974299999999998
-0.620974
-1.28814
-1.2138799999999998
-0.769517
0.67778
-1.02875
-0.67347
-0.677359
0.480907
-1.7471700000000001
-0.619316
-0.0670898
0.9101879999999999
-0.772362
-0.24607199999999999
0.33892100000000003
0.183087
0.47535600000000006
0.0
-0.382272
-0.506774
-0.895697
-1.2692
-0.44391099999999994
-0.15031
0.0
0.212903
-0.489306
-1.32613
0.00834809
0.349941
1.08333
-0.014702200000000002
-1.19156
-0.8050229999999999
-0.071618
-0.9815520000000001
-0.303782
0.0
-0.813763
-1.76511
-0.22607800000000003
0.0
-0.631728
1.37101
-0.743808
0.464624
-0.8938450000000001
-0.0925538
-0.697962
0.12006900000000001
-0.21121700000000002
-2.45661
0.6863090000000001
-1.08477
0.026445299999999998
-0.0744283
-0.022631099999999998
-0.00240777
0.0
-0.493137
-0.42200699999999997
0.595924
0.0920642
0.38985
1.42268
1.51292
-0.88313
-0.198124
1.49634
-0.017900299999999997
0.175254
0.106485
0.051699300000000004
-0.370319
-0.369733
-0.617735
0.493212
0.0194812
0.0
0.00590684
0.157949
-0.8435590000000001
-1.64419
-0.864174
-1.01257
0.499813
-0.170968
-1.2807
-0.539583
-0.55089
-0.551559
-0.134434
-0.203215
-0.1853
0.0611524
-1.49268
-0.990144
0.574353
-0.46869799999999995
-1.07027
-0.19092
-1.18201
0.176228
-0.459818
0.34469099999999997
-0.625233
-0.450351
-0.9108450000000001
0.144591
0.33126700000000003
-0.5141789999999999
-0.13855599999999998
1.00611
0.031068000000000002
-0.40153099999999997
-0.276025
-0.15616
0.0508635
-0.498378
-0.660644
-0.0504487
0.0
-0.57157
0.594861
-1.44238
0.384878
-1.30911
0.208217
0.748139
-0.106224
-0.635496
0.387252
0.8929819999999999
-0.409402
0.46895699999999996
-0.9650770000000001
-0.101007
1.03053
0.611003
-0.33500100000000005
0.221321
-0.203346
-0.534003
0.993231
-0.44926499999999997
-0.223347
-1.08695
-0.331965
-0.317948
-1.29274
0.0
0.746237
-0.740275
-0.0695608
-0.689992
-0.5204409999999999
0.147214
0.0
0.9850979999999999
0.8232459999999999
-0.13689
-1.07378
-0.194918
0.289274
-1.42025
-0.939846
-0.7188979999999999
-0.46106
-0.384666
-1.47985
0.22577600000000003
-0.239947
0.0106824
-0.630339
0.535468
-0.298177
0.528104
-0.48147700000000004
0.0
0.7004600000000001
-0.616233
-0.42793100000000006
-1.06475
-0.9676889999999999
0.308208
0.0
1.73625
-0.0242592
0.0542503
0.0
-0.351071
-1.0170000000000001
-0.0957067
0.0
0.0997694
0.651287
-0.783679
-0.277645
0.24719699999999997
-0.297951
-0.477372
-0.297513
-0.238639
-0.641306
-0.505231
-0.536392
0.496025
-0.267268
-1.2989
-0.489753
0.25072
-0.8261459999999999
-0.681466
-0.23863499999999999
-0.660609
0.198211
-0.47751000000000005
-0.13333499999999998
-0.289037
-0.322348
0.59712
0.625846
0.216268
0.00562167
-0.860022
0.31402800000000003
0.08033910000000001
-1.56673
-1.00984
-0.09195439999999999
-0.103121
-1.1391799999999999
-0.282661
0.33629699999999996
-1.3216700000000001
-0.530359
0.045718199999999994
0.28244400000000003
-0.131165
-0.382822
-0.570312
-0.7018479999999999
0.44698000000000004
-0.45343
0.0
0.0
-0.140736
0.346688
-0.574407
0.161716
0.0
0.11929300000000001
-1.56168
1.60519
-0.40575300000000003
-0.9314540000000001
0.316331
-1.60546
0.5004689999999999
-0.199676
-0.663197
-0.899149
-0.5488
-0.5362020000000001
0.19379200000000002
-0.315538
-0.0413167
0.0
0.5231359999999999
-0.272364
-0.813852
-0.509425
-2.61386
-0.17310999999999999
-0.6032649999999999
-0.521776
0.335477
-0.195108
0.470396
-0.304706
-0.8772190000000001
-0.111326
-0.17413199999999998
0.379801
0.154348
-0.051674300000000006
0.0184515
-0.840268
-1.05239
-0.834775
-0.268795
0.142618
-0.0882406
-0.38456799999999997
-0.285081
0.0
-0.356217
0.32063400000000003
-0.33722399999999997
1.2549700000000001
0.203528
-0.96411
-0.344369
-0.734725
0.0
-0.311554
0.0
0.943786
-0.23704
-0.527414
-1.16054
-0.0695191
0.553892
-0.320285
-1.06275
0.0378909
-0.9035620000000001
1.2272100000000001
-1.80867
0.804239
-0.641679
0.8270370000000001
-0.018934599999999996
-0.596381
-0.0654475
-0.48535900000000004
0.529517
0.125393
-0.37699699999999997
-0.995179
-0.967692
-0.20888
-0.0812906
-0.238827
-0.87771
-0.5375300000000001
-0.27866399999999997
0.0
0.9095129999999999
0.451899
-0.14668
0.442446
1.45694
-0.22273800000000002
-0.393811
-0.8790180000000001
0.203292
-0.839292
-0.755679
-0.160029
0.0791289
-0.311542
-0.686813
-0.547357
-0.93955
0.0990338
-0.921149
0.7711979999999999
-0.40270100000000003
-0.710855
-1.21573
0.217477
-0.5984010000000001
-0.458204
-0.7431939999999999
-0.458066
0.102398
0.20601599999999998
0.0
-0.459354
0.06372090000000001
-0.298669
-0.364332
-0.0878535
0.27576300000000004
0.532157
-0.206134
0.590492
0.298824
0.23856
0.24228400000000003
-0.152815
-0.010248
0.0
-0.936776
-0.886498
-0.514757
-0.354055
-1.47712
-0.31866700000000003
-0.684987
-0.316081
-0.10617
-0.9638680000000001
-0.0612839
0.47661000000000003
-0.406956
-0.194299
-0.857334
-2.08643
1.0337100000000001
0.814445
0.0
0.272512
-0.0032833
-0.170968
-1.16135
-1.36671
-0.415343
0.10293699999999999
-0.49580100000000005
-1.2384700000000002
-0.13808
0.464268
-1.71165
-0.15441
-0.126921
0.910106
0.49356099999999997
1.36064
-0.937371
-1.30429
-0.506438
-0.89565
-0.018388099999999998
-0.142051
0.0
-0.8030229999999999
-0.16942000000000002
-0.368777
1.9162400000000002
-0.694589
0.603504
0.977282
0.0
0.0
-0.0981667
0.691104
-0.562094
-1.01108
0.0995711
-0.617175
-0.159802
-0.277573
-0.600378
0.0
-0.14218699999999998
-0.100466
0.00730684
-0.648634
0.0
0.154962
-0.451683
-0.9833780000000001
-0.37483099999999997
-0.9400120000000001
-1.08696
0.30033899999999997
0.18141600000000002
-0.716975
0.283005
0.6491859999999999
-0.8825270000000001
-0.5958289999999999
0.351939
-0.214879
0.704547
0.711756
0.181061
0.423043
-0.214106
0.25764499999999996
-0.21842399999999998
0.19528900000000002
0.55528
0.487375
-0.135408
-1.38726
0.252235
0.743003
-1.59035
-0.46263699999999996
-0.647317
-0.559846
0.12415699999999999
-0.946449
0.48702
-0.0622545
-0.0939319
-1.0198399999999999
-1.39394
-0.33928400000000003
0.08447660000000001
0.571878
-0.779496
0.147122
-0.525593
0.05708
0.533413
-0.391507
-0.11311600000000001
0.5700890000000001
0.268086
1.18327
-0.312208
-0.563025
-0.520655
0.031878500000000004
-0.357092
0.399661
1.5276399999999999
-0.43095600000000006
0.0203662
-0.50131
-0.5219590000000001
-1.62588
0.272794
-1.40812
0.543899
0.0
-0.571188
-0.46385200000000004
0.282061
0.248946
-0.701092
-0.55776
0.393493
0.6527729999999999
0.863547
0.656853
-1.06771
-0.0221998
-0.588284
0.177483
1.51709
-0.0845523
-1.26055
-0.8450780000000001
0.0733323
0.359304
1.5136100000000001
0.741508
0.0
-1.1092799999999998
-0.796211
0.0
-1.28013
-0.133244
-0.399452
-1.08315
-0.268762
0.0
-0.962458
0.302624
-0.46579
0.414232
-0.482404
-0.576584
-0.657122
-0.5482859999999999
-0.366534
-0.516246
0.0
0.0
-0.350993
1.2459200000000001
0.0
-0.8983399999999999
-1.01699
-0.76781
0.610445
0.0303281
-0.889135
-0.0340727
0.527345
-1.06964
