0.7475430000000001
-0.0461096
-0.684022
-1.01405
0.27716
1.3276700000000001
1.8714099999999998
1.68691
1.6640099999999998
1.20108
1.69173
1.51111
1.51111
0.287195
0.995755
-0.300296
1.0265600000000001
0.9443590000000001
1.49115
2.13049
-0.318845
2.24979
1.82808
2.48644
2.7911799999999998
2.4630099999999997
4.34861
4.523969999999999
3.22981
3.22981
2.01358
2.80131
3.27572
0.24669899999999997
-0.0622254
-0.26122199999999995
1.9666700000000001
1.25769
1.79362
0.832775
0.0599347
0.78813
2.48894
2.06503
2.71814
0.485429
-0.601092
-0.0879229
-0.22485500000000003
-0.368766
1.25013
2.9191
0.363565
0.99213
0.358147
-0.101637
0.9861790000000001
0.619077
1.41539
0.432824
-0.128643
1.30065
1.09053
0.21898099999999998
1.9162599999999999
0.915226
0.590489
0.285164
1.51819
0.561875
0.057774599999999995
-0.335122
0.7770229999999999
-0.655898
-1.0766200000000001
-1.0766200000000001
-0.09437739999999999
0.06041950000000001
1.0056100000000001
0.8901610000000001
1.5833899999999999
2.23153
1.43897
0.638828
0.624081
0.91138
0.522687
-0.267808
-0.435036
1.2933299999999999
-1.20862
1.43956
1.2387700000000001
0.482133
0.9238700000000001
0.812837
2.3879099999999998
0.49355
1.28692
0.0289353
0.12111500000000001
0.730791
0.08806019999999999
-0.5459350000000001
-0.08217999999999999
0.104529
0.23089099999999999
0.024284299999999998
0.252652
-1.7312900000000002
-0.360581
0.142554
0.998714
-0.541225
-0.28242
-1.35715
-1.6299299999999999
1.4786700000000002
1.9149599999999998
0.408294
1.9585
2.3797900000000003
1.7416
-0.282503
-0.550817
2.1863799999999998
-5.0957099999999995
-0.508506
0.663479
0.11771500000000001
0.100276
-0.0485837
0.330464
0.129949
0.149173
1.90448
2.5919
0.344225
-0.871505
0.07826219999999999
0.891178
2.74179
1.89788
-0.10189
-0.430542
1.2394399999999999
0.898418
2.11422
1.13828
-0.07555830000000001
-0.709609
0.405276
0.253015
2.3700099999999997
0.953048
0.652983
0.571388
0.769722
0.348391
0.974409
1.76043
1.63211
0.723368
0.0287498
0.600847
0.346668
-0.186345
2.3077
2.72148
0.726834
1.5496299999999998
0.9588709999999999
0.9588709999999999
1.3624399999999999
1.3624399999999999
0.59628
-0.218694
0.196774
-0.08591610000000001
-0.273735
0.5557479999999999
1.13838
1.7337099999999999
2.52878
-0.296552
0.628866
0.29480700000000004
0.23699800000000001
0.914365
0.755649
0.599321
1.51251
1.57713
0.45401899999999995
0.173334
0.35213
0.23167800000000002
0.821734
1.6845299999999999
3.06222
-0.9850780000000001
0.345529
-0.657713
2.0842099999999997
3.06986
1.79846
1.82256
1.80502
-0.640202
2.4555599999999997
0.64005
-0.041411500000000004
0.12095299999999999
1.4264299999999999
1.56669
-0.44136000000000003
-0.289746
-1.19692
-0.517258
1.6056700000000002
0.41097700000000004
1.41483
1.57595
1.6053
0.31137600000000004
1.05284
1.05088
-0.0579707
-0.556606
-4.11505
-0.41654399999999997
1.5864
-0.18853
1.05512
0.06039680000000001
1.99327
0.29949699999999996
0.192608
-0.49980399999999997
0.796281
-1.30091
-3.9765699999999997
-0.314577
-0.18425999999999998
1.0651700000000002
0.994659
1.43028
-0.321556
-0.403065
0.717002
-0.0123657
0.104219
0.817508
-3.33468
-0.11041300000000001
0.395031
0.0959697
0.556149
1.0665
-0.27021
0.7951739999999999
0.17716500000000002
-0.422306
-0.9564389999999999
-0.0794424
-0.0953139
-0.5554140000000001
-0.421308
-0.752911
1.01168
0.409441
1.30597
1.08249
1.9207599999999998
0.08379600000000001
1.12428
0.986081
1.11253
0.8306690000000001
0.8306690000000001
0.147207
1.68597
2.09218
1.43676
1.13279
2.28309
1.73528
0.588087
2.10575
2.10575
1.13721
0.741949
0.060672000000000004
-0.100776
-1.38059
-1.03863
-1.68935
-1.3049600000000001
0.5499470000000001
-0.033555400000000006
0.8860299999999999
1.7658099999999999
0.734383
3.28335
1.8583900000000002
1.8459900000000002
1.28944
0.177733
0.699946
1.2385
1.10727
1.6956900000000001
2.05487
0.0609562
-0.703724
2.63889
1.38758
-0.100776
0.0345461
1.1767100000000001
1.6202299999999998
2.60784
3.7242800000000003
2.08525
1.00825
1.05271
1.24662
0.0832307
0.322832
0.30964200000000003
0.21828499999999998
-0.398456
1.5977700000000001
3.14062
0.35228000000000004
-1.0335299999999998
0.8428760000000001
1.69606
2.38077
-0.0924139
3.4072699999999996
2.14938
2.02523
1.6912200000000002
0.699331
1.16631
0.823926
1.1024
1.1692799999999999
0.982993
0.273712
1.58356
-0.148168
-0.183693
1.89825
1.9679200000000001
0.418455
-0.24110700000000002
0.589825
0.672999
-0.150304
0.401069
0.353604
0.136181
-0.27432199999999995
0.296016
0.21608400000000003
1.2833299999999999
0.5081180000000001
-1.25289
-0.989347
-0.15401199999999998
-0.246167
-0.06514640000000001
0.737294
0.46585299999999996
0.0789058
1.29855
0.00213504
-0.30595900000000004
1.45628
1.22959
2.14994
1.5448
1.5448
1.18652
-0.050096499999999995
0.8260770000000001
0.0347462
0.765992
-0.184394
0.16509300000000002
2.05599
3.25116
1.2397200000000002
2.3060400000000003
2.50299
2.11476
1.8596099999999998
1.9770299999999998
1.4951
0.776881
0.617247
2.21259
0.205898
0.654329
-0.0273988
-0.131205
1.63267
1.1941700000000002
0.41626599999999997
1.7963900000000002
0.8722790000000001
2.46813
2.12338
1.53655
2.89262
0.9599340000000001
-0.8678540000000001
0.61177
1.23452
1.7252900000000002
0.1902
0.8274969999999999
1.0505799999999998
0.774342
0.8646940000000001
1.01986
0.587094
0.587094
0.8943610000000001
0.613978
0.26732
0.693419
0.285453
0.684425
0.772998
-0.33022399999999996
-0.176148
0.292116
0.6668270000000001
0.255668
0.9141040000000001
0.170721
0.292916
-0.0552952
-0.0809684
0.44476899999999997
-0.8766309999999999
0.5860380000000001
1.24768
0.0980835
1.18612
1.18898
1.54241
-1.2017
0.446626
0.767946
-0.511011
-0.13764500000000002
-2.2183
-1.0457
-0.408196
-1.36475
