-0.573702
0.049430800000000004
0.34721599999999997
0.494183
1.57935
1.1638700000000002
-1.14205
-0.897148
-0.11189
-0.498418
1.7842
0.049979699999999995
-0.617387
-0.6343439999999999
-0.142853
2.9627
0.505749
-2.19381
-0.87436
-0.5392170000000001
-0.443384
0.258651
-0.986591
1.9530299999999998
-0.144976
3.9097699999999995
1.52789
0.260023
0.45679899999999996
0.885626
0.9182309999999999
-0.106056
-0.0773992
1.32155
-0.555894
5.02926
-0.260429
-0.931206
0.48490600000000006
-1.83828
-1.93645
0.7221810000000001
-1.9155900000000001
-0.7533989999999999
0.23997
-0.218596
0.028229200000000003
-0.52956
2.46953
-0.202882
1.8609900000000001
0.640149
-0.0935788
-0.38503899999999996
0.377799
-0.761187
1.8094700000000001
-0.148336
2.68816
-0.036659
-0.8781610000000001
-1.13161
-0.798303
3.1787099999999997
-0.249
-0.6361220000000001
-0.56647
-0.788222
-0.897731
-0.817313
0.46078500000000006
-0.256974
3.18391
0.168759
5.2617199999999995
1.37929
3.61611
4.22391
-1.55546
4.0464
5.1193599999999995
-0.332957
3.806
-1.35319
0.29091500000000003
2.92862
0.0698421
1.38865
0.166045
0.57762
0.07897760000000001
0.0757122
1.8455
2.99427
4.47619
2.4117900000000003
-0.5809489999999999
0.7399020000000001
0.197071
2.7881400000000003
0.18116
2.55056
2.54108
-0.481836
1.31312
1.03864
0.553426
3.7873699999999997
-0.45956199999999997
-0.358427
2.01418
-0.736456
1.18064
0.811204
0.31808400000000003
1.19339
0.709167
-0.429638
-0.945724
0.455405
2.8105900000000004
0.269547
0.649964
-0.9171530000000001
0.21050300000000002
0.46674499999999997
-0.536846
6.13094
3.43339
2.2492400000000004
4.5129
-1.48234
1.3935600000000001
-1.10575
-0.887057
-0.0188872
1.06548
0.8981100000000001
3.3344400000000003
0.359584
-0.8791559999999999
1.00062
-1.6742400000000002
2.38469
2.0670599999999997
3.48043
-1.4039700000000002
1.19642
3.17488
4.21293
-0.690652
0.235945
-1.39688
0.0998462
0.348231
3.79523
0.607708
4.33697
-1.1058700000000001
5.03594
-1.12315
3.4956400000000003
4.77252
2.66796
-0.40985299999999997
-0.9648629999999999
4.40284
3.52595
1.42083
2.94482
-1.0971600000000001
0.113141
-1.67
1.80476
3.3713800000000003
2.6608099999999997
-1.25874
5.72896
-0.269809
-0.761995
3.9913800000000004
-0.35844299999999996
2.8788
3.25679
-1.05518
3.19404
-0.201017
0.584613
1.4268299999999998
1.01685
-1.06544
3.6479
-0.48055299999999995
-2.19528
5.423719999999999
0.765205
-0.848664
-0.0621783
-1.84083
2.9620900000000003
-0.467825
3.4516199999999997
1.91515
3.50423
3.6808400000000003
3.5143
4.7514199999999995
2.9079200000000003
2.5103299999999997
0.931126
4.54531
2.16903
0.12380999999999999
-0.05580209999999999
2.85028
-0.8255680000000001
3.72497
-1.7446400000000002
-1.41203
2.31869
-1.12884
4.18387
-1.94048
3.17047
1.2708700000000002
4.59868
-0.879325
0.8757209999999999
1.53304
-0.377708
-0.7443420000000001
3.70462
-1.45633
1.36744
0.37716700000000003
5.06683
-0.8477040000000001
-1.13513
-0.34673000000000004
-0.0928527
-0.146704
3.05092
3.32951
4.2986699999999995
-1.19223
-1.07008
3.1764900000000003
1.3451799999999998
-0.302333
-1.19035
0.332237
3.8610900000000004
0.800651
0.7408819999999999
-0.912158
3.44685
3.27874
-0.730128
-0.7419060000000001
2.07782
4.1893199999999995
5.0539
4.90163
4.16626
3.0367900000000003
-0.320273
-0.812613
0.153973
-1.74148
0.865944
2.79403
-1.4270100000000001
0.154841
2.08002
4.50667
3.938
-2.2717
-0.335861
4.69157
0.679776
-0.7817270000000001
-0.498648
0.251483
0.11988399999999999
-0.586234
-0.777784
-1.02731
-0.47097700000000003
-3.31699
-1.9683
-1.3551
-1.19844
-1.1436600000000001
-2.3664400000000003
-1.3688200000000001
-1.38687
-0.82705
-0.566426
-2.09933
0.465584
-1.8446799999999999
0.0
0.0
0.0
-1.6613799999999999
-1.1872
-2.23955
-0.608225
-1.12515
-1.0232700000000001
-2.51365
-0.854607
0.0
-0.508207
0.634147
-2.06032
-1.02283
-0.61446
-1.42511
0.0
-0.6063689999999999
-0.5259659999999999
-1.23224
-0.439888
-0.46846800000000005
-1.49478
-0.37438
-0.981986
-0.513691
-1.2784200000000001
-0.747466
0.175282
-0.22517600000000002
-0.603017
0.0
-1.11717
-1.21108
-0.689142
-0.39261999999999997
-1.76237
-1.4459
-0.41608
-0.38476
-0.9396549999999999
-0.549244
-1.54334
0.537466
0.47131300000000004
0.0
0.354545
-0.0871009
-1.63557
-1.10359
-0.955889
-0.8182649999999999
-0.9532959999999999
0.0
-0.657403
-0.873246
-0.408287
-0.854092
-0.899392
-1.2927600000000001
-0.890202
-2.18697
-1.8458700000000001
-1.0570899999999999
-0.491112
0.168613
-0.904992
-0.175718
-0.576929
-0.179594
-1.9027
-1.30449
-0.541084
-0.44635600000000003
-0.385279
0.029443
-2.19449
-1.18908
-0.768696
-0.7516
-1.94245
0.316605
-1.4076600000000001
-0.856881
-0.803137
-0.35831
-1.60327
-1.3129600000000001
-0.715095
0.298979
-1.67977
0.321153
1.42466
-0.43297399999999997
0.14794300000000002
0.0
-0.353039
-0.665734
-1.20056
-1.76056
-0.384417
-0.9404870000000001
0.0
-0.329953
-1.88248
0.14244500000000002
-0.566144
0.00218055
-0.216033
0.5830850000000001
-1.00004
-0.46279899999999996
-1.44438
-2.0354799999999997
-1.49291
0.0
-1.07281
-1.31626
-2.89247
0.0
-0.9744950000000001
0.5208520000000001
-0.405695
-0.179895
-1.35144
-0.214179
-0.7545029999999999
-0.48152799999999996
-0.777509
-1.91398
-0.781615
-1.68708
-0.258765
0.734305
-2.1063
-0.9289360000000001
0.0
-0.277983
-1.75902
-0.805309
-0.035111699999999996
0.30962
-0.7072510000000001
0.43968199999999996
-1.1084100000000001
-0.947217
0.012301799999999998
-0.742937
0.5085350000000001
-0.899436
-1.33115
-0.640597
-0.346073
-0.9585030000000001
0.0999288
-0.796538
0.0
-0.46966499999999994
-0.992657
-0.11069000000000001
-2.47925
-0.894917
-1.4018700000000002
-0.27053699999999997
-0.170968
-1.1497600000000001
-1.2640200000000001
-0.73634
0.33409
-1.09254
-0.950083
-0.529241
-0.617869
-0.706857
-0.381125
-0.701781
-0.641938
-1.6848299999999998
-0.339159
-0.9741719999999999
-1.48743
-1.38676
-0.117862
-0.197572
-1.45386
-1.49022
-1.2096799999999999
-1.19868
0.147303
-1.45546
0.133525
-0.8735959999999999
-1.52409
-1.22841
-0.8288200000000001
-0.39976999999999996
-1.02324
-1.31294
-0.452533
0.0
-0.9498340000000001
-0.208544
-1.72481
-0.0783879
-2.41466
-0.960499
0.227425
-0.8041149999999999
-1.27685
-0.328509
0.193994
-1.63646
-0.18037899999999998
-0.489008
-1.22179
-0.43724399999999997
-0.310446
-0.255542
-1.17785
-0.447851
-1.50454
-0.0966433
-0.809186
-1.06169
-2.1059900000000003
-0.6698689999999999
-0.840636
-1.6359
0.0
-0.288031
-1.0004899999999999
-0.148861
-0.155886
-1.08493
-0.549253
0.0
-0.0375869
0.362592
0.0263857
-1.53542
-1.45359
0.061717799999999996
-1.46879
-1.49991
-1.10893
-0.015487700000000002
-2.14437
-1.31313
-1.59162
-0.0615556
-0.718778
-0.447829
0.0107446
-2.3599099999999997
-0.1902
-2.63519
0.0
0.61158
-2.24586
-0.749262
-1.35955
-2.2911799999999998
-0.714674
0.0
1.13924
-1.2952700000000001
-1.21925
0.0
-1.1498
-0.800304
-0.86929
0.0
-0.55198
-0.217933
-1.37658
-0.8617879999999999
-0.108043
-1.37511
-0.584886
-0.40188
-0.947634
-1.02785
-0.9762569999999999
-0.8966350000000001
-0.184016
-0.9661540000000001
-1.82969
-1.2208
-0.823659
-0.610855
-1.29338
-1.22715
-0.284225
-1.44815
-0.65099
-0.3538
-0.19464700000000001
-0.884465
0.9375479999999999
-0.292069
-0.677513
-0.06312190000000001
-1.53454
-0.247586
-0.679232
-1.78597
-0.9325899999999999
-0.632989
-1.18317
-2.2217700000000002
-1.07315
-0.718484
-1.01539
-1.21607
-1.24512
-0.373519
-0.317447
-0.062277599999999995
0.052249800000000006
-0.561701
-1.6811099999999999
-1.12584
0.0
0.59537
-2.14987
-0.105304
-0.907206
-0.401819
0.0
0.342952
-1.72481
0.154998
-0.691945
-1.24076
0.0979883
-2.09251
-1.16561
-0.527069
-0.06782669999999999
-1.3325
-1.22179
-0.482336
-0.277254
-0.732063
-1.04813
0.0
-0.1226
-0.26758699999999996
-0.361365
-0.6338550000000001
-1.8800599999999998
-0.665431
-0.236723
-1.97755
-0.268287
-0.7262
-0.26563400000000004
-1.092
-1.01352
-0.691191
-0.932034
-0.8800879999999999
-0.526676
-0.170968
0.585867
-0.627509
-0.618771
-1.7757900000000002
-0.09849
-0.340833
-0.748757
-0.817229
-0.350817
0.0
-1.8006900000000001
-0.0520635
-0.45222299999999993
0.560856
-0.498724
-0.101301
-0.16270199999999999
-2.20653
0.0
-0.628273
0.0
-0.725685
-0.997798
-1.93406
0.318965
-0.39769
0.147021
-2.0577400000000003
-1.74052
-0.755653
-0.9762620000000001
-0.0649886
-2.25673
-0.0502695
-0.883863
-0.508962
-0.12443
-0.358169
-1.9335099999999998
-1.09946
-0.9890389999999999
-0.133917
-0.626812
-1.96215
-1.44487
-1.25391
0.438643
-1.08647
-1.90097
-1.57331
-0.888067
0.0
0.666431
-0.0995308
-0.220759
-0.0672267
-0.210984
-0.9247690000000001
-1.4170200000000002
-0.814487
-0.9538209999999999
-2.15029
-1.02569
-1.38592
0.389673
0.06912280000000001
-1.49489
-1.75065
-0.604208
-0.510252
-1.24
0.46187799999999996
-1.02407
-1.63852
-2.36793
-0.583777
-1.20187
-1.75405
-0.7044159999999999
-1.01921
-0.437345
-1.19459
0.0
-1.5658299999999998
-0.68882
-0.196049
-1.56541
-0.028123900000000004
-0.31477
-0.798197
-0.964945
0.962784
0.439582
0.19601500000000002
-0.189951
-0.509979
-0.338481
0.0
-0.598959
-1.3506799999999999
-1.25501
-1.25472
-0.527177
-0.686233
-1.6281
-1.05913
-0.96625
-1.1881
0.344565
0.22319299999999997
-0.872892
-0.755228
-1.43116
-2.5399700000000003
-0.416311
0.33786700000000003
0.0
-0.549381
-0.778792
-0.170968
-0.9728870000000001
-1.17638
-1.36723
-0.180297
-1.2334
-1.4233799999999999
0.0228375
-0.49945
-0.5578029999999999
-0.45428500000000005
-0.380272
-0.055862699999999994
-0.647465
0.551033
-1.41455
-2.0358
-1.7165700000000002
-0.616445
0.28201
-0.930502
0.0
-1.7013200000000002
-0.753173
-0.402943
0.291862
-1.55065
0.25695300000000004
-0.48359399999999997
0.0
0.0
-0.606466
-0.63621
-1.30611
-1.71879
-0.103073
-1.05375
-0.9293629999999999
0.047694
-1.17097
0.0
-2.40247
-0.326819
0.0325433
-1.34697
0.148843
0.18346300000000001
-0.594224
-0.40276100000000004
-1.25882
-1.18462
-0.708229
-0.0873551
-0.245798
-0.48991
-0.33728600000000003
-0.7874899999999999
-3.18407
-2.08758
-0.985382
-1.95175
-0.252257
-0.6275930000000001
0.0395108
-0.28929299999999997
-0.464398
0.23454899999999998
0.37556100000000003
-0.051920600000000004
-0.759318
-0.26558699999999996
-1.23222
-1.05025
0.0587524
0.265857
-1.14382
-0.8801979999999999
-1.4681600000000001
-1.56251
0.124544
-0.0649298
0.758786
0.308234
-0.0034328
-0.997188
-1.23285
-0.509992
-0.25084
-2.1652
-0.494725
-0.42695200000000005
-0.47116499999999994
-1.7815
-0.230634
-0.9721280000000001
-0.37251100000000004
-0.591697
-0.714989
0.25697
-0.8484459999999999
-0.767625
-0.806675
-0.61966
-1.43567
-0.09831000000000001
0.402535
-1.63558
-0.575955
-1.14927
-1.2340799999999998
-1.06378
-2.36366
-1.28979
0.21759699999999998
0.0
-1.09657
-1.18099
-1.00799
-1.1382299999999999
-1.6118700000000001
-0.8390059999999999
-0.134284
-0.8294370000000001
-0.48657799999999995
-1.25504
-0.504259
-0.973992
-1.88893
-0.5082270000000001
-0.269163
-0.17014
-1.00085
-1.4715200000000002
-0.494701
-1.6513900000000001
0.5789380000000001
1.13899
0.0
-0.5139060000000001
-1.28003
0.0
-0.9335829999999999
-0.268374
-1.3599
-1.45376
-0.558282
0.0
-1.3733799999999998
-0.23288499999999998
-0.8789819999999999
0.598014
-0.627285
-0.283303
-0.40996000000000005
-0.00765486
-0.7565890000000001
-0.7599090000000001
0.0
0.0
-0.43031499999999995
0.591753
0.0
-0.31235100000000005
-3.08252
-2.16222
1.82604
-0.33966199999999996
-0.715525
-0.457187
-0.430804
-1.7453599999999998
