0.845549
0.130435
0.171666
0.08536289999999999
0.12733699999999998
0.738358
0.20060999999999998
0.313814
0.2632
0.742273
0.397986
0.108395
0.108395
0.0773237
0.263836
0.110846
0.799491
0.888174
0.0992627
0.23486300000000002
0.761764
0.172731
0.0164171
0.166667
0.236364
0.057459
0.06691939999999999
0.114906
0.0926055
0.0926055
0.0759794
0.0144928
0.133881
0.6355810000000001
0.817419
0.918193
0.118129
0.120773
0.114701
0.8265440000000001
0.6362369999999999
0.8629459999999999
0.271298
0.06938630000000001
0.045425400000000005
0.6262939999999999
0.80872
0.031141900000000004
0.5377270000000001
0.40579699999999996
0.8314540000000001
0.0294118
0.308489
0.13087100000000002
0.744265
0.287663
0.152275
0.49616000000000005
0.089903
0.814233
0.552082
0.0385551
0.765712
0.3369
0.337634
0.319056
0.715121
0.792905
0.15819
0.0625
0.32250999999999996
0.745447
0.794304
0.8625729999999999
0.012209999999999999
0.012209999999999999
0.659091
0.710587
0.5733689999999999
0.678602
0.190063
0.07130560000000001
0.0582112
0.631579
0.8062189999999999
0.745384
0.047932300000000004
0.923077
0.837081
0.757576
0.8852559999999999
0.0734756
0.236051
0.578692
0.759742
0.8803610000000001
0.852826
0.7689050000000001
0.858083
0.516493
0.604351
0.716461
0.428571
0.707272
0.815388
0.8273879999999999
0.754454
0.7843319999999999
0.714286
0.9642860000000001
0.787536
0.9711930000000001
0.6931390000000001
0.787578
0.806475
0.75379
0.809966
0.7392449999999999
0.411542
0.24036799999999997
0.029809500000000003
0.0660868
0.9447209999999999
0.714286
0.712066
0.890251
0.689247
0.7132470000000001
0.392857
0.627358
0.664449
0.49732200000000004
0.8378260000000001
0.6953699999999999
0.7163689999999999
0.282684
0.290209
0.719425
0.6387609999999999
0.691584
0.7167359999999999
0.178819
0.0
0.6630149999999999
0.314237
0.0697123
0.671111
0.760812
0.078475
0.41917299999999996
0.23798200000000003
0.027248500000000002
0.059311
0.0445704
0.012951400000000002
0.808651
0.618154
0.0286394
0.107493
0.338877
0.226919
0.924673
0.785173
0.828475
0.765839
0.33571100000000004
0.90604
0.0658179
0.378947
0.463851
0.00966957
0.024509799999999998
0.024509799999999998
0.0428528
0.0428528
0.807266
0.8318180000000001
0.686926
0.7360680000000001
0.758621
0.743679
0.8555659999999999
0.8195819999999999
0.740781
0.671806
0.90625
0.77174
0.44615299999999997
0.782086
0.801009
0.75815
0.08189819999999999
0.2
0.550505
0.11017300000000001
0.850029
0.775163
0.800111
0.183909
0.21052600000000002
0.801413
0.5268010000000001
0.789315
0.506004
0.0714365
0.575411
0.8229629999999999
0.274149
0.7047800000000001
0.348066
0.744905
0.8228219999999999
0.4375
0.40192
0.692826
0.736032
0.415418
0.754844
0.6182340000000001
0.524407
0.132525
0.74549
0.618418
0.454545
0.857665
0.297056
0.339074
0.8393799999999999
0.7581829999999999
0.37195900000000004
0.799295
0.815823
0.702019
0.909624
0.924528
0.5141020000000001
0.78347
0.280256
0.678571
0.501092
0.644068
0.487179
0.23475
0.48937200000000003
0.13686099999999998
0.355039
0.245283
0.783784
0.799369
0.631452
0.504707
0.662896
0.715156
0.143897
0.545455
0.7742859999999999
0.8127300000000001
0.8558790000000001
0.8486090000000001
0.816966
0.782408
0.784419
0.568066
0.659068
0.8543629999999999
0.559901
0.820623
0.8871129999999999
0.59262
0.758709
0.758787
0.156691
0.7495390000000001
0.844836
0.264706
0.708838
0.825052
0.865029
0.180041
0.180041
0.772361
0.365657
0.290596
0.14460499999999998
0.566062
0.24392800000000003
0.592341
0.794592
0.12395199999999999
0.12395199999999999
0.804128
0.5779350000000001
0.84552
0.727273
0.673389
0.666667
0.0526316
0.757988
0.851676
0.035063699999999996
0.540435
0.12
0.554212
0.11277899999999999
0.04206
0.0409217
0.23474899999999999
0.8425360000000001
0.552847
0.50179
0.26209899999999997
0.223332
0.365628
0.55166
0.874179
0.386678
0.375438
0.147821
0.322694
0.7256520000000001
0.778215
0.07798839999999999
0.7072930000000001
0.0379439
0.6866800000000001
0.316967
0.0885734
0.8368700000000001
0.5407029999999999
0.7686430000000001
0.7115859999999999
0.802654
0.338253
0.377305
0.854936
0.166176
0.0865067
0.06685319999999999
0.043162
0.455193
0.240606
0.046728
0.019318099999999998
0.169223
0.412768
0.681545
0.772095
0.7102970000000001
0.813879
0.8202020000000001
0.717403
0.728108
0.741436
0.472631
0.8097300000000001
0.8203020000000001
0.843598
0.867699
0.855405
0.8065
0.745726
0.7731680000000001
0.719895
0.758721
0.8666870000000001
0.59709
0.8416969999999999
0.393519
0.719042
0.817422
0.277778
0.636364
0.794312
0.706666
0.231196
0.37636
0.853924
0.341898
0.832677
0.732608
0.20502399999999998
0.410096
0.0
0.0173391
0.0173391
0.0784336
0.568583
0.926579
0.833791
0.731842
0.753775
0.705403
0.49948100000000006
0.6175729999999999
0.25566500000000003
0.09942949999999999
0.08299889999999999
0.928572
0.736999
0.103653
0.200445
0.286037
0.247665
0.283817
0.751207
0.8723040000000001
0.836778
0.84755
0.557075
0.589388
0.599229
0.8015979999999999
0.359523
0.876237
0.9111870000000001
0.682635
0.291075
0.82678
0.610875
0.354962
0.368623
0.34881799999999996
0.72419
0.637022
0.30893899999999996
0.6344420000000001
0.537679
0.272706
0.74
0.74
0.6469779999999999
0.725812
0.928894
0.8533290000000001
0.7418279999999999
0.86875
0.867658
0.695246
0.739394
0.6583479999999999
0.770753
0.744496
0.73419
0.719999
0.47272700000000006
0.5441600000000001
0.200391
0.8448979999999999
0.56605
0.840051
0.67324
0.785658
0.621228
0.8093229999999999
0.651332
0.9731110000000001
0.730849
0.8
0.711462
0.181818
0.4375
0.36538400000000004
0.803571
0.44213800000000003
