0.44254899999999997
0.469337
0.414617
0.414763
0.0862212
0.462888
0.545991
0.624421
0.45788100000000004
0.897141
0.169997
0.399559
0.889882
0.639473
0.661291
0.0543668
0.520464
0.826417
0.8822989999999999
0.673338
0.835145
0.490472
0.923587
0.240137
0.24435300000000001
0.0213522
0.161599
0.154195
0.715959
0.231871
0.8770100000000001
0.793177
0.513694
0.13533399999999998
0.5836399999999999
0.215579
0.685592
0.701129
0.30262
0.863074
0.813088
0.583957
0.699386
0.82258
0.42640500000000003
0.290873
0.504753
0.818673
0.180866
0.8811110000000001
0.24556
0.6409279999999999
0.670037
0.753337
0.674207
0.747684
0.355482
0.35029099999999996
0.182793
0.452711
0.771742
0.837052
0.710938
0.0171559
0.0704461
0.290091
0.7227
0.886583
0.661116
0.45199300000000003
0.767019
0.44263500000000006
0.297772
0.183387
0.179759
0.0989303
0.317161
0.133339
0.6909649999999999
0.016012600000000002
0.0412057
0.564915
0.168587
0.670659
0.49458199999999997
0.371702
0.702101
0.180508
0.202647
0.498328
0.30891
0.748412
0.27936300000000003
0.0198445
0.0177576
0.605329
0.43655200000000005
0.362794
0.812462
0.0843115
0.24814899999999998
0.07185520000000001
0.185091
0.71385
0.47086000000000006
0.874232
0.403397
0.0845518
0.702447
0.755577
0.408007
0.921171
0.356605
0.495667
0.739627
0.41107299999999997
0.598092
0.950198
0.9055469999999999
0.0944865
0.125552
0.7660060000000001
0.8863700000000001
0.553225
0.42243500000000006
0.44619899999999996
0.798269
0.00281071
0.486479
0.296352
0.08753989999999999
0.846987
0.5709569999999999
0.515883
0.8625209999999999
0.46935
0.9011239999999999
0.204095
0.22773400000000002
0.8451870000000001
0.8800459999999999
0.572645
0.829839
0.0838456
0.290507
0.08615139999999999
0.936104
0.806128
0.165164
0.17766400000000002
0.7740229999999999
0.8635010000000001
0.8120569999999999
0.025648400000000005
0.762407
0.209148
0.5224310000000001
0.199595
0.811937
0.0959625
0.8375799999999999
0.23028099999999999
0.10169700000000001
0.0349505
0.886702
0.8720950000000001
0.159916
0.0863561
0.496542
0.172994
0.9048889999999999
0.8355819999999999
0.8712850000000001
0.283115
0.19733399999999998
0.36650900000000003
0.786855
0.00521504
0.944233
0.9262950000000001
0.329579
0.784654
0.109152
0.205627
0.818749
0.18875799999999998
0.9360229999999999
0.230636
0.251037
0.469693
0.7057140000000001
0.24391999999999997
0.798395
0.892677
0.149999
0.833742
0.886441
0.8397610000000001
0.9023049999999999
0.309245
0.889748
0.22084499999999999
0.688562
0.23405900000000002
0.049285699999999995
0.299039
0.0888883
0.390241
0.19411
0.551741
0.0336679
0.41285600000000006
0.8855540000000001
0.8452440000000001
0.25214200000000003
0.822234
0.19506800000000002
0.757582
0.776199
0.00342769
0.932466
0.127808
0.891127
0.10340099999999999
0.47173999999999994
0.111269
0.849606
0.479962
0.7216
0.886949
0.7420439999999999
0.149221
0.910366
0.631931
0.748502
0.0817267
0.8305020000000001
0.9131870000000001
0.887077
0.9407540000000001
0.8473649999999999
0.0468764
0.34357
0.00317021
0.9505809999999999
0.663904
0.24835900000000002
0.28330500000000003
0.7609229999999999
0.921607
0.530929
0.055328800000000004
0.396275
0.373029
0.6951729999999999
0.24183600000000002
0.11349200000000001
0.804415
0.866604
0.589056
0.213259
0.16153
0.0172826
0.0846799
0.34174499999999997
0.932867
0.850672
0.777672
0.8088420000000001
0.811395
0.136378
0.833744
0.817692
0.2681
0.0957375
0.0427864
0.747869
0.8874540000000001
0.0212201
0.901595
0.8872049999999999
0.8549950000000001
0.913148
0.705046
0.730132
0.824465
0.784233
0.882231
0.8318700000000001
0.902217
0.8483940000000001
0.871836
0.821314
0.876184
0.810789
0.725614
0.8344870000000001
0.695236
0.884742
0.9545680000000001
0.86226
0.0
0.0
0.0
0.899595
0.848621
0.649713
0.876368
0.60917
0.8344530000000001
0.712893
0.871815
0.0
0.902443
0.715825
0.8295440000000001
0.9125200000000001
0.725631
0.871664
0.0
0.89595
0.876288
0.8654620000000001
0.8972030000000001
0.603256
0.818522
0.875409
0.868434
0.963332
0.904885
0.850416
0.823714
0.890868
0.874967
0.0
0.77782
0.747616
0.810137
0.8845219999999999
0.8780469999999999
0.812738
0.813058
0.823692
0.8250370000000001
0.938533
0.888272
0.9002700000000001
0.930008
0.9
0.884649
0.833659
0.8716360000000001
0.8799540000000001
0.8578709999999999
0.7824760000000001
0.8797870000000001
0.0
0.907065
0.865244
0.8450110000000001
0.88341
0.770969
0.8919870000000001
0.85008
0.821915
0.9205270000000001
0.822842
0.760389
0.695343
0.771469
0.89797
0.7820729999999999
0.681593
0.927392
0.8103739999999999
0.849765
0.856182
0.833312
0.9439780000000001
0.7799020000000001
0.862246
0.8571120000000001
0.663493
0.8880620000000001
0.837834
0.752553
0.888216
0.9173549999999999
0.874382
0.866956
0.8888020000000001
0.463121
0.463503
0.8822040000000001
0.876591
0.909626
0.872567
0.8437620000000001
0.0
0.9375540000000001
0.872374
0.894124
0.864718
0.8900379999999999
0.855614
0.0
0.901119
0.809467
0.761695
0.8851969999999999
0.9167209999999999
0.530159
0.8851899999999999
0.8647290000000001
0.827224
0.906256
0.8302790000000001
0.767696
0.0
0.80014
0.779924
0.884569
0.0
0.875768
0.194735
0.892136
0.787108
0.774452
0.9187129999999999
0.8496870000000001
0.862323
0.918817
0.695678
0.783698
0.8781399999999999
0.834016
0.9338790000000001
0.740024
0.8705940000000001
0.0
0.942306
0.820839
0.799683
0.814761
0.8509709999999999
0.5602779999999999
0.893224
0.82825
0.8343360000000001
0.8419760000000001
0.904167
0.8269989999999999
0.839065
0.7575850000000001
0.905256
0.827849
0.8890399999999999
0.0117904
0.828701
0.0
0.7996449999999999
0.789365
0.652363
0.66123
0.870541
0.933895
0.882531
0.607574
0.872324
0.929456
0.909733
0.778453
0.7999729999999999
0.846317
0.874339
0.814559
0.78164
0.900626
0.70623
0.9068120000000001
0.895985
0.8426049999999999
0.875875
0.777996
0.948084
0.845676
0.902809
0.9171
0.886807
0.8357950000000001
0.8951629999999999
0.916166
0.8716219999999999
0.748278
0.814387
0.8903469999999999
0.8653350000000001
0.9168790000000001
0.819624
0.845959
0.876124
0.905625
0.0
0.859801
0.8687790000000001
0.862778
0.864877
0.841785
0.915817
0.8361299999999999
0.815174
0.8461690000000001
0.616029
0.9167860000000001
0.9282469999999999
0.8095680000000001
0.9307190000000001
0.722685
0.7648510000000001
0.835916
0.837141
0.924741
0.765138
0.885753
0.751502
0.80195
0.789416
0.861001
0.815113
0.854427
0.742753
0.0
0.713384
0.8329040000000001
0.761108
0.828692
0.767046
0.797937
0.0
0.882601
0.798167
0.941585
0.903911
0.883526
0.894019
0.781208
0.812087
0.8938809999999999
0.843548
0.842931
0.8686290000000001
0.855608
0.9856090000000001
0.6019770000000001
0.935284
0.9217559999999999
0.851686
0.885531
0.90549
0.0
0.8737209999999999
0.88999
0.8267979999999999
0.878023
0.926148
0.813129
0.0
0.491555
0.822681
0.863455
0.0
0.855123
0.842765
0.848659
1.0
0.796566
0.849377
0.838468
0.9041870000000001
0.8760979999999999
0.8321770000000001
0.8773719999999999
0.93148
0.836931
0.846829
0.8407290000000001
0.9496209999999999
0.827033
0.918615
0.87892
0.8817959999999999
0.887048
0.889407
0.881238
0.9266989999999999
0.8661709999999999
0.8485729999999999
0.6844899999999999
0.906537
0.8118340000000001
0.8489
0.9285329999999999
0.867604
0.75645
0.903167
0.9108879999999999
0.850232
0.7988529999999999
0.9098790000000001
0.632274
0.813702
0.811639
0.775255
0.784718
0.8509700000000001
0.8292360000000001
0.8901120000000001
0.835551
0.8288120000000001
0.901433
0.858468
0.8525940000000001
0.8251379999999999
0.839368
0.8249700000000001
0.0
0.42105299999999996
0.902216
0.852273
0.907589
0.8553930000000001
0.0
0.7033699999999999
0.708128
0.5678989999999999
0.813797
0.810584
0.8809370000000001
0.81286
0.838327
0.824083
0.860784
0.7765890000000001
0.820893
0.920765
0.796975
0.896015
0.878749
0.0
0.8730110000000001
0.8965799999999999
0.869107
0.896523
0.864743
0.8921680000000001
0.782521
0.849726
0.8790180000000001
0.8327129999999999
0.9228149999999999
0.895265
0.837425
0.800866
0.834578
0.718002
0.830308
0.910431
0.862878
0.9130969999999999
0.850058
0.917223
0.8703049999999999
0.49302299999999993
0.84172
0.8126
0.919752
0.0
0.8775639999999999
0.927098
0.9139649999999999
0.884051
0.8828440000000001
0.8911129999999999
0.7747069999999999
0.90275
0.0
0.8480850000000001
0.0
0.755046
0.88744
0.876268
0.671377
0.867799
0.862682
0.89418
0.8603040000000001
0.766654
0.846951
0.649558
0.630605
0.787349
0.8463
0.770211
0.903825
0.904691
0.812571
0.8567370000000001
0.658285
0.874044
0.8401430000000001
0.891633
0.770704
0.9264370000000001
0.7677579999999999
0.8994110000000001
0.8466520000000001
0.835335
0.893749
0.0
0.9069290000000001
0.7461720000000001
0.8529110000000001
0.8911
0.699149
0.882783
0.898429
0.7904479999999999
0.8634639999999999
0.919733
0.8791370000000001
0.862509
0.912379
0.897167
0.9218959999999999
0.845917
0.899774
0.802004
0.35835500000000003
0.710098
0.780716
0.916853
0.800372
0.8099569999999999
0.820262
0.733761
0.9484600000000001
0.851353
0.9153379999999999
0.8578020000000001
0.0
0.7842180000000001
0.920581
0.944551
0.8422540000000001
0.844902
0.61949
0.707763
0.831199
0.9142469999999999
0.8138529999999999
0.770921
0.870099
0.806812
0.796702
0.0
0.8829879999999999
0.9008290000000001
0.852675
0.868978
0.758655
0.885116
0.870509
0.906832
0.83595
0.8060069999999999
0.870225
0.8193799999999999
0.90815
0.882592
0.8700600000000001
0.79527
0.730406
0.800375
0.0
0.8453649999999999
0.821693
0.0
0.8527540000000001
0.8944059999999999
0.904703
0.8655809999999999
0.9020229999999999
0.801599
0.8907430000000001
0.913208
0.9044139999999999
0.870273
0.780334
0.802764
0.869951
0.44563100000000005
0.8368709999999999
0.9055290000000001
0.8628
0.855505
0.90817
0.816286
0.0
0.885308
0.799021
0.8600700000000001
0.441054
0.8673709999999999
0.63434
0.73782
0.0
0.0
0.877308
0.811226
0.816442
0.883165
0.8701450000000001
0.889127
0.838095
0.7819560000000001
0.8293719999999999
0.0
0.814673
0.8936270000000001
0.8919040000000001
0.86972
0.68
0.9271
0.905752
0.858395
0.877102
0.78957
0.8510530000000001
0.8822629999999999
0.815222
0.7767149999999999
0.830191
0.8560610000000001
0.8957360000000001
0.8812639999999999
0.902325
0.8573959999999999
0.890575
0.645302
0.87525
0.85664
0.965606
0.8569680000000001
0.8781889999999999
0.9190389999999999
0.857709
0.905341
0.8231629999999999
0.932909
0.9138280000000001
0.855884
0.660355
0.8345299999999999
0.89484
0.917467
0.8532569999999999
0.8834489999999999
0.7982279999999999
0.809966
0.895225
0.8745229999999999
0.802421
0.794536
0.7712319999999999
0.858935
0.869265
0.8928659999999999
0.681962
0.861107
0.666854
0.900971
0.9160389999999999
0.8720610000000001
0.790317
0.85477
0.910273
0.47644899999999996
0.930148
0.8755850000000001
0.836124
0.859165
0.401546
0.876607
0.714858
0.915156
0.714018
0.8598469999999999
0.829678
0.886875
0.756504
0.0
0.898445
0.819984
0.796397
0.8297979999999999
0.898424
0.740738
0.8793780000000001
0.77366
0.765998
0.80911
0.7774909999999999
0.9351940000000001
0.923883
0.8516950000000001
0.6818350000000001
0.8336969999999999
0.784736
0.8503799999999999
0.8671059999999999
0.725176
0.75037
0.6126229999999999
0.0
0.772131
0.8903469999999999
0.0
0.8301200000000001
0.915165
0.627319
0.814697
0.754632
0.0
0.863834
0.683535
0.899142
0.813293
0.8649819999999999
0.8534889999999999
0.8227450000000001
0.9558610000000001
0.867691
0.848941
0.0
0.0
0.899286
0.809822
0.0
0.9143100000000001
0.86331
0.916877
0.017684000000000002
0.803271
0.90656
0.87516
0.828224
0.910524
