1.39452
0.408279
1.10338
1.05421
1.9144900000000002
2.03784
0.48448599999999997
0.296029
1.6009200000000001
0.406696
1.77245
1.6062100000000001
0.6270560000000001
-0.0828124
0.0712658
1.64695
2.2946
-0.659644
0.48501099999999997
1.04851
0.546502
1.03246
-0.0688638
2.04103
1.44323
0.6593399999999999
1.02673
0.803636
0.809972
1.62215
0.0708543
-0.015470699999999999
2.0971599999999997
1.20181
2.25671
1.17278
-0.348771
1.05035
2.13904
-0.385343
-0.18318800000000002
2.75852
-0.138012
0.05613340000000001
1.87873
1.85467
0.8633780000000001
0.847852
0.9234180000000001
-0.312754
1.35895
0.8140270000000001
0.275638
0.016093700000000002
0.610028
0.598321
0.567254
0.551573
1.29798
2.09673
-0.0223394
0.331243
0.6980270000000001
1.00556
0.65256
1.60396
1.84916
0.334687
0.27729000000000004
0.903473
-0.31464200000000003
1.56939
0.17111300000000002
2.1819599999999997
1.1833200000000001
1.90382
0.924868
0.710952
0.23382600000000003
1.42518
1.52447
1.04549
0.695723
0.107945
1.2365899999999999
-0.355015
0.777216
0.0920218
0.7012430000000001
0.0885459
0.802038
0.45815100000000003
0.502354
1.4796200000000002
0.9432969999999999
0.220928
1.3320299999999998
0.7367670000000001
1.32955
1.05245
0.441576
1.1829
1.5972600000000001
0.44928900000000005
1.6964400000000002
0.13105999999999998
0.655516
0.850512
0.8398620000000001
0.798832
0.822993
-0.177488
0.19828199999999999
1.6722400000000002
-0.202454
1.07942
0.389285
0.106814
0.141809
1.1836799999999998
1.01289
-0.0335093
0.199515
0.927687
0.18327100000000002
1.87296
1.08343
1.0345600000000001
1.74865
-0.409021
0.25755100000000003
0.35588000000000003
1.91482
0.10949600000000001
-0.0252157
1.51235
0.16505999999999998
2.26077
0.81591
0.60025
0.344963
0.741202
-0.634842
0.865772
0.589799
1.8782599999999998
-1.12457
-0.14508800000000002
1.0135299999999998
1.00429
-0.7754939999999999
-0.13558599999999998
-2.24126
0.548408
0.6628649999999999
1.2241
0.541096
0.565086
-0.9414
0.382291
-0.634876
0.651383
1.74652
2.02453
-1.1148799999999999
-0.5671470000000001
0.814606
1.3381299999999998
1.21377
1.46855
-0.705299
0.24094000000000002
-0.452847
0.549048
1.2175
1.93297
-0.45892299999999997
1.14844
-0.768988
-0.013236600000000001
1.33065
0.128723
0.806268
1.12386
-1.9252900000000002
1.72453
0.19403399999999998
1.04826
1.4616799999999999
0.8773569999999999
-0.769877
1.05874
0.162673
-1.1935799999999999
0.9713950000000001
0.661582
-0.7301979999999999
-0.6545449999999999
-0.553179
1.60317
-0.307223
0.306187
1.5897299999999999
0.385387
1.7207700000000001
1.25875
0.565078
0.618356
1.29805
1.07934
1.06666
1.7724799999999998
-0.24556599999999998
-0.929054
1.1003
-0.46546000000000004
0.37244
-0.55796
0.419048
1.7372
0.11167200000000001
0.582926
-1.38301
1.29285
2.34532
1.15086
-0.882474
1.1311
0.233631
0.339458
-0.0783081
1.15703
-0.2275
0.594336
0.499618
1.0240200000000002
-0.310521
-0.21809
-0.38705700000000004
0.21644899999999997
-0.459582
1.07987
1.45846
-0.164107
-0.9333969999999999
-0.736136
1.7248400000000002
1.67943
-0.355621
-0.561606
1.1027799999999999
1.06029
2.54039
1.22566
0.544349
0.22544899999999998
1.35064
-0.457516
-0.7348859999999999
1.46987
1.28375
1.44604
0.541866
0.905782
0.50146
-0.316945
-0.05908630000000001
0.0238428
1.0509
0.639582
1.51176
-0.606025
0.22357800000000003
1.50311
1.1677
1.67736
-0.911773
-0.7151350000000001
0.689009
-0.561263
-0.147079
0.44796800000000003
-0.216627
-0.0105511
-0.64662
-0.1505
-1.089
0.818462
-1.0652
-0.570281
-0.301152
-0.8647389999999999
-0.342575
-0.0912796
-0.0109911
-0.9892540000000001
-0.384203
-0.0960098
0.667145
0.220777
0.47878100000000007
0.0
0.0
0.0
-1.4148100000000001
-0.250673
-1.81597
-0.459251
0.293739
-1.26359
0.117408
-1.06102
0.0
0.553264
0.11403800000000001
0.00612681
-0.43163599999999996
0.139343
-1.4876
0.0
-0.682914
-0.24881799999999998
-0.731016
-0.24460900000000002
-0.6975279999999999
-1.9562700000000002
-0.9956709999999999
-0.649991
-0.126802
-0.719488
-0.26897600000000005
2.08407
-0.9241809999999999
-0.0929654
0.0
0.881273
0.5392100000000001
-0.9325610000000001
-0.464154
-0.5508770000000001
-1.19535
0.061172000000000004
0.144835
0.314998
0.27623000000000003
-0.44791000000000003
-0.250859
-0.7177399999999999
-0.8659450000000001
-0.0716719
0.549085
-0.837501
-1.49227
-0.645225
-0.600645
0.49387700000000007
0.0
-0.18783699999999998
-0.5558270000000001
-1.46897
-1.8226799999999999
0.262635
-0.56483
0.12472000000000001
-0.7370979999999999
-1.3234299999999999
0.6062609999999999
0.226066
0.818994
-2.50474
-0.48903199999999997
0.23868499999999998
1.42971
-0.777262
-1.13256
0.147329
0.0235977
-0.127553
-0.150315
-0.852952
-0.9005120000000001
-0.6667930000000001
-0.496367
-0.819358
0.110643
-1.6347200000000002
0.661285
-0.292926
0.783184
-0.552362
-0.262918
-0.027454000000000003
1.4515
-1.1561299999999999
-0.30940300000000004
0.00767685
-0.226346
1.05207
0.0
0.118573
0.05423189999999999
0.0968956
-1.07453
0.0548101
-0.0818061
0.0
-0.211885
-1.4613399999999999
-0.580497
0.772688
0.25504499999999997
1.07301
-0.112625
-0.169459
-0.346948
-0.677048
-1.04624
-0.903017
0.0
1.12435
-0.929998
-0.8000649999999999
0.0
-0.9420799999999999
1.24166
-0.768004
-0.28442
-1.24844
0.637958
-0.120268
-0.471397
0.490888
-1.18961
1.1728399999999999
-0.7247020000000001
0.47246099999999996
0.0627247
-0.25469899999999995
0.09233580000000001
0.0
-0.291069
-0.670534
-0.275854
0.304411
0.650369
0.811602
-0.751292
-2.19595
0.620677
1.73386
-0.8888229999999999
-0.09180110000000001
0.629265
0.689227
-1.02793
0.0207785
0.251384
1.93268
-1.57954
0.0
0.333462
0.0676599
-0.6065729999999999
-0.8659450000000001
-0.0832103
-1.42784
-0.051276800000000004
-0.24439899999999998
-1.0494700000000001
-0.22499299999999997
0.027081400000000002
-2.34217
-0.5270729999999999
0.5167649999999999
-0.429296
0.23851399999999998
-0.0850919
-1.9546599999999998
-0.0887813
-0.49529700000000004
-0.00968727
-0.7239180000000001
-1.1152799999999998
0.013300200000000002
-0.547103
-0.483441
-1.5913899999999999
-1.94354
-0.6137859999999999
-0.188972
0.516153
-0.24871100000000002
-0.383474
0.0973225
0.388635
0.06646160000000001
-0.9771639999999999
0.215304
0.404983
0.08919989999999998
-0.061617
-0.226327
0.0
-1.74882
0.290165
-1.6248
-0.313427
-0.804633
-0.595312
-0.808653
-0.31740300000000005
0.0839686
-0.109624
1.9492099999999999
0.293759
-0.7672220000000001
-0.375753
0.47182799999999997
0.29094699999999996
0.20585900000000001
-0.43563199999999996
0.10406900000000001
0.0512182
-0.881964
1.7124099999999998
-0.580091
-0.281857
-1.08893
-0.541094
-0.566104
-1.30134
0.0
-0.011410700000000001
0.0285665
-0.382189
0.22634200000000002
-0.327027
-0.0223491
0.0
0.911342
-0.58235
-0.7653810000000001
0.132882
0.829083
0.00142813
-1.06291
0.5541159999999999
-0.331757
0.378483
-0.776508
-1.26852
-0.9482430000000001
-0.15554400000000002
-0.615162
-0.207198
-0.0284291
-1.3050700000000002
0.32900799999999997
-0.739695
0.0
-0.979793
-0.557081
-0.8958
-1.3564200000000002
-1.11117
-1.78955
0.0
1.70964
-0.146406
0.543417
0.0
-1.21563
-0.053752
0.8431139999999999
0.0
-0.198453
1.03347
-0.313152
-0.47765100000000005
-0.08226019999999999
-0.178766
0.141152
-0.643479
-0.185249
-0.662555
0.469575
-0.504368
0.8237559999999999
-0.468153
-1.0087700000000002
0.5579310000000001
0.162828
-0.445772
0.14285899999999999
-0.812604
-0.108669
-0.17561
0.402937
-0.0527536
-0.643284
-0.133918
-0.457517
0.157566
0.731977
0.209563
0.206539
0.38650500000000004
-0.776339
-0.962317
-2.35055
-0.27867800000000004
-0.12448699999999999
-1.2234399999999999
-0.6512180000000001
-1.3095700000000001
-1.64379
-0.5471010000000001
-0.6592140000000001
0.358583
-0.187328
0.465099
0.0220803
-1.0480399999999999
-0.185105
-0.0346698
0.0
-1.30687
-0.700417
-0.024721
0.297124
-0.22126300000000002
0.0
0.0
-0.345276
1.21127
-0.558649
-1.1787100000000001
1.10664
-0.9345610000000001
-0.8300860000000001
-0.34247
-0.190727
-1.54798
0.0554373
-0.822254
0.602578
1.29761
0.144775
0.0
0.736577
-0.77042
-0.47229399999999994
-0.316367
-0.240691
-0.320479
-0.459367
-0.325675
-0.47357299999999997
-0.059402300000000005
0.073764
0.40828400000000004
-0.415959
0.09673330000000001
-0.765109
0.377255
-0.0251925
0.45387
0.101921
-0.564091
-0.683044
-0.480104
-1.31005
-0.21009699999999998
0.301442
0.612237
-0.49533900000000003
0.0
-1.21675
0.353567
-0.156861
-0.25871500000000003
-0.513483
-0.664371
-0.9893540000000001
-0.593517
0.0
0.105573
0.0
0.24230300000000002
0.208511
-1.06548
-0.844575
-0.1105
-0.555683
-0.20738600000000001
-0.7633
0.169711
0.209641
1.93944
-0.43212399999999995
-0.324354
-0.165517
0.778562
-0.15842799999999999
-0.709738
-0.0863653
-0.710634
0.771373
-0.782686
-0.076903
-1.3782299999999998
-0.680276
-0.281082
1.2141600000000001
-0.158697
0.740786
-0.23947600000000002
0.00678303
0.0
0.150695
1.27468
0.22907399999999997
-0.739875
1.95328
-0.172846
-0.330325
-0.8152010000000001
0.055852
-2.25153
-0.56635
0.313023
-0.587847
0.18871400000000002
-0.402846
0.143008
-1.0254299999999998
-1.4831
-1.28631
0.0414085
-1.27328
-0.920325
-0.584616
-0.31303400000000003
-0.70662
-0.173717
-1.0735299999999999
-0.0979936
0.8244440000000001
0.668845
0.0
-0.620202
-0.023756299999999998
-0.746015
-0.0657631
-0.10768900000000001
1.21422
1.0044899999999999
0.0964365
0.149662
-0.30441399999999996
-0.21495300000000003
0.7496649999999999
-0.552882
-0.653935
0.0
-0.815056
-0.6223380000000001
-0.686773
0.07156610000000001
-0.933735
-0.26040399999999997
-0.491241
-0.16187100000000001
-1.09753
-0.365448
-0.612416
0.720568
-0.157523
-0.700628
-0.352745
-1.59602
-0.855145
-0.482745
0.0
1.09513
0.42835100000000004
0.0
-1.02
-0.29785900000000004
0.00618173
0.0524305
-1.81273
-0.5168229999999999
0.16089900000000001
-0.50312
-1.83657
-0.12053699999999999
0.48403
1.5542200000000002
1.35056
1.72462
-0.172302
-1.05259
0.690296
-0.7216060000000001
0.331968
-0.506545
0.0
0.744425
-0.8577629999999999
-0.0680236
0.499792
-0.09859689999999999
0.23297600000000002
0.473376
0.0
0.0
-0.199372
-0.224994
-0.346173
-0.0178269
0.372423
-0.997331
-0.46529499999999996
-0.252918
-0.377447
0.0
0.110779
0.0107403
-0.6896220000000001
-1.2080600000000001
0.0
0.163849
-0.9385610000000001
-0.176626
-0.51677
-0.609157
-0.109742
-0.055578499999999996
0.46833800000000003
-0.351472
0.0497403
0.610788
0.08749639999999999
-0.0380944
0.410396
0.549808
0.845777
0.14343
0.0595095
0.06743719999999999
-0.25440999999999997
0.704811
0.720407
-0.190584
0.368095
-0.513079
-1.54126
-0.5650430000000001
0.749796
0.405029
1.02121
-1.44975
-0.21078899999999998
-0.231886
-0.853899
-0.54447
0.050614
0.946433
0.0100922
0.280696
0.8356600000000001
0.662828
-0.338099
-0.344986
0.0723853
0.27266799999999997
0.9189139999999999
0.0851316
0.677671
-0.619278
0.356212
0.692313
0.7109880000000001
1.25621
-0.19226400000000002
-0.421004
-0.519306
-0.548144
-0.374975
0.30223
1.59933
-0.0771571
-0.22193400000000002
-0.980656
-0.123925
-0.47005600000000003
0.45103699999999997
-0.41732600000000003
0.34825300000000003
0.0
0.035882599999999994
-0.338708
-0.0430873
-0.23412199999999997
0.264977
-0.17660399999999998
0.9198559999999999
0.5788800000000001
1.3722299999999998
0.993441
-0.476703
-0.274649
-0.832782
0.42525799999999997
-0.611436
0.32727
-0.625877
-0.900913
-0.46593199999999996
-0.406356
0.40372800000000003
0.950042
0.0
0.037228899999999995
0.6491140000000001
0.0
-0.9118440000000001
-0.195949
0.5075649999999999
-0.8743209999999999
0.46148100000000003
0.0
-0.21512699999999998
0.8376520000000001
0.424835
0.107399
-0.551906
0.246842
-0.0256223
-0.0867329
-0.438342
-0.78538
0.0
0.0
0.452362
-3.22235
0.0
-0.168239
-1.28798
-0.312715
0.44376899999999997
-0.00794056
-0.44461000000000006
0.421731
0.125368
-0.865424
