-0.63994
0.354173
0.709034
0.490275
0.109026
0.229256
0.761594
0.911248
0.29125
-0.225369
0.309259
0.898151
0.898151
0.6389699999999999
0.24448699999999998
-0.46238900000000005
0.6984239999999999
0.594201
0.9625950000000001
2.41866
0.406588
0.655257
2.0845700000000003
1.8396599999999999
1.69783
2.15557
3.3361
2.64112
2.79098
2.79098
1.7577900000000002
2.62225
1.63927
1.17113
0.0184034
0.5388149999999999
2.26805
0.921636
0.884316
1.52399
-0.277486
0.0195076
2.9603599999999997
2.4677700000000002
2.84052
0.24094899999999997
0.564662
0.709809
0.35383600000000004
-0.128895
-0.6416029999999999
1.90485
0.480988
1.4636200000000001
0.0964706
-0.407558
0.5682189999999999
0.46589899999999995
1.12653
0.49084099999999997
0.732703
1.20183
-0.0424568
1.7392
1.25286
2.27884
0.751479
0.341039
0.243142
0.283467
0.75355
0.01514
-0.526223
-0.190472
-0.474689
-0.474689
-1.13331
-3.6164099999999997
-0.839362
1.2575399999999999
0.32222
1.8303
0.984925
1.3625200000000002
1.06483
0.571183
-0.21427100000000002
0.570185
-1.0239200000000002
-0.664022
-0.239954
1.16248
1.256
1.2497200000000002
-0.818157
0.417662
0.8108989999999999
-0.539198
1.22719
-0.965578
0.145818
-1.28954
-0.28988400000000003
-0.37798000000000004
-1.15226
0.00555562
-0.0955608
-0.469271
-0.99672
-1.04607
-1.08274
-0.848043
0.05968430000000001
-0.391928
0.0213862
0.214705
-0.525886
2.38866
-0.140938
1.13104
0.610938
1.52613
2.2199
-0.329809
0.157308
0.450229
0.450536
-0.964449
0.23673699999999998
-0.51446
-0.44033100000000003
-0.544457
-0.491817
0.816909
-1.07412
0.761829
1.64945
-0.284715
-0.100329
-0.5837640000000001
-0.00488394
1.9395099999999998
1.67763
1.1194
-2.32516
-0.6502819999999999
0.176183
0.864941
0.993447
-0.12975899999999999
-0.6414310000000001
1.55471
0.716597
1.9129900000000002
0.5240739999999999
0.390689
-1.01562
1.42361
0.27321100000000004
-0.261444
0.49483900000000003
-0.39453
0.0160283
-0.122557
0.7428
3.18255
-0.49597399999999997
0.9113389999999999
2.63935
1.781
1.66593
1.11027
1.11027
1.3548200000000001
1.3548200000000001
0.613933
-1.28579
0.26090100000000005
-0.535355
0.0440711
-0.474475
0.333654
0.795266
0.85475
1.10422
0.189256
1.2634
0.431609
-0.12233800000000002
-1.17605
-0.232519
1.76855
1.52589
1.0719
1.06261
-0.496741
-1.49227
-0.9107280000000001
1.6488200000000002
2.12066
-0.466024
-0.43665
0.533882
1.38284
1.38109
0.788503
0.331978
0.40124899999999997
1.18824
0.587123
0.7262310000000001
0.478174
-0.13905399999999998
-0.49723199999999995
1.64205
-0.424534
1.0516
-0.501265
0.8585809999999999
0.462703
-0.393336
1.0333
0.615287
0.642687
0.561711
0.58739
1.00111
-0.612909
-0.371969
-1.57711
0.49292299999999994
0.8935649999999999
-0.529967
0.44228599999999996
-0.749785
0.0868201
1.14083
-0.9161469999999999
-0.89281
-0.606398
-1.3271600000000001
-1.4153200000000001
-1.3615
-0.48323999999999995
1.65072
1.02878
1.31361
0.30671
-0.17882699999999999
1.0654299999999999
0.12190799999999999
-0.9010530000000001
0.05378719999999999
0.0
-0.780791
-0.185501
-0.17791700000000002
0.482875
0.539642
-0.194036
-0.7006939999999999
-0.611021
-0.36735999999999996
-0.0515939
0.42270399999999997
0.606332
1.13218
0.102441
1.1765299999999999
0.338258
-0.715889
0.63052
2.14519
0.596206
-0.835627
0.392964
0.786155
0.664503
0.421339
0.421339
-0.0640982
0.39979499999999996
1.60238
1.74889
1.68062
0.36189
-0.472595
0.58841
1.11438
1.11438
1.09627
-0.5418350000000001
-0.196178
-0.0454256
-0.372105
-3.0739
-0.176463
0.178912
0.0660429
0.46456400000000003
0.40208499999999997
0.114525
-0.319508
2.78105
1.7174
1.62335
1.6157
-0.0799888
-0.07144389999999999
0.8216829999999999
0.928016
1.40877
1.4653399999999999
-0.520383
-0.00357039
1.62779
1.70207
0.5397930000000001
-0.548014
-0.586387
0.879861
2.29846
3.09947
1.21856
0.325455
0.631224
-0.119939
0.191654
0.993267
-0.9815020000000001
0.12678299999999998
0.0504075
0.181519
2.35774
-0.299094
0.403488
0.361516
0.5869300000000001
1.55542
1.12877
1.9080400000000002
1.44992
1.4178899999999999
1.76278
0.21089699999999997
0.8325290000000001
1.40658
1.06621
0.8460200000000001
0.167941
0.764713
-0.18578499999999998
0.013747200000000001
0.259971
1.18929
0.670689
0.228503
0.8491549999999999
0.39324000000000003
-0.152069
-0.8528379999999999
-0.588055
0.7362489999999999
0.130161
-0.23431300000000002
-0.7196739999999999
1.22164
-0.300019
-0.930532
-0.682595
-0.821788
0.860777
-0.332642
-0.821739
0.556841
0.474749
0.254627
2.9462099999999998
0.522417
0.116229
0.377181
1.30291
2.00833
2.35093
2.35093
0.320088
-0.479836
-0.24129499999999998
0.49175399999999997
2.00335
-0.415411
-0.75502
1.9967
3.0066200000000003
0.585216
2.00561
2.0633
2.60185
2.30044
1.53373
0.8270700000000001
1.4212200000000001
1.36818
0.21497800000000003
-0.20492399999999997
-1.45791
0.184499
-0.469555
0.387878
0.605718
0.739939
0.556046
-0.11293199999999999
1.5187899999999999
2.3176099999999997
2.9
1.7257900000000002
-0.372314
-0.667517
0.6261680000000001
0.465243
1.35999
0.8597360000000001
1.02464
0.43905500000000003
-0.151775
1.49379
-0.7311880000000001
-1.3413
-1.3413
-0.5092760000000001
-0.990057
0.697368
-0.459178
0.359417
-0.8183560000000001
0.536373
0.073091
0.78285
-0.557087
1.2125299999999999
-0.244892
-0.420408
0.390251
0.42048100000000005
0.966974
0.873724
0.41068000000000005
1.0006
1.86769
0.35196
-0.0349812
1.33648
1.53417
1.68265
0.0234168
-0.652746
1.26478
-0.83604
-0.861375
-0.5292979999999999
-0.599003
-0.771807
0.0316459
