0.46045200000000003
-1.33202
0.23523400000000003
-0.276852
0.153203
0.117323
3.0731900000000003
1.42183
0.664017
0.139672
1.2248
0.9833379999999999
0.9833379999999999
0.332407
0.13701
-0.743818
0.525733
0.376523
2.10129
3.3299199999999995
-0.607173
1.27549
0.58822
1.62763
2.18518
2.3878
3.0318099999999997
3.54261
2.32871
2.32871
0.665169
2.20985
2.36695
-0.363912
0.32459499999999997
-0.836189
-0.0676642
0.00486573
0.41539799999999993
0.608062
0.180847
0.172421
3.41785
3.4667
2.37994
0.722037
0.592326
-0.830111
0.014029300000000001
-1.62763
-0.128821
3.78747
-0.594757
3.0484400000000003
-0.24840399999999999
-0.0011890999999999998
1.23616
0.39667600000000003
0.824102
0.368117
-0.232875
0.180375
-0.609865
0.0299267
0.589254
0.290858
0.461462
-0.9021549999999999
1.2899399999999999
0.157756
-0.0820379
-0.736242
-0.175691
-0.47089200000000003
-0.00772178
-0.00772178
-0.138074
0.321836
1.3779299999999999
0.8628399999999999
1.386
0.843199
0.19204200000000002
-0.8657379999999999
-0.621084
-0.831109
-0.736593
0.399029
-1.27823
1.55948
-0.726478
0.381867
1.1762299999999999
1.3695899999999999
0.536451
0.45530600000000004
0.64645
-0.332782
-0.781554
-1.62096
-0.437116
-0.406351
-0.167479
-0.644192
1.56475
0.191064
-0.188059
-0.929408
-0.81292
-0.806217
-0.380863
-0.13622599999999999
1.09427
-1.01837
-1.60022
-1.48177
-0.47837299999999994
-0.13181400000000001
-1.79375
-0.18315
2.43394
2.2559099999999996
0.677802
-1.3653899999999999
-1.57587
1.11828
-1.85132
-1.0096399999999999
-1.0654299999999999
0.053092499999999994
-1.3311
-0.464959
-0.14954
-0.35952
-0.705436
1.4908
0.839606
0.512996
-1.09875
-1.7161
-1.2525600000000001
2.23579
3.2242599999999997
-0.04108780000000001
-1.4578
0.351038
-0.622337
0.5926819999999999
0.7340369999999999
0.340326
-0.398862
0.331165
0.5229239999999999
2.6501
-0.172455
0.507402
0.47341000000000005
1.0205899999999999
0.9320360000000001
-0.318441
0.40145
1.23635
-0.0489829
-0.302581
-0.059826
-0.8650540000000001
-0.6407189999999999
-0.35903
1.6970599999999998
-0.18071900000000002
1.2094799999999999
0.07660189999999999
0.07660189999999999
-0.140872
-0.140872
-0.568243
-0.606474
-0.351028
-0.653555
0.35034899999999997
0.551713
-0.450082
0.7037899999999999
0.179835
-0.968033
-0.15478599999999998
-0.6298279999999999
-0.370014
-0.303356
-1.2190299999999998
0.043013
0.265441
-0.177591
-0.31741199999999997
-0.0743793
-0.665646
-0.490228
-1.2949700000000002
-0.193149
1.14099
-0.622522
0.109222
-0.9910120000000001
0.9126129999999999
1.4820799999999998
-1.39658
-0.550932
0.7427229999999999
-1.21407
1.8287200000000001
-0.854891
-0.858557
-0.301016
0.570637
0.44678999999999996
-0.595295
-1.7634400000000001
-0.9183950000000001
0.507891
0.0671072
-0.285608
0.996674
1.44377
-0.615654
0.912797
-0.177949
-0.941541
-0.974825
-0.858002
-3.0594900000000003
-0.47436000000000006
0.635358
-0.20974600000000002
0.59368
-0.37740300000000004
1.5525799999999998
-0.838252
0.176804
-1.05014
-0.0766693
0.291564
-0.175296
-0.6336510000000001
-0.00304997
0.300991
1.11499
0.7957989999999999
0.144198
-0.248325
-1.08774
-0.905258
-0.328363
0.696127
-1.05999
-0.835076
-0.6522060000000001
-0.9647370000000001
-0.395831
-1.59418
-0.682693
-0.13805599999999998
0.677942
-0.293844
-0.160597
-0.59424
-1.78909
-0.45088599999999995
-0.0771091
-0.011898899999999999
1.2825600000000001
0.00390772
0.423285
0.442748
1.0476
-0.586584
0.220458
0.0300631
0.34066199999999996
2.01302
2.01302
-0.10476700000000001
1.30158
0.585183
-0.487964
0.052495299999999995
1.40266
0.465214
0.0700066
1.0967
1.0967
0.298639
0.0731535
-0.037915199999999996
-0.552427
-1.07581
-0.19345
-0.5301359999999999
-1.31131
0.678059
-0.048768599999999995
0.113696
0.565874
0.563528
2.92726
1.31388
0.277171
0.384282
0.591059
-0.146772
-0.262815
-0.426701
-0.0464195
0.498093
0.475322
-0.110418
1.60286
0.812025
0.014878799999999998
-0.176483
-0.283085
0.165946
4.52198
2.1710700000000003
0.715324
-0.301675
0.988591
1.22567
-0.255431
-0.5495770000000001
0.07878660000000001
-0.0468823
-0.5442520000000001
2.21795
2.41983
0.313818
2.50115
2.66718
2.90505
3.6272300000000004
0.41848100000000005
3.5093099999999997
3.9628699999999997
-0.269377
-0.08348799999999999
-0.126024
0.583447
-0.206679
-0.7970109999999999
-0.176846
-0.27927399999999997
-1.13576
0.253365
-0.261418
0.20596399999999998
-0.57092
0.257333
0.5583100000000001
-1.2125
-0.779328
-1.18721
-0.911119
0.125128
-2.29448
0.592009
-0.110801
-0.697936
-0.8384010000000001
1.17606
-0.493008
0.287516
-0.580925
0.0782783
-0.276401
-1.01834
0.0788092
-0.141846
-1.25906
0.947349
-0.770234
-0.434783
1.2271
-1.1808
2.98271
2.6915
2.6915
0.746051
0.565526
0.396136
-0.98293
0.360717
-0.774037
0.820106
0.22381700000000002
1.65976
-0.19328499999999998
3.0114099999999997
2.64914
0.24673299999999998
0.5277189999999999
0.418946
0.178016
0.486299
0.0261356
1.41951
-0.16214
-0.120627
0.162115
-0.099119
0.59396
-0.707485
0.244986
0.866563
0.32332
0.603931
0.621582
0.5734859999999999
3.7345599999999997
1.07397
-0.530738
-1.5484799999999999
-0.0706502
0.907984
0.045767800000000004
0.122608
-0.0168267
0.231573
0.00235271
0.163117
-0.987139
-0.987139
-0.255635
0.189844
-0.031120299999999997
1.5405200000000001
0.265863
-0.628131
0.567134
-0.084377
-0.00487854
-0.5063300000000001
0.389822
-0.14965599999999998
0.220202
-0.527977
-1.60239
0.29683699999999996
-0.732322
0.25241199999999997
0.399438
0.530461
0.874381
0.22199499999999997
-0.350844
-0.6061489999999999
0.12953399999999998
-3.7847800000000005
-0.38604099999999997
0.9007219999999999
-0.522018
-0.231277
-1.2963200000000001
-0.254718
-0.32228
-0.377323
