1.0117200000000002
0.403931
1.3510799999999998
1.42173
2.29812
2.32114
1.4809
1.08134
1.46718
0.32303000000000004
1.5544799999999999
1.56914
-0.6835100000000001
0.20546199999999998
0.10998699999999999
2.14983
1.8213400000000002
-0.322495
-0.5051100000000001
1.49691
0.70594
0.46088100000000004
-0.655826
1.89895
1.37324
0.693375
1.50724
1.6137299999999999
1.67085
1.8751400000000003
0.814843
-0.0866201
1.15796
1.3770799999999999
1.35218
0.43849399999999994
0.0258262
0.641253
2.03169
0.21446500000000002
0.28491500000000003
0.527134
-0.541848
0.474071
1.63467
1.02721
1.5272700000000001
0.337517
0.7539640000000001
-0.499468
1.26867
1.76016
0.818001
0.250357
1.35944
1.10057
1.1097700000000001
0.357888
1.83152
1.07379
0.318085
-0.9874059999999999
-0.047995300000000005
2.0155
1.2697100000000001
1.47296
0.782929
0.66209
1.53298
0.398773
0.33310300000000004
1.51213
0.519255
1.8113700000000001
0.987395
2.64359
1.17418
1.2167299999999999
-0.690041
2.3007299999999997
1.37465
1.05615
0.795359
0.114695
1.55841
0.27229200000000003
0.450291
-0.0831278
2.44354
-0.20413199999999998
1.4608299999999999
0.479732
1.66198
2.09245
0.5797329999999999
0.8472700000000001
0.827148
1.84915
0.5513560000000001
1.22021
1.30734
1.76784
1.51464
1.1575799999999998
2.00464
0.529277
1.9318
1.6765900000000002
0.025541400000000002
0.5984229999999999
1.1797600000000001
0.146452
0.18507200000000001
1.42763
0.5360060000000001
1.30362
1.1642
-0.912594
-0.258328
0.518732
1.45295
0.229357
0.632173
0.8194229999999999
1.1278700000000002
2.45293
0.523453
0.392313
1.93389
0.26826500000000003
0.9541440000000001
-0.144373
1.14606
1.21981
-1.04488
1.52601
0.226938
1.60765
0.902835
-0.337771
1.09073
1.95258
-0.483159
1.4485700000000001
1.20118
1.9361599999999999
-1.70514
0.363715
1.79585
1.1172600000000001
-0.574454
-1.24279
0.739765
0.0480945
0.32322399999999996
1.30226
0.234835
0.8691969999999999
-0.5645020000000001
0.527662
0.843091
1.17543
0.823751
1.98078
-0.858331
0.07235950000000001
1.24668
2.06868
0.9208639999999999
1.30064
0.24597199999999997
-0.447301
-0.72059
0.9376760000000001
1.50583
1.44963
-2.2697599999999998
1.2062700000000002
-1.00566
-0.40416399999999997
1.34996
0.23678000000000002
0.43130799999999997
1.68507
0.787664
2.01671
-0.361861
1.8652400000000002
0.9784290000000001
0.73644
-1.17103
0.520355
0.11788499999999999
-0.607492
1.0768799999999998
0.662258
-0.31701599999999996
-0.464467
-2.21644
1.59879
0.969543
0.400208
2.24095
0.24762399999999998
1.34127
1.62283
0.692376
0.386288
1.66586
0.727993
2.21778
1.9087599999999998
0.795442
-0.299006
0.800552
-0.440615
0.806995
-1.19841
-0.47858999999999996
2.3376200000000003
-0.727525
0.913645
-0.10263299999999999
0.7875439999999999
2.6915
1.19254
-0.695534
0.88045
0.05817919999999999
-0.0431471
-0.0574177
1.60284
-1.1268200000000002
0.679771
1.1075700000000002
0.772859
-0.802994
-0.371817
-0.799607
0.216435
-0.8789469999999999
1.53798
0.8864
0.290302
-0.781225
-0.30784
1.62909
1.1696
0.9084780000000001
-0.0597065
1.2595299999999998
0.8665959999999999
1.4187100000000001
1.11721
0.48778299999999997
0.49671400000000004
1.54201
0.287058
-0.959415
1.4142
1.1486299999999998
1.40845
0.560786
0.328276
1.27941
-0.368235
0.06993780000000001
-0.0333473
-0.448496
0.252961
1.9171900000000002
-0.642269
0.36806500000000003
0.7998850000000001
1.49227
0.8735569999999999
-1.7399
-0.177671
0.760544
0.424255
-0.49704899999999996
0.629631
0.0998966
0.8284360000000001
-0.6883279999999999
-0.158576
-1.13469
0.9442510000000001
0.09072910000000001
-0.5303939999999999
-0.200037
-0.0156725
-0.869023
0.32092800000000005
-0.162913
-0.615039
-0.6801189999999999
0.570904
-0.46154700000000004
-0.299153
-0.222333
0.0
0.0
0.0
-1.3910799999999999
0.755269
-0.849673
-0.223807
0.285747
-0.570563
1.0356
-0.39773600000000003
0.0
-0.147491
0.5923149999999999
-0.449931
-0.773741
-0.26694
-1.81387
0.0
-0.479005
-0.339616
0.14465799999999998
-0.0743294
-0.953314
0.512798
0.139027
-0.41736
-0.069452
0.23397199999999999
0.184972
1.06715
0.204713
-0.110372
0.0
0.479353
-1.61175
-0.6949930000000001
-0.45286499999999996
-0.531968
-0.79801
0.9336120000000001
0.126859
0.0435097
-0.0476699
-0.591741
0.22591599999999998
-0.80143
0.645512
-1.83142
0.802904
0.0968594
-1.00756
0.545588
-0.156142
0.0799707
0.0
-0.361987
-0.328563
0.0453842
0.391474
0.0760179
-0.49468599999999996
0.491033
-1.2687
-0.47765100000000005
0.19120499999999999
-0.460786
-0.125908
-2.13985
-0.5809979999999999
1.2967
2.25656
-0.307596
-1.68356
-0.629694
-0.139773
-0.41974799999999995
0.71244
-2.0672200000000003
-1.83454
-0.192597
-0.8857010000000001
-1.16133
0.635145
-0.526529
-0.41997399999999996
0.10015800000000001
0.388617
-1.0607600000000001
-0.486523
-1.32988
1.6959
-1.3180399999999999
0.0635294
1.09077
-0.377803
0.231829
0.0
-0.33100799999999997
-0.559863
-0.738031
-0.445791
-0.15881800000000001
-0.292864
0.0
-0.12825
-0.814611
-0.8755850000000001
0.146449
-0.231444
1.40315
0.0169558
-0.865243
-0.381448
-0.935307
-1.07497
2.20424
0.0
0.660474
-3.0088
-1.2854299999999999
0.0
-0.9706309999999999
1.54966
-0.25489
0.9586969999999999
-1.0045600000000001
0.0879252
-0.21274400000000002
0.06634119999999999
-0.34809
-1.27591
1.2331
-0.535755
0.28169099999999997
-0.09435139999999999
-0.171176
-0.0769914
0.0
0.253786
-0.591689
0.49010200000000004
0.05364159999999999
-0.338473
2.25609
-0.451883
-1.7183
0.565125
0.552122
-0.33276999999999995
0.794032
0.0270892
1.62537
-0.740157
0.346961
-0.250094
2.07685
-0.44404099999999996
0.0
0.335092
0.523055
-0.296358
-0.231174
-0.130235
-1.88068
-0.18156
0.23739000000000002
-1.0847799999999999
-1.36503
-0.047422399999999997
0.35386300000000004
-0.799034
-0.176772
-0.151826
-0.9315629999999999
0.451694
-0.493861
0.761074
-0.154771
-0.0364869
-0.036789300000000004
-0.23990300000000003
0.145572
0.256957
0.9495600000000001
-0.173807
-0.117726
-0.38333
-0.340332
0.150497
0.12982
-1.06514
1.06298
0.0219174
0.277266
0.0297194
-0.261732
1.50464
-0.271702
-0.358142
-0.705149
0.0
-1.9217400000000002
0.445321
-0.298489
0.305865
-0.29572800000000005
-0.06865460000000001
-0.295773
0.24558200000000002
0.452597
-0.361014
0.591885
-0.00565581
-0.338359
-0.113022
-0.18199200000000001
0.378315
0.798046
-0.541726
0.276045
-0.0474281
-0.34832399999999997
1.16636
-0.321827
-0.21625500000000003
-0.0369098
0.149926
-0.282275
-1.62425
0.0
0.5355340000000001
0.664858
-0.0869868
-0.00857492
-0.263465
0.314381
0.0
0.37685
1.6632200000000001
-0.145387
0.364727
0.248425
0.045574199999999995
-1.4007399999999999
-0.6533220000000001
-0.310919
-0.11651099999999999
-1.6778
-0.639601
-0.42386499999999994
-0.0147989
0.710379
-0.80712
0.027258799999999996
0.0516505
0.567409
-0.436407
0.0
-0.674194
-0.18423399999999998
-1.50078
-0.6294770000000001
-3.10549
-1.8587
0.0
1.94324
-0.641984
-0.333241
0.0
-0.787456
-0.760039
-0.205447
0.0
-0.07783510000000002
0.24209299999999997
-0.482253
-0.178982
0.0584856
-0.11668699999999999
-0.5563130000000001
-0.548421
-0.45844399999999996
-0.613793
1.11259
-0.21735300000000002
0.442328
-0.491633
-1.41032
0.29287399999999997
0.479441
-0.945493
-0.505157
-0.5484760000000001
-0.126058
0.305589
-0.340672
-0.319603
-0.093194
-0.414162
0.277419
-0.904666
0.475022
0.83268
-0.142072
0.243381
-0.38229
-0.459399
-0.795509
-0.12318499999999999
-0.359032
-0.0642146
-0.625414
-2.1099900000000003
-0.36795500000000003
-0.385716
-0.53803
0.340589
0.585511
-0.0391517
0.41160399999999997
-0.338016
0.22800700000000002
-0.473393
0.0
0.339262
0.450434
-0.314283
-0.231167
-0.87856
0.0
-0.295061
0.48533000000000004
1.76797
-0.199024
-0.628052
0.106794
-1.5513299999999999
0.21658400000000003
0.24445300000000003
-0.6204430000000001
-1.11719
-0.874725
-0.6030310000000001
0.52173
-0.783507
-0.293704
0.0
0.23213000000000003
-0.42762100000000003
-1.1190200000000001
-0.0263207
-0.946262
0.10339100000000001
-0.369771
0.6941350000000001
-0.266376
-0.15749000000000002
0.669507
-0.332348
-0.802886
-0.22089699999999998
-0.8336100000000001
-0.11302899999999999
-0.668643
-0.126109
0.401512
0.101096
-0.7994180000000001
-0.402615
-0.0905138
0.727873
-0.47527600000000003
0.583068
-0.42664300000000005
0.0
-1.09914
1.1789399999999999
-0.118217
0.0650349
-0.275359
-0.178243
-0.106031
-1.9386400000000001
0.0
-0.352164
0.0
0.61898
-0.487969
-0.5842609999999999
-0.803104
0.21559099999999998
-0.43619300000000005
-0.28362600000000004
-0.7476689999999999
0.9956020000000001
-0.47756400000000004
1.20801
-1.10552
0.783357
-0.445904
0.79068
0.218547
-1.1848299999999998
-0.11034000000000001
-0.6790619999999999
1.17521
-0.584597
-1.0352700000000001
-0.53149
-0.705954
-0.488979
0.14874300000000001
0.16731500000000002
0.807283
-0.362327
0.00247515
0.0
-0.28933600000000004
1.67346
-0.448666
-0.22031399999999998
1.8614700000000002
0.21041700000000002
-0.44448000000000004
-0.231987
0.6479659999999999
-0.49914200000000003
-0.38212399999999996
0.192202
-0.9118639999999999
0.12847999999999998
-0.123527
-0.147319
-1.1990100000000001
-0.9072389999999999
0.541942
-0.928024
-0.750376
-0.486961
-0.540416
-0.199732
-0.23723200000000003
-0.194608
-0.371935
0.0262754
0.0863421
0.947524
0.0
-0.859835
-0.024284200000000002
0.161214
0.272572
-0.06194580000000001
0.753224
-0.20547800000000002
-0.0469022
0.42820699999999995
0.14110999999999999
0.681249
0.49223100000000003
-0.9610360000000001
-0.5497609999999999
0.0
0.105451
0.156808
-0.06747339999999999
-0.627484
-0.588675
0.320367
-0.176253
0.0329093
-1.535
-0.0141719
0.400982
0.37835
-0.101888
-0.12821
-0.843219
-0.855361
-0.824219
0.00782535
0.0
1.03505
-0.22958
0.161378
-1.49334
-0.871785
0.00114582
-0.644964
-0.399812
-1.19898
-0.346596
-0.6398119999999999
-2.1865799999999997
0.0125578
0.10288299999999999
-0.08147230000000001
0.552181
1.6062100000000001
0.47478000000000004
-0.851455
-0.160523
0.613816
0.132118
-0.16835
0.0
0.512872
-0.138837
-0.602532
2.0459099999999997
0.00518856
1.4532100000000001
0.804272
0.0
0.0
-0.07351289999999999
-0.214716
-0.570308
-0.675787
-0.131467
-0.746766
-0.400762
-0.416857
-0.290862
0.0
-0.562304
-0.43551999999999996
0.120315
-1.26958
0.0
-0.528918
-1.11225
-0.17819200000000002
-0.46047899999999997
-0.404036
-0.5195029999999999
0.046241500000000005
-0.733525
-0.8274959999999999
0.120871
0.282518
-0.814354
0.5665060000000001
0.9571629999999999
0.0458409
-0.355333
0.745841
-0.000767094
0.35936
-0.441528
0.0274238
-0.404355
0.014846000000000002
0.20039500000000002
-0.36858
-1.56702
-0.0668316
1.15489
0.138398
0.11869500000000001
-1.4361899999999999
0.46219899999999997
0.0265733
0.33164499999999997
-1.17995
-1.18135
-0.0032863
0.207474
0.204491
-0.965749
-0.25755
-0.22760100000000003
-0.134279
-0.307725
-0.230519
0.173473
-0.408204
0.21553200000000003
0.316539
0.241208
0.48216099999999995
0.0724046
0.0927668
0.257889
0.114074
-0.537721
-0.142574
0.5712149999999999
0.238223
1.1702299999999999
0.295795
-0.612426
-0.144043
-0.699272
-0.65489
-0.169716
0.324069
-0.0980438
0.0
-0.373645
-0.40420700000000004
0.266841
-0.739537
-0.0357854
0.0214887
-0.32062199999999996
-0.203735
0.563227
1.03867
0.0663125
0.511042
-0.391223
0.491439
-0.290432
0.643001
-0.7892020000000001
-0.507249
-1.2766
0.784231
1.1647399999999999
1.49004
0.0
-1.58924
-0.453696
0.0
-0.878239
-0.107697
-1.26678
-1.35182
0.336122
0.0
-0.527755
0.245259
-1.49556
0.377855
-0.149887
-0.448585
-1.8910799999999999
0.0638829
-0.20893
-0.15001
0.0
0.0
-0.23563299999999998
-0.8655799999999999
0.0
-0.495949
-1.7497099999999999
0.00331812
1.2809
0.472915
-0.797817
0.314663
0.050669
-0.613434
