-3.13767
-0.707917
0.711159
0.05286849999999999
1.57483
-1.60742
3.15693
0.7712359999999999
-0.851459
-0.993165
2.42148
0.18463
0.18463
0.244839
1.08585
-0.168396
-2.10595
-3.41353
2.0434400000000004
2.1370299999999998
-2.02373
0.08654769999999999
1.20268
2.27005
3.31534
4.291
2.3188299999999997
2.29881
3.23013
3.23013
2.01096
0.509035
1.18248
-1.73075
-1.36808
-5.44906
3.3555900000000003
3.10851
2.23505
-3.52719
-1.0937700000000001
-2.7548
0.934709
2.95972
1.79033
-1.5575299999999999
-2.46463
1.0313299999999999
-0.8514799999999999
0.725414
-0.9430799999999999
9.09515
0.51352
3.17618
-1.53245
0.9741780000000001
0.610388
0.473886
-0.698513
-1.46905
1.46866
0.724399
-1.55393
0.224061
-1.66481
-5.05104
-0.156844
-5.357080000000001
-0.314498
-0.725877
0.191947
-2.87073
-2.28251
-3.03104
-2.92972
-2.92972
0.852915
-4.61131
-3.79529
-0.545408
0.41997700000000004
1.36907
-0.0709904
-3.6381300000000003
-2.1015
-4.5723400000000005
-0.571088
-1.42282
-2.4696599999999997
-3.06576
-2.3934900000000003
2.5624700000000002
2.47807
-0.163899
-1.51319
-2.73798
-1.29633
-0.5872539999999999
-4.0239400000000005
-1.63324
-1.68838
-1.6326100000000001
-3.02793
0.423176
-3.3037400000000003
-1.05677
-1.63535
-3.5997800000000004
-2.6498
1.26724
3.7104699999999995
-3.4579
-2.56285
-1.05283
-0.860735
-2.4498900000000003
-3.12071
-0.90279
-0.289083
-0.07021489999999998
3.2859300000000005
2.71245
-3.11781
-3.22174
-0.952815
-3.26599
0.0
-1.7228599999999998
-0.529135
-4.942819999999999
-3.3205
-0.331685
-1.11267
-3.31987
1.25163
-1.53077
-1.07558
-3.6982699999999995
-1.39592
-1.38205
-1.55521
1.80785
2.88338
-4.42749
-1.6993099999999999
-3.5541300000000002
0.0
-2.12871
1.37422
-1.41856
-1.73377
0.339549
-0.0004901840000000001
3.3969199999999997
3.0009
-3.9636400000000003
-1.6024200000000002
3.00875
1.59275
-2.8125299999999998
-2.0578
-2.03226
-4.98996
-3.40294
-3.88712
-1.36046
-2.33541
-0.564608
0.841778
0.9759399999999999
2.81739
3.19829
3.19829
1.83696
1.83696
3.2671
-0.799212
-1.85333
-3.57784
-1.92009
-1.51611
-0.605871
-2.78241
-5.15081
-2.03227
-5.03281
-3.5097699999999996
-2.66669
-2.3226400000000003
0.24461100000000002
-3.01025
-0.716182
1.60337
-1.2431299999999998
-0.912283
0.338386
-1.70921
-3.02829
-3.4813099999999997
-1.31472
-3.2974699999999997
-3.9447
-1.4882600000000001
-1.26472
-0.430737
3.5305
-2.5849599999999997
0.15204600000000001
-1.11772
-2.26975
0.61707
-1.4646299999999999
-0.8971969999999999
-0.731956
-0.9746520000000001
-0.0392232
-0.22111399999999998
-2.41078
-2.96204
-5.2439
0.6193890000000001
-0.767889
-0.412075
-5.06691
-3.72931
-0.738911
-0.684816
-0.0722174
-1.8936099999999998
5.465990000000001
-0.773149
-1.15068
-1.4648299999999999
-0.516246
-3.10688
-3.11135
-1.6530099999999999
-1.92963
-3.3255800000000004
-2.0739900000000002
0.75968
-1.72753
-0.29029099999999997
-0.7521329999999999
2.64804
2.3963
-1.43174
-4.57324
-3.8628
-2.9973799999999997
-0.424433
-3.8824400000000003
-1.13283
2.54163
0.0
-2.42632
-0.872468
-1.56046
-0.780809
-2.5950599999999997
-1.02899
-2.86593
-0.766809
-2.4235
-2.2776
-2.20713
-1.7498799999999999
-4.09769
-0.9347129999999999
-1.88572
-1.34059
-0.34498
-1.0233
-2.00814
-0.11938599999999999
-2.51737
-1.32417
-0.671724
1.58031
1.58031
-2.7205
1.2694
0.280252
-0.18399300000000002
-0.020778400000000002
-0.715597
-0.894874
-1.28316
-0.375308
-0.375308
-1.8961599999999998
-3.43681
-0.736675
-3.48892
-1.5379399999999999
-3.83695
-4.10808
-2.05177
-4.61192
0.1907
-1.98158
-0.371309
-2.47864
0.958799
1.2523600000000001
-0.50302
-1.71262
-3.82824
-1.17451
-1.6254
-2.65942
0.760525
0.6624800000000001
-1.8393700000000002
-3.23716
0.0260414
0.0289121
-0.809945
-0.857933
-1.96217
-1.886
2.63265
-0.856574
-0.017841299999999997
-1.88621
0.735963
1.6524
-1.8615599999999999
1.139
-3.62986
-4.14519
-4.29186
-0.71728
-1.74594
-2.52197
0.546679
0.5573140000000001
2.73873
1.64684
0.695182
0.43866099999999997
1.82306
-0.5826479999999999
-0.34163899999999997
-4.5968599999999995
-1.9746599999999999
-2.3207400000000002
2.68824
-4.48212
-5.5620199999999995
1.1826299999999998
-1.9851400000000001
-1.83512
-1.49696
-1.8160599999999998
-3.2433
-3.39344
0.0838547
-2.05334
-5.012230000000001
-2.79149
-1.68497
-1.43848
-2.9500599999999997
-1.8339400000000001
0.8762340000000001
0.594913
-0.9711930000000001
-1.63373
2.33134
-1.81401
-5.30513
-0.809458
-2.73549
0.195048
-0.0749673
-3.38133
-1.1224100000000001
-2.0085599999999997
-2.12792
1.8598700000000001
0.9309559999999999
2.40653
2.7228
2.7228
1.06475
-3.5402699999999996
-1.9553599999999998
-0.9637120000000001
-0.976057
0.40102899999999997
-4.32368
-1.5485
-1.69947
-0.386315
1.2792299999999999
1.2716
-5.88495
-1.43897
-0.157631
-0.571862
0.376173
1.9830599999999998
1.30674
-1.45347
-1.27587
-1.8571799999999998
-2.50989
-0.7502300000000001
-2.61301
-4.4821
-2.05287
-1.04231
-0.847715
-0.485213
-1.26085
2.87954
-1.25796
-3.73431
3.56339
2.91018
-1.53986
-3.02125
-1.60572
0.43557799999999997
-0.413441
-1.9694200000000002
-1.9447599999999998
-1.2703
-1.2703
-1.69904
-2.3688
-0.54916
-1.08794
-2.08872
1.2685799999999998
-1.67622
-1.20963
-0.377311
-2.86213
-2.47355
-5.61609
-1.10727
-4.33511
-2.27257
-2.6453
-0.618023
-0.501954
-3.51924
-0.938326
-0.566481
-1.6142
-1.79865
-2.64472
-2.48985
-1.51451
-4.57303
-1.68691
-3.20934
-3.4465
-2.76862
-3.84778
-4.40378
-0.308093
