0.858979
1.73005
0.777613
1.51532
3.3326599999999997
2.69155
1.3811200000000001
0.35699000000000003
1.71458
-0.14094500000000001
2.4179
2.12007
0.803431
0.769519
-0.270608
2.36967
1.8360400000000001
0.382123
0.174845
1.30887
1.52798
1.1142100000000001
-0.529986
2.36122
1.07545
1.4180000000000001
1.7347
1.58841
1.37117
2.27661
0.560454
0.252192
1.5382799999999999
1.77187
2.18123
1.75426
-0.0757776
0.595669
2.58867
1.17489
0.156777
0.970053
-1.71745
0.904863
2.41341
2.0316400000000003
2.1074
1.2797100000000001
1.8868
-0.21224899999999997
2.37321
1.72905
0.903573
0.767383
0.328914
0.748405
1.56505
0.744196
2.25162
1.6141
-0.0304964
0.41637700000000005
1.34584
1.75853
1.23692
1.50552
0.7442880000000001
1.50173
2.30629
0.601017
-0.41492799999999996
2.09029
0.778805
2.21476
2.12392
3.09076
1.37001
1.29849
-0.861049
2.53194
1.72238
1.0476299999999998
1.5399399999999999
1.31428
1.51833
0.28846700000000003
0.534092
-0.153976
2.12772
1.81204
1.68239
0.45874
1.2289299999999999
2.18337
1.04623
1.56713
2.28709
2.80166
0.561403
1.64545
1.74065
2.1147299999999998
2.24423
0.0387548
1.79772
0.0313862
2.86617
1.14194
0.208035
-0.399107
1.49338
-0.470955
1.04951
1.35372
0.8465940000000001
1.19638
0.620609
-0.479233
0.13884200000000002
1.2568
1.64211
0.353273
0.168185
1.22448
1.50475
3.2528799999999998
1.45646
1.22064
2.7212400000000003
0.733323
0.850622
0.757089
1.93734
1.6528900000000002
0.06530359999999999
1.6869900000000002
0.9268299999999999
1.79827
1.6887900000000002
-0.200506
1.11311
2.48622
0.212667
1.97995
1.38561
1.83535
-1.4202299999999999
1.03473
2.01911
0.9876219999999999
0.35299
-0.07077760000000001
-0.815552
0.45198699999999997
0.375632
1.26047
0.28058099999999997
2.12778
-0.129904
0.865483
-1.63668
1.29237
1.02359
2.79027
-0.29693
-0.694375
1.33778
2.07353
1.51776
1.58865
-0.71095
-0.0560356
-0.7038800000000001
1.52902
1.8408200000000001
2.61877
-1.36515
1.29583
-0.222822
-0.449121
1.9387900000000002
0.9738959999999999
1.2580799999999999
1.32533
-2.81129
2.5714
-0.07297519999999999
1.8338400000000001
2.05012
1.5588
-2.28497
1.2415399999999999
0.408663
-0.47043
1.06415
1.44822
-0.372684
-0.15801199999999999
-2.81251
1.76098
-0.369956
1.50233
2.25615
1.64638
1.32006
1.79693
1.39695
1.52257
1.37199
1.31198
1.6247
2.38656
0.34868699999999997
0.00816743
2.69893
0.0113302
1.5043799999999998
-0.801072
-1.45553
3.4622800000000002
-0.715726
1.23844
-0.567427
1.60897
3.6113199999999996
1.69567
0.021318200000000002
0.7667039999999999
-2.18405
0.23338899999999999
0.11450199999999999
2.0336
-0.518333
0.46623000000000003
1.58827
1.20068
0.123606
-1.08789
0.250187
-0.276995
-3.2785699999999998
2.06563
1.41988
0.983399
-1.27672
-0.0543033
1.9486900000000003
1.7214099999999999
0.952557
0.26933
1.48738
1.06555
1.4534
1.62881
0.507478
0.815291
1.33188
0.35589299999999996
-0.315799
1.8417299999999999
1.88778
1.37743
1.48084
1.0832700000000002
1.31789
-1.9316400000000002
-0.6883560000000001
0.606946
-2.26645
0.611341
1.94923
-1.06092
0.861232
1.6487
2.45965
1.5890799999999998
-0.650501
-0.40873400000000004
0.629473
0.026662900000000003
-0.338577
1.3348200000000001
-0.26673800000000003
0.711986
0.102853
0.0213583
-0.404333
-1.47749
-2.28397
-1.03759
-1.9756099999999999
0.46309799999999995
-1.5298399999999999
0.311731
-0.782303
0.993821
-0.48724300000000004
1.04415
-0.42515699999999995
0.05823430000000001
-0.118421
0.0
-4.09468
0.0
-0.26664299999999996
-0.7239140000000001
-1.56172
-0.0245179
0.203361
-1.75361
1.52473
-0.514374
0.0
0.11189
-0.113277
-1.46197
-0.107153
0.664998
0.0368044
0.0
-0.852483
-0.10620399999999999
0.109367
-0.281578
-0.13458699999999998
-1.80365
-0.29416
0.827794
-0.29548
0.697166
-0.108493
0.818904
-0.786659
-0.34365500000000004
0.0
0.984135
-2.22365
-1.1940600000000001
-0.15078699999999998
-0.6229819999999999
-0.7619779999999999
-0.25272100000000003
-0.443479
0.07133250000000001
0.28991500000000003
-0.742649
0.30098400000000003
-0.629501
-4.409680000000001
-3.1641
0.197904
-0.07961389999999999
-1.38821
0.214342
-0.348035
0.666099
0.0
0.113569
-0.191206
-2.5231
-1.20108
0.319365
-0.676948
0.797184
-1.7244700000000002
-0.48621400000000004
1.0634
-0.378965
0.35133400000000004
-0.9528200000000001
-0.682353
0.6354529999999999
1.81873
-0.9285110000000001
-1.3464200000000002
-0.325429
-1.57044
-0.41217700000000007
-3.16446
-1.60769
-0.966102
-0.162493
0.00660837
-1.1233899999999999
1.00295
0.10311500000000001
-0.15764
-0.682726
1.14584
-2.43303
-0.227877
-1.49298
1.25888
-0.683031
0.435522
0.856036
-0.351249
0.0353054
0.0
-0.566882
0.26459699999999997
-0.39264499999999997
-1.08249
0.303093
-0.494554
0.0
0.017777099999999997
0.577886
-1.9001599999999998
0.41401800000000005
0.263193
1.81023
-0.172628
-1.06189
-0.20806999999999998
-0.568994
-1.96698
-2.63138
0.0
-1.77355
-0.362784
-1.35705
0.0
0.0129939
2.8830400000000003
0.0171624
1.1478
0.272066
-0.309178
-1.57891
0.435201
0.48795
-0.750292
1.20306
-0.309681
0.109048
0.240162
0.0906947
-0.6461439999999999
0.0
0.415537
-0.505653
1.28074
0.439438
0.506605
2.82796
-2.79265
-2.95687
0.23971199999999998
1.62382
-0.372427
1.03522
-0.421191
0.8434719999999999
-0.874316
-2.42868
-0.37049299999999996
2.3332599999999997
-0.59265
0.0
0.0770073
1.41949
-2.21545
-3.5429699999999995
0.24361999999999998
-0.308138
0.07156010000000002
-3.4503
-1.7149599999999998
-0.791082
0.294087
-2.09963
-2.0962400000000003
0.349934
0.439605
0.41357700000000003
-0.6295729999999999
-1.20613
0.5482899999999999
0.620183
-0.10227699999999999
-0.343721
-0.678188
0.021243900000000003
-0.508684
-3.3411199999999996
-1.31
-0.101122
-0.0415797
0.0812487
0.45733
-0.283354
-0.372254
0.9541229999999999
-0.0792635
-0.16123099999999999
-0.0147407
0.5345850000000001
1.1454600000000001
-0.345062
-0.827074
-0.0583447
0.0
-0.35879
0.43788699999999997
-2.6789400000000003
0.22705300000000003
0.33523800000000004
-0.261925
-1.07084
0.680511
0.327847
-4.057930000000001
-0.130519
0.5622729999999999
0.333254
0.0763473
0.56113
0.48161899999999996
0.339172
-0.778586
0.0703441
0.12592
0.0728936
0.48814799999999997
0.266898
0.21519699999999997
-0.156806
-0.27115100000000003
-0.16505999999999998
-1.3677700000000002
0.0
1.08653
0.07900139999999999
-0.28773699999999997
-0.0734225
0.43868999999999997
-0.285465
0.0
0.085426
1.88763
-0.17354
1.10645
0.00612897
0.234553
-1.3942299999999999
-0.0957945
-0.6950609999999999
-2.49772
0.529542
-0.519754
0.891642
-4.06384
0.192031
-0.31487
1.7283
0.8283889999999999
0.160218
1.05314
0.0
-1.22563
-0.5616140000000001
-0.11257
-0.7550060000000001
-0.22635999999999998
-0.320332
0.0
2.3246599999999997
1.05719
1.34689
0.0
-1.03745
-0.482674
-0.18015699999999998
-4.30941
0.380467
0.441796
-0.0342962
-0.8697440000000001
0.380929
0.578728
-0.065799
-0.0921689
0.187747
-0.772135
0.834834
0.264349
0.795663
0.327338
-0.46081700000000003
-0.052257200000000004
0.828419
0.16134600000000002
-0.446967
-0.404756
0.348927
0.508562
0.531229
0.0504888
-0.11615199999999999
-0.08528889999999999
0.09215169999999999
-0.24841300000000002
0.707026
0.131986
0.0662953
0.0413284
0.25787899999999997
-0.63844
-0.179239
-1.2123700000000002
-2.64099
-2.9306400000000004
-0.369494
-2.88516
-1.3443100000000001
-0.23706300000000002
-0.9763
0.402828
0.42528900000000003
0.330135
0.273169
0.351568
-0.6443260000000001
-2.74911
0.0
-3.5629800000000005
0.360677
-0.553339
-0.36794899999999997
-0.036479000000000004
0.0
-4.14269
-2.07763
2.39098
-0.246885
-0.071764
0.28973899999999997
-1.9233200000000001
0.667157
0.142649
-4.25775
0.12806900000000002
-1.4642700000000002
0.286192
0.894972
0.279368
0.29525100000000004
0.0
-0.265296
-0.304811
-1.31145
-0.69053
-0.907639
-0.6773239999999999
-1.7303099999999998
-1.07559
-0.19678199999999998
-0.017224
0.777975
0.287393
-0.335495
0.793762
0.520903
0.6835180000000001
0.106709
-3.86801
0.705138
-0.25143499999999996
0.21204299999999998
-0.8265290000000001
-0.367185
1.0106600000000001
-0.09899580000000001
0.652936
-0.41922200000000004
0.0
-0.288648
0.80562
0.592345
1.0426600000000001
-0.80408
-0.308502
-0.28738600000000003
0.552713
-3.65676
-0.725971
0.0
0.78456
-0.489001
-0.28058
-1.05865
0.7194550000000001
-0.126627
-0.552465
-0.864986
0.820031
-0.474368
0.720958
-1.35711
1.91638
-0.575571
0.548445
-0.556836
-0.0884097
-0.187377
0.6531170000000001
0.896293
-0.0661273
0.212677
-1.06293
-2.69575
-0.13691099999999998
0.185918
-0.171274
0.54923
0.32359299999999996
-0.407115
0.0
1.35181
1.50389
-0.24837399999999998
-0.9459040000000001
0.363018
-0.29722800000000005
0.214995
-0.41101099999999996
0.146981
-1.08579
-0.426073
0.579829
-1.0990799999999998
-0.453825
0.0998512
-0.843118
-0.115972
0.034937800000000005
-0.26434
-4.3482
-0.438993
0.507962
-0.24864299999999998
-3.5699
-0.397214
0.430781
-0.39270700000000003
-0.34787199999999996
0.24842600000000004
0.403751
0.0
0.0400558
0.141401
0.104978
0.758971
-0.843902
1.00006
0.871655
-0.20984699999999998
0.7001029999999999
-2.59578
0.819242
1.2597200000000002
0.392531
0.143259
0.0
0.08245069999999999
-0.0975681
1.11663
-0.32331
-1.5233299999999999
-0.45744399999999996
-0.21532199999999999
0.5712119999999999
0.652141
-0.0270029
0.641849
0.34025900000000003
-1.1563
-0.40982299999999994
0.039439300000000004
-0.8626510000000001
-1.8196299999999999
0.977842
0.0
-0.602875
0.330246
-4.1946
-1.0473
-0.218644
0.0883414
0.0541016
-0.557847
-0.710309
-0.161457
0.332882
-1.06254
0.41247700000000004
-0.0390054
0.8325229999999999
0.641385
2.57029
-3.99674
-0.517137
0.458747
-0.22816599999999998
0.448924
-0.013949600000000001
0.0
0.0615148
0.282964
0.184023
2.35048
-0.430555
1.78568
1.5080799999999999
0.0
0.0
0.378168
0.345696
-0.143893
-0.341355
-0.28238800000000003
-0.412347
0.19341
0.486289
-0.00993652
0.0
0.035035500000000004
-1.23912
-0.029911200000000002
-0.47792399999999996
-4.27168
-0.286616
-1.0496
-0.694975
-0.577904
-0.18357300000000001
-0.651853
-0.0686132
0.906603
-2.05445
0.06905900000000001
0.0333416
0.345405
0.527818
0.718811
-0.159771
-0.597252
0.0524366
0.567422
0.201993
-1.5405
0.323047
0.0949623
0.0216755
-0.09607719999999999
-0.0811847
-0.6292220000000001
-1.6857400000000002
1.2664
1.08844
-3.74497
-0.803964
-0.767895
-0.47048500000000004
-0.769343
0.303454
-1.01799
1.14842
0.44723
-0.57016
-2.1007
-2.37387
0.349677
-0.289595
-0.0875185
0.155803
0.480484
-1.15298
0.8290639999999999
-0.345038
1.50453
0.729495
1.01614
0.880157
0.16203399999999998
0.256687
-0.48497299999999993
-0.512354
0.6764319999999999
-0.44793299999999997
2.30268
-0.0625816
-3.64951
-0.513079
-0.1372
-0.608054
0.456161
-0.35164
-0.0783329
0.0
-0.50002
-0.726842
1.04792
-1.36815
0.0992904
0.206431
0.07252130000000001
0.826767
1.28837
1.62678
-1.51861
0.23170500000000002
-0.493907
0.958023
0.243689
-0.105405
-0.273928
-0.817916
-0.467987
0.891484
1.3357700000000001
1.78069
0.0
-3.2829800000000002
-2.99477
0.0
-0.273873
-0.794067
-2.00508
-1.78738
0.260154
0.0
-1.39409
0.817717
-0.37316
0.135151
0.349073
0.667088
-1.25195
0.147344
0.05271169999999999
-0.0474776
0.0
0.0
0.81093
-2.0138599999999998
0.0
0.136693
-1.59181
-1.48555
1.29792
0.23979099999999998
-0.23608800000000002
0.395088
0.43696999999999997
-0.0780587
