0.477178
1.9922799999999998
1.2452299999999998
0.729124
1.69982
0.392099
2.42395
1.44706
0.982175
1.9158
2.75718
1.37919
1.37919
1.11834
0.9342950000000001
0.601023
1.0712899999999999
1.0359399999999999
2.35681
1.6246200000000002
0.5603060000000001
0.845326
2.1572400000000003
2.32487
1.22254
3.3808199999999995
3.7026800000000004
2.80052
3.9725699999999997
3.9725699999999997
2.22601
1.36832
0.276961
-0.191498
0.275008
0.47542700000000004
0.9426120000000001
1.09022
0.189345
1.3033299999999999
0.448304
0.927528
2.43775
1.44484
1.49662
1.46999
0.336669
2.2334400000000003
-1.7889700000000002
0.223129
1.962
2.23624
1.24929
3.1462
0.588867
1.57724
1.9653900000000002
1.7534
2.09746
1.53565
0.821116
2.4919599999999997
2.2023900000000003
1.6931200000000002
2.66808
0.956211
0.170647
-0.335828
0.613879
-0.00659666
1.15185
0.118344
1.43775
0.500603
-1.51631
-1.51631
-1.09485
-1.58518
0.025886000000000003
-0.380642
0.465189
1.6774
0.6645760000000001
-0.271256
-0.234727
0.292257
-0.125328
-0.81311
-2.72875
0.192458
-0.415096
0.037658
-1.28586
-2.5085900000000003
0.267565
0.677404
0.207725
0.44575299999999995
1.3035299999999999
-0.141697
0.5194989999999999
0.427256
1.49949
-0.0177471
-0.43904499999999996
0.53601
0.726554
0.6666920000000001
-0.425638
0.1129
-1.24515
0.17191199999999998
0.794268
-0.6363489999999999
0.151288
0.013517600000000001
2.24158
0.714325
-0.14382999999999999
0.992819
2.55905
1.59311
-0.512813
-0.255806
-0.776014
-0.6945319999999999
-1.9944
-1.66325
0.32812800000000003
-0.680563
-1.12697
-1.6718400000000002
0.599978
1.2342
-3.19933
0.995532
0.933679
0.137322
-0.8071699999999999
-0.681104
0.912701
1.04758
2.32226
-0.221298
-0.352058
-1.1637
-0.0200482
-0.27087100000000003
-0.504865
0.9784079999999999
-0.986024
0.601587
0.493043
1.65258
1.7334599999999998
-0.515596
-1.84959
2.41762
0.749502
1.36165
-0.00495972
1.1549200000000002
-1.00566
0.847504
0.44384300000000004
1.29414
1.21336
-1.61148
0.35133200000000003
-1.05816
1.5088700000000002
1.07616
1.07616
0.290989
0.290989
-0.48042700000000005
0.295071
0.760479
-1.50367
0.123802
0.059255999999999996
-0.0466866
0.495507
-0.534365
0.289401
1.2708700000000002
1.09344
0.261424
0.200451
0.312702
-3.65096
0.747903
-0.560905
0.39508699999999997
0.0304948
0.9948610000000001
-0.800898
-0.143261
1.14704
1.40819
-0.701824
0.46945699999999996
-0.225492
0.971305
1.2836
-0.218904
-1.31659
0.793666
0.294794
1.0869
-0.581121
-0.589525
-1.03362
0.938839
0.284993
0.146824
-0.508624
0.525683
0.589935
-1.54293
0.383257
0.9980469999999999
1.32619
1.47916
0.71467
0.763944
0.835139
-0.664675
0.188813
-2.67196
0.23800500000000002
1.10007
0.679496
1.01112
-0.526123
0.9544469999999999
1.3277700000000001
-0.482271
0.744578
0.598355
-0.018345300000000002
-2.6552
-0.16076500000000002
-0.698092
0.55999
-0.173513
0.0769708
0.0669695
0.5627270000000001
1.45131
0.37976
-1.24231
0.9620690000000001
-3.79419
-2.9249099999999997
0.27500399999999997
0.886288
-0.0719532
-0.347022
1.8750799999999999
1.1059999999999999
0.766644
-0.552126
1.1877799999999998
0.209958
0.159526
1.7319799999999999
0.890289
1.17287
-0.040539599999999995
1.2502
0.931815
1.32838
0.9520040000000001
0.898727
0.405063
0.0999303
0.403373
1.23845
1.23845
0.244517
1.31145
1.0175100000000001
-0.29263
-0.0562904
-0.171119
0.541063
1.3518700000000001
0.21205100000000002
0.21205100000000002
0.54481
0.018832599999999998
1.97335
-1.69225
-0.392173
-1.0485200000000001
-0.516703
0.6102569999999999
-0.0367354
0.7867
0.352005
0.5911930000000001
0.49027299999999996
2.10463
0.36707
3.05056
0.78586
0.485216
-0.449403
1.48627
1.0230299999999999
1.48892
1.38089
0.357456
1.21289
1.70145
1.64315
1.53667
0.820156
0.60611
0.10952
2.14561
1.93785
0.396175
1.1853200000000002
1.42636
0.09660189999999999
2.51465
0.482217
0.7859619999999999
1.88848
-0.08985889999999999
1.43404
1.3544
-0.165657
-1.26441
0.404922
-0.101502
3.29819
1.70212
0.7814479999999999
2.59678
1.90009
0.341856
-0.10636199999999998
1.04387
1.39291
0.699321
0.38722399999999996
-0.42696000000000006
-3.42689
0.719846
1.31564
0.808031
0.34773000000000004
1.21986
0.26874899999999996
0.348544
-0.388792
-1.2732700000000001
-0.574159
-0.229884
-1.0576
-0.7279770000000001
-1.1350200000000001
-0.501678
0.42743400000000004
-0.5206350000000001
0.885919
-0.852416
-1.7518799999999999
-0.1437
0.358653
0.235262
0.939516
0.63034
-0.47865699999999994
1.3624399999999999
0.6982510000000001
0.40584899999999996
0.730466
0.545215
0.48213599999999995
1.47394
1.47394
0.633125
1.0321799999999999
-0.0205762
0.300262
0.697677
0.720205
-0.45686000000000004
2.08563
0.23558600000000002
0.198485
2.29949
1.80455
1.39935
0.461384
0.970749
0.0897406
1.08949
0.9124059999999999
0.09053220000000001
0.191724
0.151151
0.609251
0.611935
1.06095
1.31209
0.423947
2.07304
1.1508
0.00444752
0.35793
0.577062
2.1966900000000003
1.30154
0.490932
0.767467
0.21475100000000003
0.38659499999999997
-1.19757
-0.536679
-0.9031170000000001
0.27361399999999997
0.6068979999999999
0.606963
0.9463239999999999
0.9463239999999999
0.6689930000000001
-0.126568
-0.701001
0.530927
0.8385969999999999
1.7858900000000002
1.2047
0.00654348
0.176843
0.8832610000000001
0.621168
0.6523260000000001
0.942875
-0.9781719999999999
-0.396446
0.492863
0.823375
-0.84119
-0.282012
-0.686919
0.446596
0.431072
0.366823
0.0215587
0.49592200000000003
-0.203468
0.011378000000000001
0.9070959999999999
1.25578
0.183909
-1.43029
-1.86768
-0.676534
-0.8888219999999999
