-0.5770850000000001
0.709279
0.519804
0.200095
0.558027
-0.363899
3.63067
0.014477100000000001
1.5204
1.46725
0.9044479999999999
1.4376799999999998
1.4376799999999998
0.1399
0.891716
0.845417
-0.5159020000000001
0.33366999999999997
0.95357
3.81205
-0.250868
-0.139279
1.50348
0.979497
1.18711
2.43172
1.89957
1.7323099999999998
1.42379
1.42379
1.41773
1.82707
2.96455
0.301504
0.9539
-0.48748500000000006
0.350036
-0.7406229999999999
1.3862700000000001
0.48522200000000004
-0.24838200000000002
0.8462059999999999
3.5455699999999997
1.15329
1.59207
0.732807
0.374542
-0.23986300000000002
-1.1059
-0.12549200000000002
-0.0608876
3.21981
-0.382753
2.52279
0.581137
0.178591
0.3683
0.702932
1.10724
0.119119
0.8725639999999999
0.7880010000000001
0.397885
0.801736
-0.531505
0.573278
1.89395
-0.545128
0.9006549999999999
-0.264598
0.48777600000000004
-0.665952
-0.212596
1.0840100000000001
-0.625314
-0.625314
-1.2056799999999999
-1.01124
-0.410729
0.43282200000000004
-0.211292
1.37778
-0.171201
-4.88214
0.64684
-0.0843716
-0.798535
-1.1015700000000002
-1.00965
-0.521305
-1.00281
0.323182
0.331815
0.41179
-1.9239099999999998
-0.63521
-0.00608326
1.32748
-0.873641
-0.280181
0.767105
-1.19105
-0.504537
0.33927399999999996
-0.602847
-0.389602
-0.5888479999999999
-0.22433000000000003
-0.192829
-2.05222
-0.46164799999999995
-0.5044850000000001
-0.445054
-1.91776
0.08950930000000001
-1.15759
-0.9440360000000001
0.82131
-0.846484
0.640605
2.32314
2.01419
-0.597739
-1.6947299999999998
-0.801934
-1.3579
-1.99752
-2.81547
0.9062040000000001
-2.63804
-0.940212
-1.28735
-0.7280770000000001
0.598654
-0.937335
1.2908600000000001
0.6585880000000001
-0.345304
-0.683636
-0.6442760000000001
-1.4083299999999999
1.6527599999999998
1.89546
-2.14197
-0.860124
-1.40196
0.938894
1.36055
-0.367786
0.210819
-0.39223600000000003
-0.803502
0.255651
2.4022
0.5248649999999999
0.651303
0.500905
1.5459200000000002
-1.1508200000000002
-1.05833
0.023574099999999997
-0.716832
-1.5317
0.651247
1.4517200000000001
0.394948
-1.14686
0.628827
0.543534
0.205225
1.8133700000000001
0.383974
0.383974
-1.1698600000000001
-1.1698600000000001
-0.834417
-0.852348
-0.286609
-0.148355
-0.334366
-0.72859
-0.6558609999999999
1.05572
-0.24251599999999998
0.44435600000000003
-0.30586399999999997
0.0251601
-0.368271
-1.23174
0.980082
-0.943951
-0.126362
-1.15321
1.58286
0.755339
0.604107
-1.17828
-0.00578091
-0.587765
0.290171
-1.03201
-0.327153
0.191631
-0.0502617
-2.9441900000000003
-0.653676
-0.06770160000000001
-0.169897
-1.38103
-0.0436427
-1.75495
-1.90867
-0.0481452
-0.253301
0.706743
-0.2922
-0.385747
1.6871599999999998
-1.59531
-1.05449
-1.01633
-0.105974
-0.03667569999999999
0.93294
0.5489149999999999
0.238144
0.374712
-0.126754
0.667905
0.0
-1.1838799999999998
-0.631835
-0.926323
-0.9357409999999999
1.22991
0.46716899999999995
0.537301
-1.10218
-0.0222896
-0.532768
-2.42156
-4.95475
-0.449085
-0.108829
0.412955
1.0760399999999999
-0.9571780000000001
-0.465699
-0.556134
-1.12258
0.268466
-0.985835
-0.426932
-0.6529119999999999
-2.18539
-1.3154700000000001
0.784737
0.5760149999999999
-0.588559
-0.579521
-2.05442
0.8232729999999999
-0.168249
-0.797638
1.12385
-0.31413800000000003
0.523596
0.0164545
0.895963
-1.4232
0.09500589999999999
0.483217
0.945939
0.837167
0.0499427
-0.367875
-0.612182
-1.7980099999999999
0.8774370000000001
0.8774370000000001
-0.341369
1.24281
1.01473
1.29441
0.9359999999999999
-0.033514800000000004
0.891914
1.1642
-0.426882
-0.426882
1.91388
0.733634
-0.020868099999999997
-0.10993
-0.792254
-1.50443
-0.8227549999999999
-2.46311
-0.818066
-0.691114
-0.231314
0.14441099999999998
1.16849
2.0002400000000002
1.09175
-0.753429
-0.21282800000000002
0.41644
1.2328700000000001
0.33564299999999997
0.821623
1.07735
1.3788
0.313245
-2.92251
-0.0230818
0.6110140000000001
-0.646609
0.708973
0.300032
-0.892575
3.09623
1.71735
-0.5037149999999999
0.22041599999999997
1.9869299999999999
-0.142959
0.330342
0.449675
0.0399605
0.855874
-0.265146
1.19223
0.231276
0.7234659999999999
-0.47701899999999997
2.43816
0.670263
4.09772
1.08469
2.09732
3.5927
0.506729
0.249138
1.04558
-0.617112
0.625517
-0.20649499999999998
-1.32838
-0.36834
-1.42301
0.015259799999999999
0.82762
-0.25462199999999996
0.442058
-0.20841300000000001
0.23546199999999998
0.29975300000000005
0.674708
-0.8732540000000001
-0.228708
-1.0738299999999998
0.14716600000000002
-0.367962
-0.647777
-2.83162
0.422021
-0.701941
-0.507445
-0.989915
-4.08637
-0.590385
0.390307
0.583262
-0.47085
0.45160900000000004
0.022728
0.49379300000000004
-0.41947299999999993
-0.9330780000000001
-0.14059000000000002
-0.200657
1.2502
1.27082
1.27082
0.110069
1.0534700000000001
-1.95727
1.33661
1.2825799999999998
-0.201651
-0.151822
-0.818145
0.550147
1.15641
1.08835
0.94621
0.256685
-1.46423
1.1533200000000001
-1.37658
-0.187747
1.08104
0.8685959999999999
-0.525621
0.167165
-0.400899
0.14886
-0.165882
-0.387665
-0.286851
-0.0889669
-0.584649
-0.06832970000000001
0.22109299999999998
0.742171
1.9297400000000002
-0.6590699999999999
-0.8775370000000001
-0.777493
-0.684697
-0.42810200000000004
1.00051
0.758736
0.0932326
0.9138209999999999
0.05777090000000001
-0.591762
-0.43096999999999996
-0.43096999999999996
0.46163000000000004
0.178982
-0.77317
0.123874
-0.6397149999999999
-1.48902
0.385035
-0.153099
-0.240362
0.6362979999999999
-1.12717
0.488779
-1.14354
-0.314229
0.34837399999999996
-0.18242
0.8076300000000001
-2.03097
-0.448424
0.5826520000000001
0.9523729999999999
0.44700200000000007
1.20294
1.52356
1.3304799999999999
-1.146
-0.0874443
0.301367
-0.8816620000000001
-2.11027
-2.6872
-0.748559
0.69312
-0.7813140000000001
