1.4090200000000002
-0.392548
0.7299640000000001
0.44038599999999994
0.897049
0.683766
2.33565
0.717721
1.37886
2.1347
2.1518900000000003
0.7535649999999999
0.7535649999999999
0.363609
1.02383
0.64976
0.546651
0.930419
0.38822
2.56347
-0.270175
0.321103
2.10977
0.929622
0.582218
2.15043
1.6268
1.88714
1.45698
1.45698
1.7421200000000001
1.57023
2.73257
-0.205485
0.465495
0.8307209999999999
0.323844
-0.200434
1.31113
0.598655
0.265977
1.09125
2.48938
0.609436
2.50905
0.301253
-0.15943
-0.232819
-0.804951
-0.00274253
0.49545600000000006
2.4633
0.455654
2.403
0.144496
1.18011
0.236131
1.24324
1.0003799999999998
0.43823
0.8237120000000001
0.9091799999999999
1.03762
0.948152
-0.325811
0.757408
2.1937900000000004
0.8768809999999999
1.60134
-0.388351
0.141049
0.238486
0.53684
-0.612694
-0.276478
-0.276478
-0.780197
0.970692
-0.176843
0.30992
0.167723
1.28531
0.40381300000000003
-1.66583
0.43989399999999995
-0.0776737
-1.26131
0.519987
-2.03143
-1.28585
-0.23177399999999998
0.6044430000000001
0.108197
-0.425808
-0.767778
0.166352
-0.636317
0.6453979999999999
-0.257727
-0.0828368
-0.115914
-0.409788
0.744881
0.550439
-0.13298800000000002
-0.166968
0.044245
-0.161754
-1.05043
-0.45097200000000004
-2.2344
-0.7500100000000001
-0.621807
-0.936276
-0.0983746
-2.002
-1.1467
0.8753479999999999
0.984146
-0.770092
1.55433
1.95048
-0.594734
-1.80489
0.784812
-0.298166
-0.17185
-2.3586
0.884591
-1.96668
-2.53093
-1.74754
0.153078
-0.05007059999999999
-3.18377
0.0478481
0.549991
-0.549647
-1.29492
0.0645672
-0.59763
2.0361
2.09247
-0.260469
-0.500966
-2.79929
0.016009799999999998
-0.277868
-0.247257
1.1231
0.0107867
-1.03582
0.110076
1.57164
-0.108252
0.10766500000000001
0.851506
0.969326
-0.423245
-1.36194
0.45523900000000006
-0.421195
-0.990583
-0.273411
2.07536
0.950942
-1.44866
0.9678889999999999
0.17386
-0.359593
1.2935299999999998
0.836334
0.836334
-0.152304
-0.152304
-0.37590500000000004
-1.13955
-0.579878
-1.65965
-0.184273
-0.424062
-0.609824
1.1784
-0.115196
0.42969799999999997
0.41600000000000004
-0.6715939999999999
-0.773183
-0.27171300000000004
1.19381
-3.39505
-0.00862975
-2.7342299999999997
1.15567
1.8306799999999999
0.327345
-0.892036
0.372708
-0.258685
0.602427
0.126926
-0.545582
-0.777354
-1.0944
-0.6898350000000001
-0.887842
0.023784700000000002
0.262353
-0.656329
0.49320200000000003
-1.47246
-1.21115
0.300168
-1.29596
-0.7210840000000001
-0.14765699999999998
-1.3604399999999999
1.93566
-1.3685
-0.486912
-0.32712399999999997
-0.031958799999999996
0.597292
1.4243
1.51896
0.273402
0.225813
-0.634278
0.37661999999999995
2.1677299999999997
0.786632
0.042853300000000004
-0.406702
-0.41959300000000005
0.319276
0.13709200000000002
0.644261
-0.799549
-0.707752
-0.448826
-1.86248
-1.96485
-0.805248
-0.319834
0.484712
1.48042
0.149568
0.0902287
-0.258168
0.327604
0.782562
-0.176959
0.549606
-2.5741099999999997
-0.648415
-0.549098
0.0697984
0.528021
-0.435654
-0.764456
-1.0448899999999999
1.27934
0.07078469999999999
0.330937
0.173496
-0.847115
0.9779370000000001
1.72869
0.14794300000000002
-0.462158
0.266714
1.38378
1.49183
0.9282459999999999
0.162833
-0.517402
-1.15161
-1.82604
1.14011
1.14011
1.2805799999999998
0.0430775
1.01706
1.45692
0.459646
-0.407166
-0.762846
1.18346
0.235552
0.235552
1.7426099999999998
0.323625
-0.881067
-0.739905
0.10530899999999999
-0.742398
-0.25336
-0.35881
0.748639
0.435699
-0.337767
0.706246
0.4005
1.43036
1.26886
0.201927
-0.364288
0.145103
0.9666620000000001
1.73443
0.429091
0.709673
2.3987700000000003
0.716342
-1.01158
-0.99585
0.099475
-0.519061
1.06182
0.518018
-0.125433
1.32508
1.9103299999999999
-0.220833
0.9053959999999999
2.05673
0.405462
1.35382
0.414995
-0.0742053
0.08980210000000001
-0.370066
0.738478
0.678728
0.309324
-0.008189100000000001
2.54698
0.790746
3.79976
1.63175
1.8196
2.26043
0.5340020000000001
0.644436
0.3199
0.41016499999999995
1.6051
-0.73047
0.23767800000000003
0.0674561
-1.21737
1.11904
1.31859
-0.16456099999999999
0.9091959999999999
-0.0490177
0.342986
0.44441400000000003
0.547471
-0.034492
-0.7293149999999999
-1.29255
-0.23371999999999998
-0.340124
0.5618489999999999
-1.1401299999999999
-1.0629899999999999
-1.40628
-0.8912110000000001
-1.45591
-2.18388
-0.739409
0.22113200000000002
1.36893
0.172644
0.533648
-0.0608279
0.595997
0.0573202
-0.27362800000000004
0.50154
0.086668
-0.0473466
1.01431
1.01431
0.6586380000000001
0.6997770000000001
-0.835933
1.05007
0.93111
-0.382915
-0.762213
0.06503060000000001
1.7740799999999999
0.744769
0.0122647
0.765025
0.42002700000000004
0.0862503
0.675949
-0.0718536
0.49324399999999996
0.9810709999999999
1.75682
-0.474001
0.09913200000000001
0.0155049
0.34279299999999996
-0.257787
-0.07103150000000001
0.303691
-0.27979
-0.194323
-0.61326
-0.408821
0.850339
2.0146900000000003
-1.04118
-0.688185
-0.250697
-0.181842
0.344661
0.269999
0.0880777
0.52132
1.00529
1.1195
-0.06779860000000001
0.247804
0.247804
1.02959
-0.6288729999999999
-1.76335
-2.74056
-0.726133
-0.707268
0.591511
0.148061
-1.0136
1.14144
0.612809
1.04751
-0.498075
0.118394
0.144759
0.0131334
0.612584
0.0955798
0.207752
0.833672
1.2818
0.5030859999999999
0.7514649999999999
1.06455
0.896036
-0.764605
0.181835
0.080683
0.00190231
-0.795342
-0.156056
-1.71669
-0.00955539
-0.08645950000000001
