1.00803
0.102279
0.191052
0.627851
-0.677396
0.15244100000000002
1.4946700000000002
0.911991
0.959327
0.25764000000000004
1.0063799999999998
-0.106656
-0.106656
0.374695
0.0821615
-0.212767
0.39765300000000003
1.0171700000000001
2.09983
1.78785
-0.186844
0.606139
1.23269
1.21469
0.220404
2.12049
2.9727099999999997
2.32048
2.20899
2.20899
1.16782
1.73755
0.9829530000000001
1.0414
0.306185
0.680646
1.17698
-0.667797
0.538925
1.5083
-0.367818
-0.194504
2.8042700000000003
1.9871400000000001
3.31081
-0.124648
-0.29834099999999997
-0.0809962
0.840483
0.264938
-0.957306
2.43687
0.972967
3.02217
-0.15077000000000002
0.020915
1.6459400000000002
0.18454
1.01162
0.8587870000000001
0.11904200000000001
1.02121
0.9374239999999999
1.07275
0.299104
1.57158
-0.0778978
-2.25216
0.724267
-0.794864
-0.121431
0.221142
-0.9972049999999999
-1.4604700000000002
-0.573004
-0.573004
-0.426691
-0.115128
-0.59341
0.7217859999999999
-0.508625
0.778281
0.16058499999999998
0.310501
0.41161899999999996
-0.041552
-0.428183
-0.0717485
-0.597793
-0.683129
-1.07759
0.37449
0.404577
0.26424200000000003
-0.6024430000000001
-0.28621599999999997
-0.102618
-0.855034
0.47667200000000004
-0.408858
-0.045712
-1.36337
0.23279499999999997
0.632682
-1.36011
-0.0332794
-0.349127
0.208742
-1.8958599999999999
-1.6893099999999999
-3.3652
-1.37103
-0.676952
-0.030591399999999998
-0.0877683
-0.864458
-0.826852
2.02673
-0.053464599999999994
0.194702
0.0626784
1.3367200000000001
1.24381
-1.6643400000000002
-0.9854379999999999
0.447412
-1.28148
-0.57748
-0.11008
-0.29417600000000005
-1.36422
-0.41893400000000003
-0.73431
0.533512
-1.48065
0.198545
1.00868
-0.36846100000000004
-0.359402
-0.133672
-0.196431
1.07715
2.8031200000000003
1.55156
-1.1594
-0.19224000000000002
-0.8715120000000001
-0.07214839999999999
0.9948940000000001
0.09495980000000001
-0.739843
0.527283
0.262255
1.83808
0.43093400000000004
-0.956312
-0.982519
0.736846
0.433263
-1.28529
0.034596100000000005
-0.358709
-0.513458
-0.667322
1.8545200000000002
3.18498
-1.11677
0.599074
1.6223100000000001
-0.0665067
1.03772
0.22116100000000002
0.22116100000000002
0.436479
0.436479
0.49671499999999996
-1.25254
-0.190334
-0.514671
0.24650300000000003
-0.651224
0.533008
0.39957
-0.0275025
0.685555
1.0489
0.510107
-0.0841961
0.41645299999999996
-1.59323
-0.715533
0.908185
-0.40858099999999997
0.718973
-0.09683810000000001
-0.35115100000000005
-0.944992
-0.71883
0.326883
1.25106
-0.12456700000000001
-0.333333
0.357022
0.773768
1.14448
-0.25103400000000003
-0.4228
0.184382
0.31801199999999996
0.460845
1.0957299999999999
0.112575
0.154797
0.332226
-0.176904
-0.14488399999999999
0.7767470000000001
-0.22275100000000003
0.61507
-0.458726
-0.297619
-0.408645
-0.249757
-0.22679699999999997
0.227266
0.675546
0.544755
-1.08146
0.9437399999999999
-2.63715
0.331943
0.635883
-1.28063
-0.213
-2.21904
-0.529349
1.47486
-0.227073
-0.7268359999999999
-0.8578399999999999
-0.614907
-0.18879200000000002
-0.222975
0.272487
0.915077
0.877286
1.10639
0.636405
-0.386019
0.15595799999999999
-0.252316
-2.8084700000000002
-0.929006
0.6762319999999999
-0.644332
-0.094092
-0.769895
0.625624
-0.0249997
-0.128403
-0.590184
-0.375981
-0.205166
0.11073699999999999
-0.10973800000000002
-0.150323
0.880611
-0.197766
1.03715
-0.748326
-0.576234
1.0312299999999999
2.01518
0.978902
-1.13947
0.860957
-0.43124799999999996
-1.19404
1.7901799999999999
1.7901799999999999
-0.000751299
-0.875866
0.602631
1.1845299999999999
0.755283
-0.646945
-0.44423599999999996
0.8670370000000001
0.834247
0.834247
1.53996
-1.00924
0.292283
-0.5863689999999999
0.06618339999999999
-1.8669799999999999
-0.112383
-0.605273
0.503578
0.278958
0.172036
0.580381
-0.298435
2.16609
0.43873900000000005
0.69121
-0.047803
-0.227266
-0.529021
0.9509639999999999
0.452683
1.21211
0.7829729999999999
-0.47904399999999997
-0.36538400000000004
0.926356
1.09397
0.546316
-0.540555
0.708349
0.418612
2.41338
2.64478
1.08039
0.0575742
0.758212
-0.68798
0.352077
0.061973
0.07201389999999999
-0.23507600000000003
-0.47387700000000005
0.459344
1.7346099999999998
-0.508827
1.7266599999999999
1.1917200000000001
1.02009
2.74896
1.2869
1.1239299999999999
1.57826
0.831126
1.73803
-0.391524
1.22199
1.03033
0.172278
0.679376
0.721115
-0.460483
-0.0800007
-0.344147
-0.2035
0.841248
0.133209
-0.504526
0.592856
-0.644775
-1.12568
-0.07761010000000002
-0.771552
-0.45597600000000005
0.0258649
0.00394347
-3.0662599999999998
0.9220450000000001
-1.12532
-1.41875
0.929579
-1.96183
-0.11346300000000001
-0.355107
-0.34389000000000003
0.182285
0.0350964
0.33952
1.78853
-0.35902199999999995
-0.00757778
-0.358935
0.297628
1.37941
1.94528
1.94528
0.275619
-0.277833
-0.0838844
-0.231375
0.963559
-1.09159
0.402888
1.22555
2.65605
-0.341929
1.20341
0.818473
2.07631
1.7450400000000001
0.32086
0.22647899999999999
0.724879
0.39062199999999997
-0.702608
-0.646579
-0.80619
0.349056
-0.5491590000000001
-0.660112
0.699481
0.572298
0.262939
0.44159799999999994
0.810416
1.3894600000000001
1.61404
2.76715
-0.335491
-0.235069
-0.237031
0.16378299999999998
0.119656
0.5635979999999999
0.24681
-0.0805015
1.04216
1.49348
0.0284755
-0.629008
-0.629008
-0.283508
-0.539879
-0.607189
-0.41958599999999996
0.329169
-0.865778
0.858143
-0.23491599999999999
1.4255200000000001
-0.11295999999999999
1.15688
-0.5262600000000001
-0.440013
-0.595513
0.07259199999999999
1.1604
0.441841
0.46382700000000004
0.46647
2.8803400000000003
0.898943
-0.717179
1.42695
1.43228
0.9640040000000001
-0.314429
0.02785
1.91431
0.185087
-2.38056
-0.784981
-0.989951
-1.1814
0.00504383
