0.456879
1.07513
-0.0945421
0.166451
1.96218
1.2311
0.47851400000000005
-0.46971899999999994
0.573079
0.632307
0.9567950000000001
0.671996
-0.8390350000000001
-0.09653010000000001
-0.144933
2.76533
0.676355
-0.325331
0.417174
-0.724107
0.016672700000000002
1.00737
-0.367085
1.77895
0.61511
3.2851800000000004
1.81635
0.141508
0.45132799999999995
0.670925
0.000207398
-0.06478049999999999
1.09602
1.11334
0.7578699999999999
2.8404
-0.4215
-0.276533
1.16406
-0.541604
-0.038781300000000005
0.8304040000000001
-0.758776
0.456534
1.4233799999999999
1.1463
1.1249
-0.124481
1.8338900000000002
0.016128200000000002
2.06046
0.378303
-0.227871
-0.28472600000000003
0.821807
-0.39257800000000004
1.65915
0.43425600000000003
1.59475
0.360543
0.27234400000000003
-0.130874
0.191151
1.7793400000000001
0.108958
0.811901
-0.155094
-0.116126
0.0142215
-0.57099
0.225399
0.07999930000000001
1.8468900000000001
0.739472
2.30741
2.84515
2.4965200000000003
3.27371
-0.588579
2.201
3.35644
0.029392900000000003
1.1158
-0.646211
0.817299
2.82209
0.37984
0.86301
0.136684
0.05972140000000001
0.756446
0.461293
0.805286
2.13176
3.02621
1.60802
0.0790229
1.58313
0.253442
1.92452
0.893626
2.06702
1.68485
-0.216646
1.2091100000000001
0.065872
1.71722
1.55761
0.43622299999999997
-0.046366000000000004
1.2835
-0.199515
0.435093
1.05856
-0.0777157
0.983591
0.564295
-0.487947
-0.0863791
0.322934
1.8419
-0.229134
0.326002
0.653574
0.587453
1.57236
0.29907399999999995
4.4481
1.62285
0.810616
3.82661
-0.23712600000000003
1.6374
-0.169121
0.434985
0.27009099999999997
0.254902
1.08046
1.80897
0.546849
0.255755
1.21705
0.10929900000000001
1.94235
0.814055
2.3517099999999997
-0.49555200000000005
-0.119904
1.6805299999999999
2.7717
-0.286503
0.396701
-2.25948
0.581577
1.07027
1.99098
-0.17935299999999998
2.9582900000000003
-1.03909
3.3001199999999997
-1.6073899999999999
2.00783
3.739
1.3834600000000001
-1.6493799999999998
-0.034781
3.43305
2.58005
1.54621
2.06035
-0.595156
-0.258504
-1.10476
1.58455
1.8929099999999999
1.48894
-0.209117
4.5857
-0.78437
-0.0887845
2.67751
0.0990865
1.7798200000000002
2.3658
-0.152804
2.53513
0.174969
0.337077
0.649609
2.35874
-1.1177700000000002
2.2187799999999998
-0.229421
-1.09006
3.4826099999999998
0.9205780000000001
0.0537709
-0.47735500000000003
-2.00659
2.2058
-0.186257
1.7217099999999999
1.8416599999999999
2.40147
1.72587
2.22402
2.54241
1.59755
1.43724
1.1210799999999999
2.67676
2.02981
0.05527819999999999
-0.972255
1.8494400000000002
-0.839133
2.56543
-1.90267
0.0994561
0.9077850000000001
-0.43712799999999996
2.83639
-0.567443
2.5763700000000003
1.77725
3.27148
0.0163779
0.503253
-0.582356
0.427836
0.0750195
2.26284
-0.289231
0.8199420000000001
0.5158560000000001
3.6560599999999996
-0.119867
0.028295999999999998
-0.799237
0.30808800000000003
1.6621400000000002
1.19695
2.28543
2.77652
-0.42044499999999996
-1.23834
1.9487299999999999
1.72465
-0.206875
-0.242052
0.14835399999999999
2.8282599999999998
1.46031
0.903668
0.319849
1.9938599999999997
2.91751
-0.6136189999999999
-1.24213
0.815246
2.02048
2.70788
3.6056199999999996
1.67493
2.38762
-0.73402
0.892249
-0.06803989999999999
-0.14124
0.636613
1.61435
-1.27166
0.0914403
2.08935
2.62099
2.00352
0.29335900000000004
-0.933262
3.00208
0.30439099999999997
-1.27627
-0.11208
-0.37064400000000003
1.18551
-0.18818800000000002
-0.475858
-0.430465
0.016666999999999998
0.504131
-1.25847
-1.09975
-1.00415
-1.5389700000000002
0.169931
-0.7906989999999999
0.0317614
-1.04036
-0.0714473
-0.37038000000000004
0.186835
-0.0920555
0.0
0.0
0.0
-2.22495
-0.4224
-2.33589
-0.0805456
-0.366041
-0.312364
0.0555823
-1.8335599999999999
0.0
-0.0986064
-0.06439299999999999
-1.45675
0.216234
-0.363721
-2.02359
0.0
-0.45126400000000005
-0.536135
0.17012
0.11491900000000001
-1.2603
-0.9209719999999999
-0.23506799999999997
-0.569286
-0.12011500000000001
-0.298719
-0.508352
0.722838
-0.9969540000000001
-0.222475
0.0
-0.162722
-2.1198799999999998
-1.57566
-0.5869989999999999
-0.757861
-0.121011
0.138445
-0.657254
-0.577168
-0.44165299999999996
0.129706
0.439562
-0.889165
0.0
-1.12591
0.48162200000000005
-0.6942119999999999
-1.94433
0.138069
-0.120691
-0.228473
0.0
0.523881
-0.28474499999999997
1.03837
-1.18174
0.453862
-0.842094
0.301043
-1.42292
-0.22889400000000001
-0.193969
-0.534941
0.593209
-0.890675
0.00181341
0.336298
-0.0800167
-1.77315
-2.48117
-1.9962799999999998
-0.747617
-0.21109
-0.477286
-0.47343
-1.0820299999999998
-0.558678
0.68904
-0.637171
1.18194
-0.796895
-0.48598100000000005
-0.00957583
0.705585
-1.3405200000000002
-0.426633
0.640125
0.863368
-0.8342790000000001
0.64082
0.439564
-0.534647
0.8915780000000001
0.0
-1.09209
-0.460819
-1.31762
-0.521679
0.552344
-0.200353
0.0
1.31902
-1.2304
-0.503626
0.114962
1.2486700000000002
0.43308
-0.3262
-1.17266
-1.01898
-0.053438099999999995
-1.45502
-1.20298
0.0
-0.9760030000000001
-1.9021299999999999
1.31907
0.0
-1.23831
1.08501
-0.5902470000000001
0.327552
-1.7419799999999999
-0.545696
0.43816000000000005
0.639411
-0.446902
-2.1455900000000003
0.9391120000000001
-0.448719
-0.1584
-0.159687
-0.10417799999999999
-0.411137
0.0
-1.12573
-1.29961
-0.149948
0.5192439999999999
0.499775
1.0226
-0.210108
-2.81202
0.226811
-0.020537700000000002
0.253233
0.0690067
0.59742
0.07202180000000001
-0.0630254
-0.140131
0.0937909
0.190629
-1.76666
0.0
0.0279212
-0.679297
-0.682982
0.07199019999999999
-1.16992
-1.9175799999999998
-0.49195
0.504836
-0.188211
-1.1309799999999999
-0.31411100000000003
-1.42456
-1.17496
0.366188
-0.0960819
-0.28836300000000004
-0.390418
-1.32372
0.0516418
0.730338
-0.341385
-0.0354164
-0.44883500000000004
-0.7726109999999999
-0.7834810000000001
-0.555359
-0.603219
-0.633213
0.00141247
-0.352091
-0.203822
0.269181
-1.26868
-0.120676
0.25258600000000003
0.11056500000000001
-0.615058
-0.511618
0.0073441
-0.559718
-0.653149
-0.325466
0.0
-1.24173
-0.178584
-0.16868
0.63478
0.0561745
0.244381
-1.23013
0.136691
0.33859
-0.324738
0.9196780000000001
-0.050265
-0.325858
-0.287736
-0.61258
-0.268511
0.0659453
-0.226293
0.261779
0.42022299999999996
-0.573025
0.489796
-0.890318
0.111573
0.00868301
-1.06255
0.105752
0.9318569999999999
0.0
0.27159099999999997
0.354103
-0.284885
-0.18896400000000002
0.622684
0.477104
0.0
0.441275
-0.324123
-0.6160399999999999
-0.41700000000000004
0.5861350000000001
-0.258096
-1.2343899999999999
0.102698
-0.5632010000000001
-0.790945
-0.6757770000000001
0.25196799999999997
-0.193709
-0.201079
-0.9394620000000001
-0.8014979999999999
-0.677238
-0.0989807
-0.109347
-0.963076
0.0
-0.142827
-0.213164
-1.27601
-0.6425609999999999
-1.28114
-0.74302
0.0
0.797421
-0.837525
-0.27828400000000003
0.0
-1.45125
-0.352575
1.1709100000000001
0.0
-0.364674
-0.26477399999999995
0.0801432
-0.701673
-0.176858
-0.177893
-0.9457110000000001
-0.482271
-0.36028899999999997
-0.312739
-0.413175
-0.592634
0.212588
-0.031095599999999998
-0.5261899999999999
-0.8038529999999999
-0.09033769999999999
0.0940703
-1.8379400000000001
-0.302336
-0.311872
-0.406943
0.214425
0.429011
0.11143399999999999
-0.737256
0.2549
-0.245977
-0.46306
-0.38865500000000003
-0.260062
0.279445
0.19964200000000001
-1.6553
0.0256012
0.548636
0.342746
0.991656
-0.599305
0.774395
-0.374192
-0.236719
-0.403528
0.256564
-0.82163
0.235308
0.0801029
-1.29096
-1.43913
-1.41267
0.0
0.804809
-0.351873
0.23889899999999997
-0.8342700000000001
-0.255542
0.0
0.0589635
-1.1422
0.976634
1.04857
-1.1486299999999998
0.637437
-1.4501899999999999
-0.30146300000000004
-0.329006
-0.672922
-0.613218
-1.1645
0.171476
0.67113
-0.641127
-0.660216
0.0
-0.63092
-0.0423346
-0.538504
-0.600855
-0.47408199999999995
-0.389574
0.17511
-0.050900400000000005
-0.646988
-0.63451
-0.0114425
-0.177213
0.417153
0.249388
-0.8801459999999999
-0.533397
-0.641494
0.126209
0.34665300000000004
-0.440118
-0.486178
-0.532571
-0.0943177
0.328408
-0.466729
-0.0357907
-0.995626
0.0
-1.95239
0.5639649999999999
-0.723438
0.108145
-0.49013100000000004
-0.763809
0.05064280000000001
-0.9041110000000001
0.0
-0.600209
0.0
1.01274
0.08645089999999998
-0.243837
-0.357199
-1.0061799999999999
0.441159
-0.121965
-1.2274399999999999
0.40980900000000003
-0.353058
1.05531
-1.24621
0.822678
-0.287596
0.25101999999999997
-0.361562
-0.410812
-0.359266
-0.485458
0.143755
-1.08333
-0.00196589
-1.5591
-1.00686
-0.8845200000000001
1.2515100000000001
0.0521413
-0.38718400000000003
-0.703062
-0.9771059999999999
0.0
0.60596
0.218221
-1.26645
-0.542822
0.351566
-0.621591
-0.317242
0.24776700000000002
-1.40583
-1.23655
0.659149
-0.756551
-0.42586599999999997
-0.490203
-0.522317
-1.02511
-1.49423
-1.36796
0.023529400000000002
-0.399789
-0.360078
0.830765
-0.38498499999999997
-0.324805
-0.45130200000000004
-0.298543
0.227454
-0.744512
-0.06336019999999999
0.358369
0.0
0.433465
-0.379685
-0.022695
-0.23765
-0.739996
-0.358297
0.0352486
0.44550100000000004
0.39779000000000003
-0.8614209999999999
0.279856
-0.544006
-0.572538
-0.620676
0.0
-0.34376799999999996
-0.844816
-0.6029329999999999
-0.821824
0.250894
0.0575601
-1.38821
-0.07647419999999999
-1.06999
0.219952
0.41857700000000003
0.3266
-0.311192
-0.28772600000000004
-0.788184
-3.33259
-1.02383
-0.130851
0.0
0.34839699999999996
-0.20665300000000003
0.0
-1.26084
-1.0517299999999998
-1.0090299999999999
-0.032325599999999996
-1.31159
-0.440295
0.10790799999999999
-0.0485724
-0.48224700000000004
-0.19758599999999998
0.272746
-0.026523400000000003
0.251262
1.2859399999999999
-0.8704379999999999
-1.24929
-0.353179
-0.854039
0.425133
-0.593262
0.0
-1.0036399999999999
0.0978129
-0.190882
0.992725
-0.939576
-0.241691
0.959119
0.0
0.0
0.482789
0.42158199999999996
0.415734
-0.25605300000000003
-0.943167
-0.30595900000000004
-0.465236
0.0227908
0.16805499999999998
0.0
-0.8092229999999999
0.370603
0.0849023
-1.50047
0.0
-0.390389
-0.478605
-0.597592
-0.20994899999999997
-0.0725523
-1.2643
-1.36225
-0.49364399999999997
-1.7158400000000003
0.40273400000000004
0.31338699999999997
-1.06125
0.261445
1.14632
0.06780889999999999
-0.435208
-0.555316
0.706907
-0.0290913
-0.842556
-0.7505
-1.13931
-0.821253
-0.688757
-0.6096779999999999
-1.2239799999999998
-0.338124
0.573235
0.14785
-0.61525
-1.49035
-0.869641
-0.20921399999999998
0.544337
-0.322296
-0.644416
0.796774
0.402321
0.65492
0.10255299999999999
-0.0383269
-0.414922
-0.41829399999999994
-0.15481199999999998
0.110892
0.130718
-0.608679
0.8847860000000001
-0.31969899999999996
-0.15212799999999999
0.421882
0.199733
0.21046700000000002
0.532045
0.07131119999999999
-0.40013000000000004
-0.229555
-0.10694000000000001
0.5225569999999999
0.179197
-0.823016
-0.695571
-0.5045850000000001
-0.7731020000000001
-0.672323
-0.104328
-0.09345439999999999
-0.480613
0.0
-0.5191
0.0910818
0.674964
-0.419378
-0.8380280000000001
-0.384666
0.35181799999999996
0.510221
-0.14160799999999998
1.51518
-1.45561
-0.17952100000000001
0.0489319
0.586554
-0.997553
-0.06818989999999998
-0.0265099
-0.9248360000000001
-0.552829
-0.0695948
0.619894
1.61809
0.0
1.00967
-0.978749
0.0
-0.76251
0.997424
-0.7982779999999999
-1.2624799999999998
-0.0491061
0.0
-0.507572
-0.0606635
-1.25826
0.971484
0.000456941
-0.19761199999999998
0.689894
0.441037
-0.0937306
-0.592591
0.0
0.0
-0.9094209999999999
-1.07812
0.0
-0.7222930000000001
-1.96825
-1.5931600000000001
1.80665
-0.6120260000000001
-0.136473
0.452129
0.0994163
-0.47988400000000003
