2.5632
1.9597
1.98394
2.31802
2.9116299999999997
3.4673599999999998
1.78152
2.17178
2.32404
2.90302
3.60146
3.03864
1.30851
2.4102
1.40952
3.7251199999999995
2.93085
0.9057540000000001
0.324583
1.09721
1.5012299999999998
3.32878
0.264604
1.83064
2.53055
3.3245
3.92395
1.86904
1.92195
1.7385599999999999
1.02928
0.8548969999999999
2.26634
2.54921
1.61975
3.51825
0.179566
1.9679799999999998
2.51788
1.58175
0.89595
1.95262
1.67429
1.04631
2.5070900000000003
1.6397099999999998
1.52986
0.200444
3.13954
0.0915515
2.9302200000000003
0.385002
1.33223
0.18094000000000002
0.889805
0.44833
1.83912
1.90723
2.38563
1.20135
-0.26950999999999997
-0.515794
0.882387
5.13385
1.55598
2.0920400000000003
1.30454
1.05316
1.4441899999999999
1.29322
0.589422
0.914467
3.27379
2.42833
3.69144
3.8815800000000005
3.3773699999999995
3.59605
1.71743
4.4172
3.96487
0.304128
4.80466
1.23339
1.07997
1.7200400000000002
0.63965
2.05044
2.8938599999999997
0.306715
1.67271
1.76095
3.89626
5.38403
3.3347900000000004
2.78304
0.78571
1.9252900000000002
0.115462
2.82712
1.5478
3.5425400000000002
2.40965
1.22217
1.93707
-0.550208
1.71312
3.83295
0.362885
1.66088
2.83358
1.27368
-0.07203949999999999
2.19616
1.3534
3.8372900000000003
2.00579
0.40982299999999994
-0.100352
2.7810900000000003
2.8208900000000003
0.8862979999999999
1.6854799999999999
2.3433599999999997
0.29041300000000003
2.4702
-0.457646
5.47
3.0368
3.14546
3.68624
-1.11071
1.01179
1.43954
0.0484274
1.61046
-3.1720200000000003
2.6664
3.14069
1.05399
-0.334432
2.51064
-4.29061
4.09336
2.11998
4.243580000000001
-4.2548900000000005
-0.752093
3.78873
4.00955
-3.23297
-3.878
-2.57524
0.771708
0.635478
4.16605
-1.70165
4.19226
-3.36174
3.1433
-2.52412
3.13883
3.5336
5.08778
-1.88566
-4.8762
3.4464699999999997
5.41522
1.7784900000000001
2.9304799999999998
-0.909159
-3.48734
-1.60988
1.59626
3.88697
2.95615
-3.33106
5.54916
-2.60805
-5.32371
3.8314
-1.1134600000000001
2.48691
2.7075
-1.0667799999999998
3.9780599999999997
-1.58674
2.56074
3.03516
1.16872
-2.65509
3.2458400000000003
-5.06441
-4.31999
4.52205
0.9875790000000001
-5.15519
-2.96421
-1.42737
3.50801
-1.87733
3.4582300000000004
4.13393
3.0394900000000002
3.8668400000000003
3.4066300000000003
3.6131599999999997
2.01214
3.7398300000000004
-1.6157700000000002
4.828530000000001
3.6848699999999996
-1.59123
-1.92448
2.80775
-0.5210239999999999
3.69573
-3.12664
-1.1091
5.75812
-2.94654
3.9733400000000003
-2.37731
3.6653300000000004
3.35341
5.01745
-5.02557
0.948608
3.1633299999999998
-4.65228
-2.65151
2.93129
-3.81048
-1.8728200000000002
2.76464
3.92993
-4.66756
-3.66434
-3.13525
-3.7980400000000003
-0.809921
4.37344
2.85075
4.34806
0.45038100000000003
-3.45422
3.6046300000000002
2.9668
2.56662
-3.04891
0.680237
3.8344099999999997
3.04125
2.78059
-0.700144
3.39129
4.30432
-3.9675
-4.3777
2.8315
3.8556199999999996
4.70065
2.56894
3.79935
2.54279
-4.00361
-4.03461
-3.02617
-2.00189
1.8217400000000001
4.90118
-2.75222
0.63008
3.0436400000000003
4.42845
3.9759800000000003
-3.4751800000000004
-3.19869
3.7680300000000004
-4.05112
-4.85759
-2.57954
-2.3192
-0.337947
-5.2872900000000005
-4.59069
-4.35423
-2.77428
-1.1929299999999998
-3.4094900000000004
-2.05618
-5.07521
-4.29557
-4.6582
-5.6811300000000005
-3.57245
-3.8005699999999996
0.27426300000000003
-3.24122
-1.70239
-3.6024599999999998
0.0
0.0
0.0
-3.8337
-3.92518
-2.86148
-3.74735
-1.73833
-3.4323099999999998
-4.822690000000001
-3.65219
0.0
-4.20742
-3.16847
-4.07107
-3.77641
-4.07563
-4.42574
0.0
-5.0949800000000005
-2.4959599999999997
-0.100428
-4.77428
-3.4313300000000004
-3.84648
-3.05967
-3.4395300000000004
-4.65735
-1.80835
-1.76152
-1.49924
-4.88374
-4.25413
0.0
-0.813493
-2.52018
-4.08858
-1.62313
-3.88286
-4.28808
-5.62675
-4.6799599999999995
-4.647130000000001
-1.78405
-2.2107099999999997
-4.36873
-1.7904400000000003
-1.41987
-2.24214
0.181706
-3.62545
-3.7682900000000004
-3.8673
-4.69755
-4.04589
0.0
-3.74946
-3.6629699999999996
-0.616262
-3.33826
-2.4796099999999996
-4.9239999999999995
-5.08403
-3.9077599999999997
-4.11461
-1.2961200000000002
-2.87751
-0.530524
-4.04741
-4.11103
-1.13271
-1.4682600000000001
-3.3715900000000003
-2.82685
-4.63325
-4.1805900000000005
-4.17288
-1.2102700000000002
-1.9343
-3.89965
-4.96939
-4.783869999999999
-4.55544
-4.49025
-3.33445
-1.82782
-4.78748
-3.4168800000000004
-3.05078
-4.99231
0.486537
-0.7059770000000001
-4.83058
-3.93221
-1.60975
-2.34175
-2.8104400000000003
0.0
-3.6112300000000004
-5.27314
-2.70267
-4.59617
-3.8028699999999995
-4.97921
0.0
-4.39555
-4.12482
-1.5597
-0.0702205
-2.99903
2.64063
-4.6025
-2.2930200000000003
-3.95595
-1.8252599999999999
-1.9598200000000001
-1.27594
0.0
-1.7818900000000002
-4.55435
-5.0586400000000005
0.0
-2.9879599999999997
3.1682
-5.046119999999999
-3.0967700000000002
-4.40725
-4.649290000000001
-2.20312
-3.6458199999999996
-2.34307
-3.68139
-0.536141
-1.7538599999999998
-1.19204
-3.36403
-3.79978
-4.0828
0.0
-1.0018799999999999
-3.6660800000000004
-4.10539
-0.815696
-1.78899
-0.280953
-2.74978
-1.97301
-2.73697
-3.1480900000000003
1.9941799999999998
-1.38604
-4.1119900000000005
-2.09432
-4.099530000000001
-1.07544
-4.71596
2.72995
-3.24212
0.0
-1.67419
-4.35297
1.84981
0.0
-4.23768
-4.23692
-2.1777900000000003
-0.782155
-3.4331300000000002
-3.3938900000000003
-2.32095
-2.50617
-2.19958
-5.06039
-3.8046599999999997
-5.03711
-5.3655800000000005
-2.6147299999999998
-2.80919
-1.43903
-4.31805
-4.380719999999999
-2.45613
-3.95615
-4.404
-0.782155
-4.2034400000000005
-4.10367
-4.97714
0.699655
-4.952030000000001
-4.755
-3.13634
-3.6283800000000004
-4.94436
-4.806769999999999
-4.75782
-3.6106300000000005
-4.87219
-4.57572
-4.2698
-5.187930000000001
0.0
-3.92195
-3.6992599999999998
-0.723549
-1.74528
-4.40763
-4.40682
-4.06146
-4.55921
0.615544
-0.171157
-0.96035
-3.39269
-5.22879
-3.45696
-3.8944900000000002
-4.366630000000001
-1.24914
-4.46223
-3.36069
-3.5335099999999997
-5.06349
0.660671
-3.87129
-3.50029
-4.4213
-2.20186
-5.06435
-2.0674099999999997
0.0
-2.50414
-3.30758
-2.5794099999999998
-2.9492599999999998
-2.58299
-4.6128800000000005
0.0
-2.93724
-2.7664400000000002
-3.92001
-1.36224
0.00612259
-1.93104
-3.78001
-3.24297
-5.11841
-1.9327
-4.3771
-3.3904
-3.4936
-1.1391200000000001
-2.9407200000000002
-5.12365
-3.11941
-4.02189
-1.34037
-4.43048
0.0
-3.4100099999999998
-4.4099900000000005
-4.5872
-3.8996
-3.43404
-3.29391
0.0
2.48276
-3.56227
-3.51515
0.0
-1.33651
-2.8113599999999996
-1.6715799999999998
0.0
-4.4155
-4.366569999999999
-5.27166
-5.11497
-3.20392
-2.83969
-3.22286
-5.22208
-4.4843
-3.2101
-1.62616
-3.8820099999999997
-0.75425
-5.42625
-4.07709
-3.7372900000000002
-1.32799
-4.08295
-2.2385599999999997
-5.18365
-5.60088
-4.13325
-5.11939
-5.30339
-5.442019999999999
-4.50778
-1.7544799999999998
-4.63856
-2.7498099999999996
-3.52921
-3.5400300000000002
-3.86999
-4.58274
-4.07509
-3.21619
-1.9765
-2.34407
1.13879
-5.579
-3.0865099999999996
-4.00683
-4.68421
-4.0403400000000005
-4.52281
-3.55853
-3.25821
-1.70655
-4.20944
-3.9716400000000003
-2.24717
0.0
-0.0905085
-3.18149
-3.7055599999999997
-3.55709
-5.27255
0.0
-0.26166500000000004
-1.8540400000000001
-0.49064300000000005
-4.5987
-4.87596
2.43322
-3.1346700000000003
-4.19004
-3.09565
-0.352464
-4.21895
-1.95443
-4.06121
-2.45359
-3.60101
-3.5762400000000003
0.0
-4.77091
-5.41836
-3.24467
-5.1323300000000005
-4.744759999999999
-3.30934
-2.8376799999999998
-4.12557
-4.37416
-4.24883
0.650927
-5.22189
-4.14475
-3.7276800000000003
-3.74285
-3.5661400000000003
-5.02075
-0.159406
-3.7452
-3.8547300000000004
-3.8696900000000003
-4.70138
-4.86054
0.8508690000000001
-4.33482
-3.4717300000000004
-4.9347
0.0
-4.275530000000001
-0.183907
-4.0019599999999995
-2.29867
-2.62875
-3.33598
-3.27989
-4.1251
0.0
-3.19943
0.0
-5.1135
-1.6494799999999998
-4.70475
-3.1410400000000003
-4.2493
-0.9236270000000001
-4.19751
-4.66479
2.53314
-3.34269
-0.8164779999999999
-2.7993099999999997
-3.22134
-4.369
-2.77034
-4.34098
-3.9863699999999995
-4.57989
-4.11337
-1.60598
-3.12364
-0.444425
-2.75766
0.0
-3.6993699999999996
-0.472339
-3.8632699999999995
-4.240559999999999
-4.05786
-5.42924
0.0
-3.55232
-2.89565
-4.40369
-4.750780000000001
-2.80749
-4.75699
-4.60481
-3.9949800000000004
-4.10867
-3.2871599999999996
-4.91666
-4.2114
-4.241169999999999
-4.04425
-4.13384
-4.62745
-3.9810000000000003
-4.23228
-3.14105
-1.78688
-2.68777
-4.24908
-3.83092
-0.577885
-5.031540000000001
0.135364
-3.10087
-4.74757
-3.78395
-2.83563
0.0
-4.51885
-5.53316
-1.15467
-4.67716
-3.86907
-0.179627
-0.27324699999999996
-3.47362
-2.27799
-1.63729
-2.61832
-5.42863
-4.83392
-4.56659
0.0
-3.96949
-3.40646
-3.9482800000000005
-2.80416
-3.3184400000000003
-3.48314
-3.718
-4.40971
-2.87623
-3.6544800000000004
-3.5286699999999995
-5.90926
-3.33163
-4.5993
-4.61901
-3.11803
-1.7544799999999998
-3.7381900000000003
0.0
-3.3141300000000005
-2.6412400000000003
0.0
-3.24329
-1.38532
-4.91873
-5.0661
-4.36941
-4.748069999999999
-1.63904
-4.02543
-3.4258800000000003
-3.1352599999999997
-1.6423900000000002
-0.5711579999999999
-3.29282
-1.6650099999999999
0.0
-3.25487
-3.31855
-2.45559
-1.23282
-3.77675
0.0
-3.78055
-2.9160000000000004
-3.8727699999999996
0.819064
-3.9529199999999998
-2.64284
-1.7742200000000001
0.0
0.0
-5.08156
-2.84553
-3.5148900000000003
-4.70525
-2.20349
-3.42653
-3.7970300000000003
-3.56066
-4.10502
0.0
-3.1975700000000002
-4.69066
-2.08473
-4.1849099999999995
0.0
-2.89933
-4.78946
-4.01197
-4.7925
-3.2911099999999998
-3.9456900000000004
-5.09567
-4.35672
-3.48351
-3.70105
-3.95515
-3.7351300000000003
-3.18262
-3.14203
-4.31611
-4.42148
0.8364030000000001
-0.636178
-1.53419
-3.9807699999999997
-1.81683
-3.3241300000000003
-5.18225
-3.99168
-4.9240900000000005
-2.67448
-2.29827
1.9565599999999999
-6.00212
-0.782155
-3.5582199999999995
-4.39682
-4.34219
-2.04645
-4.75312
-2.9104099999999997
-1.58685
-3.31431
-3.5149199999999996
-0.7472979999999999
-3.9426300000000003
-1.85432
-5.29638
-5.09192
-2.7294
-0.713214
-3.97021
0.161598
-2.65362
-3.7315699999999996
-0.78493
0.7121609999999999
-3.1406099999999997
-1.34612
-3.86689
-3.2531
-3.4206800000000004
-0.339452
-2.65967
1.2719200000000002
-4.2603
-0.748471
-3.5909
-4.2112300000000005
-3.10763
-3.6130199999999997
-4.36175
-2.92945
0.0
-3.1297900000000003
-2.20436
-2.5566299999999997
-3.84881
-4.6567300000000005
-2.70745
-3.7313400000000003
-3.7322300000000004
-2.58738
-3.1568400000000003
-4.1603
-3.6402099999999997
-4.8096
-4.28213
-4.63628
-3.71379
-4.245080000000001
-4.29418
-3.9913300000000005
-3.94242
-3.07343
1.30884
0.0
0.0
-2.39551
0.0
-3.9508099999999997
-3.72862
-4.365819999999999
-2.62778
-1.63263
0.0
-3.72529
-3.14292
-4.07206
-1.51785
-3.9393599999999998
-3.58799
-3.00602
-1.46611
-2.82755
-2.9586200000000002
0.0
0.0
-3.8389300000000004
-3.4049
0.0
-1.6676400000000002
-2.35002
-0.8686510000000001
0.581589
-1.91982
-3.20973
0.12696300000000002
-1.56292
-3.8014900000000003
