0.488788
0.473884
0.351744
0.423155
0.123673
0.473846
0.5820930000000001
0.668556
0.47107899999999997
0.894955
0.14893900000000002
0.526896
0.890584
0.637
0.686084
0.059756
0.5748300000000001
0.707677
0.875289
0.7297060000000001
0.833145
0.473437
0.884135
0.22764
0.280956
0.023078799999999997
0.159691
0.14707
0.750748
0.20743000000000003
0.864677
0.788425
0.536492
0.194768
0.605297
0.22648600000000002
0.58681
0.7587649999999999
0.290476
0.80033
0.8277389999999999
0.644868
0.645438
0.832673
0.461913
0.311147
0.493338
0.812295
0.168762
0.877692
0.25109899999999996
0.646392
0.6364479999999999
0.712497
0.668205
0.789716
0.354696
0.351405
0.202379
0.45407600000000004
0.745358
0.851709
0.676978
0.0168109
0.0630213
0.22964099999999998
0.780483
0.840041
0.6318050000000001
0.414522
0.812307
0.411649
0.292723
0.179
0.169097
0.09724169999999999
0.29789299999999996
0.155076
0.6479060000000001
0.0123307
0.040098400000000006
0.604711
0.176785
0.6489189999999999
0.55493
0.395329
0.76667
0.17072
0.229187
0.556581
0.308804
0.764027
0.264382
0.0176588
0.018527599999999998
0.634258
0.304027
0.374869
0.8406309999999999
0.117046
0.256067
0.085851
0.17786400000000002
0.683876
0.489494
0.892883
0.372533
0.0861053
0.719489
0.7582
0.395671
0.928551
0.356383
0.543322
0.7169300000000001
0.42630500000000005
0.575857
0.932069
0.9182899999999999
0.0841196
0.0975533
0.773935
0.8863700000000001
0.572059
0.413821
0.463663
0.7846029999999999
0.00651132
0.395984
0.28836799999999996
0.0875356
0.890128
0.576306
0.476487
0.885749
0.496221
0.886224
0.21061999999999997
0.236062
0.829522
0.910306
0.7347199999999999
0.8368959999999999
0.08806389999999999
0.28342
0.0944168
0.9236049999999999
0.8248209999999999
0.164673
0.186686
0.82981
0.873114
0.8564350000000001
0.019893599999999997
0.768506
0.221507
0.5178020000000001
0.196452
0.777767
0.07983849999999999
0.8220059999999999
0.230262
0.0933998
0.037476199999999994
0.846144
0.8903780000000001
0.17399
0.08909969999999999
0.512677
0.191655
0.9151450000000001
0.8430610000000001
0.8224790000000001
0.281482
0.183996
0.35940500000000003
0.812503
0.00575142
0.9343940000000001
0.919409
0.338987
0.760883
0.10771800000000001
0.208873
0.823859
0.224784
0.9102600000000001
0.232321
0.25093699999999997
0.45669
0.778792
0.23231300000000002
0.809218
0.896616
0.139803
0.8206370000000001
0.873857
0.831418
0.876389
0.31692600000000004
0.8786430000000001
0.220467
0.7329180000000001
0.23779899999999998
0.0349415
0.303103
0.102448
0.399621
0.191627
0.570766
0.043902
0.42562700000000003
0.906826
0.8548040000000001
0.261491
0.827679
0.196319
0.771255
0.776924
0.00707913
0.9483010000000001
0.15224300000000002
0.8639690000000001
0.105584
0.502981
0.116941
0.833324
0.45767700000000006
0.6286
0.892768
0.7356739999999999
0.16318
0.922761
0.669266
0.7429939999999999
0.07667710000000001
0.8306819999999999
0.936638
0.881215
0.9436770000000001
0.8776780000000001
0.04871369999999999
0.359164
0.0032000999999999996
0.934873
0.616269
0.23406999999999997
0.269716
0.749746
0.9311709999999999
0.5366989999999999
0.042617800000000004
0.43600600000000006
0.360256
0.704337
0.23659499999999997
0.10946099999999999
0.828601
0.857504
0.5863430000000001
0.22336
0.16102
0.016587099999999997
0.08402760000000001
0.283666
0.9252049999999999
0.8625
0.78532
0.797203
0.8316319999999999
0.130358
0.8539610000000001
0.8333440000000001
0.24600999999999998
0.106241
0.0412181
0.712885
0.9142629999999999
0.0183939
0.8796889999999999
0.8747959999999999
0.8293389999999999
0.8990670000000001
0.7948970000000001
0.8053060000000001
0.831901
0.791628
0.8981870000000001
0.845773
0.8576370000000001
0.769305
0.8462280000000001
0.772087
0.8440479999999999
0.8233379999999999
0.694923
0.813905
0.535606
0.877814
0.935001
0.870343
0.0
0.0
0.0
0.80752
0.8573120000000001
0.658384
0.8348190000000001
0.583862
0.85772
0.617771
0.8603719999999999
0.0
0.8932030000000001
0.691006
0.827542
0.8886940000000001
0.697839
0.862914
0.0
0.894423
0.860217
0.8593459999999999
0.909575
0.5945159999999999
0.820332
0.855931
0.863094
0.9472209999999999
0.8749469999999999
0.817866
0.842937
0.8884290000000001
0.817563
0.0
0.739326
0.656108
0.7976479999999999
0.869682
0.902457
0.8232459999999999
0.825996
0.788992
0.799359
0.9257690000000001
0.899366
0.9075059999999999
0.935207
0.9104479999999999
0.8552350000000001
0.84219
0.858038
0.884243
0.8173090000000001
0.8230709999999999
0.8420340000000001
0.0
0.901602
0.8831829999999999
0.8591
0.7756270000000001
0.7963680000000001
0.874345
0.769117
0.8407100000000001
0.922486
0.84621
0.813779
0.6970689999999999
0.787133
0.8253219999999999
0.795936
0.69515
0.898333
0.803802
0.807697
0.868136
0.846109
0.942515
0.757584
0.832838
0.854007
0.680126
0.894001
0.837843
0.824486
0.898827
0.892949
0.861152
0.8524719999999999
0.873785
0.46027700000000005
0.34278600000000004
0.87644
0.835586
0.925392
0.8619129999999999
0.851617
0.0
0.92968
0.8686799999999999
0.8725639999999999
0.8743700000000001
0.8930110000000001
0.8423209999999999
0.0
0.912402
0.793722
0.765716
0.904436
0.924048
0.531702
0.867613
0.872042
0.777393
0.887769
0.786508
0.768352
0.0
0.861867
0.722904
0.8774489999999999
0.0
0.868793
0.22439699999999999
0.89344
0.829392
0.743801
0.93373
0.852417
0.8662860000000001
0.8909870000000001
0.66956
0.774197
0.859719
0.839568
0.940492
0.8476889999999999
0.848858
0.0
0.8788729999999999
0.776169
0.789327
0.821312
0.834758
0.49643999999999994
0.870825
0.8291370000000001
0.8581989999999999
0.860504
0.910531
0.853159
0.8706200000000001
0.7195189999999999
0.9052100000000001
0.887573
0.9166200000000001
0.00764026
0.8107449999999999
0.0
0.8340930000000001
0.724745
0.645041
0.789714
0.8778969999999999
0.907609
0.879814
0.807078
0.893818
0.9219350000000001
0.9024700000000001
0.784959
0.822219
0.836031
0.875985
0.8920680000000001
0.806859
0.856381
0.768408
0.906483
0.8834059999999999
0.855928
0.8782989999999999
0.786285
0.947592
0.745215
0.8715799999999999
0.8855959999999999
0.859267
0.825909
0.8937229999999999
0.901375
0.8802479999999999
0.79485
0.801415
0.9000790000000001
0.849305
0.894257
0.8054140000000001
0.8570780000000001
0.8639319999999999
0.890317
0.0
0.891084
0.865999
0.8915270000000001
0.883224
0.873381
0.9297639999999999
0.8467969999999999
0.83055
0.868843
0.640191
0.9096540000000001
0.913209
0.809636
0.932105
0.779212
0.8152520000000001
0.8277479999999999
0.8579540000000001
0.8818159999999999
0.778365
0.8850540000000001
0.758135
0.815623
0.782445
0.868135
0.8516040000000001
0.856922
0.6924779999999999
0.0
0.688816
0.822175
0.787288
0.876317
0.735275
0.8163819999999999
0.0
0.900409
0.655043
0.898595
0.8858809999999999
0.878793
0.899682
0.8087979999999999
0.791766
0.9008280000000001
0.8065
0.873481
0.881633
0.681371
0.9828610000000001
0.5790420000000001
0.933232
0.9074629999999999
0.846153
0.884423
0.917684
0.0
0.8712709999999999
0.827849
0.8129270000000001
0.8598879999999999
0.8636940000000001
0.861675
0.0
0.49043000000000003
0.781832
0.8378190000000001
0.0
0.855474
0.857664
0.8303280000000001
0.0
0.8628370000000001
0.8726370000000001
0.843802
0.8904200000000001
0.8985209999999999
0.807984
0.888027
0.914792
0.851549
0.846458
0.861349
0.930154
0.7471220000000001
0.925484
0.8650260000000001
0.894049
0.8863219999999999
0.904856
0.8458129999999999
0.936113
0.838528
0.889041
0.6928529999999999
0.912399
0.815496
0.861454
0.9197620000000001
0.849461
0.760638
0.9012899999999999
0.9126879999999999
0.858823
0.7244659999999999
0.881494
0.6040300000000001
0.8069
0.7763939999999999
0.7549359999999999
0.756803
0.797016
0.822815
0.871338
0.833741
0.845196
0.8937639999999999
0.849699
0.841441
0.8315100000000001
0.831633
0.811499
0.0
0.6190479999999999
0.8562770000000001
0.8229350000000001
0.9118709999999999
0.857893
0.0
0.696136
0.647946
0.547898
0.7826350000000001
0.7905770000000001
0.889984
0.772413
0.7857069999999999
0.795226
0.8879549999999999
0.732427
0.8331709999999999
0.939501
0.840124
0.8778030000000001
0.874185
0.0
0.892658
0.901365
0.854461
0.877826
0.8589540000000001
0.8831889999999999
0.795323
0.846302
0.840949
0.8376950000000001
0.9061629999999999
0.8936219999999999
0.8368629999999999
0.76873
0.828958
0.746938
0.838051
0.805397
0.8520469999999999
0.92738
0.768026
0.928683
0.8561780000000001
0.425026
0.840558
0.8362450000000001
0.9039510000000001
0.0
0.8995860000000001
0.914734
0.918523
0.8920370000000001
0.904646
0.8592780000000001
0.767306
0.901028
1.0
0.808778
0.0
0.692105
0.892819
0.8673489999999999
0.744999
0.8064439999999999
0.8467680000000001
0.899467
0.844583
0.765629
0.805099
0.747464
0.5780850000000001
0.774416
0.8385389999999999
0.790171
0.900098
0.885601
0.812425
0.897855
0.518967
0.8469399999999999
0.850974
0.8883040000000001
0.766947
0.888338
0.732858
0.855326
0.8656530000000001
0.8319690000000001
0.8597940000000001
0.0
0.8884129999999999
0.659032
0.857368
0.836435
0.719068
0.874373
0.884906
0.828918
0.885225
0.8588979999999999
0.8237
0.908998
0.906898
0.873128
0.9166690000000001
0.859648
0.9005190000000001
0.790237
0.446687
0.7156100000000001
0.759055
0.8988729999999999
0.825177
0.9158930000000001
0.8217540000000001
0.664389
0.94416
0.846356
0.915344
0.8610190000000001
0.0
0.730052
0.9038360000000001
0.93932
0.842417
0.8400690000000001
0.6521779999999999
0.763018
0.802886
0.909392
0.8240350000000001
0.773964
0.8233809999999999
0.8158979999999999
0.7862439999999999
0.0
0.865332
0.9027709999999999
0.8534959999999999
0.8680450000000001
0.712387
0.897071
0.8881870000000001
0.9221389999999999
0.818812
0.754288
0.869559
0.8480340000000001
0.88676
0.827267
0.8833780000000001
0.848666
0.713625
0.8319780000000001
0.0
0.820166
0.8352280000000001
0.75
0.852125
0.88645
0.91586
0.835364
0.934321
0.790899
0.911651
0.874567
0.8427870000000001
0.866217
0.78794
0.8628450000000001
0.818807
0.45085600000000003
0.838693
0.876712
0.8490559999999999
0.8141390000000001
0.905206
0.8245879999999999
0.0
0.904748
0.847073
0.8557819999999999
0.5145850000000001
0.841866
0.698127
0.809524
0.0
0.0
0.889117
0.820699
0.8175180000000001
0.88281
0.8758670000000001
0.8769959999999999
0.851248
0.795433
0.8045220000000001
0.0
0.840339
0.849801
0.887444
0.8503930000000001
0.412879
0.941947
0.915026
0.859575
0.8421620000000001
0.80989
0.8252950000000001
0.8529260000000001
0.8847010000000001
0.7316090000000001
0.835045
0.875099
0.8918
0.674583
0.8973200000000001
0.9026620000000001
0.843425
0.569129
0.849849
0.850283
0.899222
0.882918
0.8835350000000001
0.9161530000000001
0.889659
0.923422
0.798294
0.926426
0.901048
0.868009
0.664533
0.803628
0.892451
0.886265
0.8638290000000001
0.825557
0.768007
0.806926
0.9199459999999999
0.8783059999999999
0.772235
0.770209
0.6996
0.868734
0.8728889999999999
0.8986149999999999
0.710226
0.818365
0.69858
0.895968
0.903766
0.8803709999999999
0.772219
0.837096
0.909956
0.489544
0.918451
0.844217
0.8352569999999999
0.8918159999999999
0.405595
0.874776
0.724068
0.90728
0.821025
0.869576
0.846051
0.871009
0.794234
0.0
0.875669
0.8307969999999999
0.748279
0.787195
0.904856
0.678506
0.9110659999999999
0.799313
0.738301
0.8317969999999999
0.8225549999999999
0.910428
0.900658
0.852774
0.716785
0.850211
0.793514
0.832899
0.8655209999999999
0.640955
0.8439260000000001
0.663959
0.0
0.785388
0.822975
0.0
0.822274
0.865991
0.642744
0.773667
0.762789
0.0
0.846267
0.678257
0.865136
0.820852
0.860892
0.838549
0.8276370000000001
0.9486530000000001
0.848541
0.874043
0.0
0.0
0.885713
0.8646299999999999
0.0
0.891985
0.8236100000000001
0.906308
0.031024700000000002
0.7818970000000001
0.888843
0.88792
0.819838
0.875006
