0.6556649999999999
-0.739426
-0.43453100000000006
-0.693775
0.157888
-1.56125
1.75122
0.9195780000000001
0.316332
0.5451819999999999
-0.28728000000000004
0.158148
0.158148
0.11618099999999999
1.8134099999999997
0.692077
0.382594
1.7289299999999999
-0.0884322
-0.653643
0.369138
0.642955
-0.40119099999999996
-0.31040999999999996
0.762584
0.55271
-0.5679850000000001
0.0628293
-0.101328
-0.101328
-0.46929799999999994
-0.16103399999999998
0.731072
1.66145
0.7348
0.840066
0.13872
0.498928
0.769947
0.41106499999999996
-0.051697400000000004
2.25654
1.26454
-1.11132
0.0557648
-0.16213699999999998
-0.160129
0.41148900000000005
-0.8986729999999999
1.0218399999999999
-1.31128
-0.033417199999999994
0.205587
0.08354389999999999
-0.46631000000000006
-0.12938
0.608715
0.24220799999999998
0.580066
-0.0261448
0.490015
1.4740799999999998
1.74447
0.52533
0.0957079
-0.0596322
0.0817197
0.144372
0.902281
-0.331731
1.50501
0.055510199999999996
0.204958
0.196299
-0.627683
-0.627683
-1.04954
0.407455
-0.054603
-1.04243
0.496618
0.421704
-0.422314
0.8947790000000001
-0.494594
-0.424018
-0.239161
0.23189899999999997
-0.0328258
1.63662
1.01763
0.5250130000000001
-0.144456
-0.0814578
-0.5168229999999999
-1.35579
-0.653131
-0.0815328
-0.322655
-0.34213499999999997
0.768031
-0.0243805
-0.605812
-0.381262
0.280334
-0.542587
0.517842
-0.37466700000000003
-0.976876
-0.352976
0.9610549999999999
-0.43964
-1.84208
-0.565968
-0.6126550000000001
-0.132986
1.1137299999999999
-0.385728
-0.25819000000000003
-0.380857
0.742699
0.453268
-0.33805100000000005
-0.37695500000000004
-0.149023
-0.0214946
-1.08223
-0.9951139999999999
-0.6941930000000001
-2.06929
1.02369
0.281709
-0.868627
0.142455
-1.8829200000000001
-1.2005700000000001
0.296385
-0.69005
-1.4076
-0.443766
0.07785650000000001
-0.961557
-0.376698
0.12726800000000002
1.08122
0.950206
-0.154231
-1.01911
0.0824922
0.365983
0.658088
-0.24631199999999998
-0.298236
2.2295
0.56345
0.714912
1.2942200000000001
2.19703
3.15984
-0.388701
-0.224978
0.126876
-1.3228600000000001
0.252471
0.5902109999999999
0.115026
1.05764
0.848201
1.02304
-0.137799
1.71803
1.69996
1.69996
1.15544
1.15544
0.25084
-0.840957
-1.04295
-1.15959
-0.313472
-0.7693439999999999
-0.471894
1.08407
0.493633
0.0612024
-0.41782600000000003
0.340752
0.618183
-0.522419
0.28271399999999997
-0.60249
-0.702589
-0.00254025
-0.428893
0.93086
-0.0576082
-0.555349
0.138229
-0.643439
-0.154841
0.224885
-0.712631
-0.858979
-0.251029
-0.27592300000000003
-2.0110200000000003
-1.02797
0.637364
-0.708935
-0.286058
-0.659637
-1.23512
-0.289147
1.12814
0.657183
0.0522918
-0.327548
0.600193
0.380801
-0.07104819999999999
-0.5448649999999999
-0.507695
-1.14996
-1.53164
-1.05349
0.632203
0.0571367
0.24547199999999997
0.376701
0.586126
-0.6404850000000001
1.31851
1.70422
0.9433370000000001
-1.0252
-0.47638500000000006
-1.10935
0.382488
0.173743
-0.142524
-1.53199
-1.64789
-0.21360900000000002
-0.13439500000000001
0.333467
-0.761504
-1.08732
-1.01403
0.5155430000000001
0.602558
0.229871
-1.77065
-1.57679
1.9263599999999999
-1.47714
-0.272543
-1.06766
-0.0862181
-0.9677520000000001
0.745258
-0.506274
0.335111
0.34276799999999996
1.29949
-0.537355
-0.168454
-0.315162
-0.612105
-0.580846
-0.771757
0.7701060000000001
0.9036649999999999
0.271257
1.89924
1.06387
0.629735
1.22607
1.06569
-0.246507
-0.246507
0.00410491
2.8091
0.774649
-0.5922270000000001
1.24993
1.23171
0.88436
0.160268
1.12966
1.12966
0.816041
-0.74406
0.11733800000000001
0.479608
-0.361311
4.2895199999999996
-0.28933200000000003
0.09389760000000001
0.683153
-0.371946
0.23940799999999998
0.807326
0.387596
-0.169953
-0.23055799999999999
-0.156998
0.014230100000000002
-0.0810337
1.6067200000000001
0.25890100000000005
0.797363
-0.802523
1.22652
3.3579
0.415915
0.16438
-0.169344
0.41437299999999994
0.48051000000000005
-0.241465
-0.47721199999999997
-0.969933
1.36219
-0.42024399999999995
0.297188
1.2021
1.72271
-0.0893573
0.6604300000000001
0.7609640000000001
0.318267
-0.100383
0.582342
-0.172427
1.22413
1.32566
0.246746
0.416063
1.1694
1.26371
0.615139
0.16111
-0.0131744
0.158968
0.282564
0.330802
0.8896129999999999
-1.07734
0.0817852
-0.0756566
-0.74969
0.717701
-0.798896
0.606034
0.34320900000000004
-0.782066
-0.013310299999999999
-0.0572644
0.269952
0.309849
-0.0387917
-0.26616799999999996
-0.0875466
-0.449308
-0.135608
-0.519594
-0.874606
-0.0955788
0.23720700000000003
-0.0984369
-0.175126
0.137726
-0.41672600000000004
-0.518748
-0.313488
0.45962700000000006
-0.0139203
-0.0511716
-0.14306
-0.106499
1.7876
0.0246241
1.58245
0.44683599999999996
0.44683599999999996
0.7434729999999999
0.5344810000000001
-0.497841
0.536466
0.484505
0.35841
0.0216465
-1.58617
-0.21326599999999998
-0.278071
-0.173112
0.80362
-0.366671
0.59735
1.40796
1.44581
0.699491
0.39419499999999996
0.5055930000000001
-0.789018
2.21381
0.0853895
1.06904
0.752541
0.130167
0.43721800000000005
2.17647
0.9264190000000001
-0.0276063
0.32278
0.200249
-0.693766
0.47938800000000004
0.6884020000000001
-0.0741653
0.0100913
0.45117399999999996
-0.226669
-0.545741
0.9239950000000001
-0.24469899999999997
0.35225
-0.7120479999999999
0.257616
0.257616
0.791466
-0.33800399999999997
-0.015152200000000003
-1.06556
-0.169526
0.0958505
-0.44516000000000006
-1.32425
-0.5574100000000001
0.22405799999999998
0.965036
0.716115
3.3419300000000005
1.07376
0.5556949999999999
1.12205
0.7332069999999999
0.142041
0.842777
-1.4254
1.02381
-0.59591
1.25311
1.48348
2.09971
0.030429599999999998
1.04315
-0.346254
0.599748
0.186381
-0.41789
-2.2027900000000002
-1.8259299999999998
-2.0491200000000003
