1.49476
1.91262
0.632587
0.9483370000000001
0.388977
-0.43713100000000005
0.364464
0.35520300000000005
0.369318
0.16251400000000002
1.80287
0.258033
0.294014
0.178557
0.355495
-0.0911378
0.614866
-0.6776479999999999
0.182799
0.11539200000000001
0.381116
0.190959
-0.12704100000000002
-0.635614
0.83406
-0.564284
1.5649
1.6758099999999998
0.137248
-0.023447299999999997
0.47585299999999997
-0.22633699999999998
0.61179
-0.175319
0.107378
0.0149525
-0.15624200000000002
-0.0251987
0.290114
-0.227314
-0.402028
0.5941489999999999
0.42176800000000003
-0.36001
-0.422129
0.628921
0.788064
0.63635
-0.190605
0.058297
0.110016
-0.0309656
0.638818
-0.306402
-0.510549
0.49931400000000004
-0.0197795
1.11922
-0.029738900000000002
0.574203
0.5765
0.190619
0.208999
0.758525
0.685261
1.0668600000000001
0.46886300000000003
0.55014
-0.925157
0.0561082
-0.571673
0.0591866
0.0192255
1.72157
0.0943024
0.102013
-0.377999
0.0754838
0.7872560000000001
0.503288
-0.324346
0.208328
-0.0794627
-0.10894300000000001
0.7065859999999999
1.36638
-0.238835
0.18399100000000002
0.08701060000000001
0.342461
1.9559900000000001
-0.06235159999999999
1.2418
1.3941700000000001
0.02599
0.981922
-0.263394
-0.476576
-0.292651
0.0274695
1.55856
-0.301207
-0.015248
0.685451
1.8826200000000002
-0.103362
-0.311108
0.682987
1.15866
0.572693
0.795663
-0.191143
2.0933200000000003
0.5372979999999999
-0.15878499999999998
1.31639
1.7970099999999998
-0.379806
-0.0814105
2.45502
0.455058
0.0961526
-0.10241600000000001
0.0780686
-0.145952
1.47468
0.010652799999999999
0.769192
-0.365097
-0.0905964
-0.108708
-0.413933
0.727
-0.169223
-0.21999899999999997
-0.776192
-0.0674077
0.164575
0.57331
-0.192678
-0.07442489999999999
-0.6383310000000001
0.34329299999999996
2.20974
0.492258
0.932796
-0.547729
0.0186233
-0.0347753
-0.786586
-0.49003100000000005
0.184851
-0.546072
2.5796
0.5147970000000001
0.0136418
1.33218
-0.394851
-0.0525735
0.0504685
-0.191551
-0.364298
0.9839979999999999
2.94435
-1.38572
-0.18311
-0.49691899999999994
1.67603
0.18168
0.48667299999999997
0.11875
0.7618560000000001
-0.605085
0.049190199999999996
0.27833800000000003
0.336595
-1.1084
0.324266
-0.22234
-0.0201617
-0.043863
-0.35327600000000003
-0.280542
-0.23108800000000002
0.0958015
2.4386099999999997
0.07499960000000001
0.841865
3.2059900000000003
0.937602
-0.8873790000000001
0.47127399999999997
0.268111
-0.17551
0.24270999999999998
0.64315
-0.39460300000000004
-0.0662915
0.331453
0.7979069999999999
-0.376301
-0.383941
-0.19253499999999998
-0.2046
2.89955
0.660794
-0.18548
0.0183451
2.37173
0.301052
1.09149
0.12251
-0.46590600000000004
-0.41546000000000005
0.9745739999999999
-0.15953299999999998
-0.252824
-0.661261
0.6108180000000001
2.21425
-0.132923
-0.52935
-0.80883
0.226606
-0.534217
0.890214
-0.616634
1.4466
0.977865
0.552145
-0.08877339999999999
0.155667
-0.134274
0.8631709999999999
-0.168899
0.312125
-0.558994
-1.07386
0.0726003
0.42000699999999996
0.9407909999999999
1.00718
0.20491199999999998
-0.409169
-0.580778
0.105519
1.39385
0.884668
-0.42105600000000004
-0.48058199999999995
0.5763699999999999
-0.37667399999999995
1.46156
2.33155
-0.140772
-0.0512697
0.558447
0.0558194
-0.841218
0.20231500000000002
0.647817
0.606599
-0.398847
0.396386
-0.572279
0.697745
-0.15498499999999998
-0.201308
1.1371799999999999
0.320128
2.12625
-1.20288
0.713601
0.248617
0.167679
0.829809
-0.374874
-1.3444399999999999
-0.595753
0.722821
0.23375500000000002
0.8194940000000001
0.153103
-0.30849
-0.790245
0.268895
-0.34115300000000004
0.592258
-0.5523640000000001
-0.5648380000000001
0.161466
-0.812624
-0.368636
0.378651
-0.167324
-0.499245
-0.141741
-0.145327
-1.05314
-0.142272
0.69379
0.0
0.0
0.0
-1.57933
-0.231273
-2.52236
0.00274478
0.312713
-1.19934
0.0872192
-0.302315
0.0
0.240064
-1.15505
-0.591915
-0.589715
0.017908599999999997
-0.872287
0.0
-0.42246300000000003
0.167218
0.626309
-0.6987180000000001
0.13983900000000002
-1.24765
-0.00866754
-0.673359
0.35017600000000004
-1.48126
0.087478
-0.0586582
-0.9952290000000001
-0.157723
0.0
0.465369
1.53754
-0.134976
0.0752521
-0.7068760000000001
-0.8908370000000001
0.553046
0.204802
-0.21652800000000003
-0.144227
0.177342
-0.311704
-0.685707
-0.8659450000000001
0.48375
0.15964
-0.90991
-0.783084
0.0963209
-0.5319159999999999
0.238657
0.0
-0.0109056
-0.864655
-0.630125
-1.12693
0.319472
-0.0627073
-0.367761
-1.22136
-1.5073
-0.0516776
-0.11286900000000001
0.8363139999999999
-0.553987
-1.29695
-0.308696
0.0528649
-1.9004400000000001
-0.8686299999999999
0.532671
-0.298374
-0.0511828
-0.487947
-0.17343699999999998
-0.693984
-0.381348
-0.537607
-1.10624
0.199526
-1.0714299999999999
0.362606
0.079388
0.669272
-1.70487
-0.23827600000000002
1.0953
0.957516
-0.873748
-0.0527637
-0.368344
-0.343049
1.1741
0.0
0.405406
0.633616
-0.104432
-0.806998
0.329486
-0.032812400000000005
0.0
-0.362948
-0.8779020000000001
-0.901927
0.249146
0.132853
1.09028
-0.310041
-0.478062
-0.307066
-0.26915500000000003
-2.0962400000000003
-1.07525
0.0
1.18163
-1.70338
-1.04435
0.0
-0.21233200000000002
0.57986
-0.32224899999999995
-0.442296
-0.0898137
0.35634699999999997
0.544663
0.45056
0.259169
-2.01155
1.41188
0.193009
0.556488
0.190672
-0.660091
0.351722
0.0
-0.286965
-0.528366
-0.23527399999999998
0.6420520000000001
0.369696
0.21463000000000002
-1.00488
-1.1382299999999999
-0.074375
0.199202
-0.747414
0.09931369999999999
0.08367580000000001
-0.235956
-0.257137
-0.344022
0.43672799999999995
2.62741
-0.930516
0.0
-0.160865
-0.6557310000000001
-0.66095
-0.182582
0.028270999999999998
-1.23996
0.39382
-0.6982689999999999
-1.03391
-0.27953
-0.541024
-1.38888
0.0956261
-0.0746223
-0.421534
-0.265952
0.200476
-1.12896
-0.47046899999999997
0.16858599999999999
0.762301
-0.343671
-0.767323
-0.47588800000000003
0.11204700000000001
0.315146
-0.747165
-1.29102
-0.07266410000000001
-0.0993615
0.0215172
0.015697799999999998
-0.659147
0.394877
0.465552
0.647879
-0.185399
-0.12198800000000001
0.0821479
0.252794
-0.351835
-0.637759
0.0
-0.555822
0.11803499999999999
0.056296000000000006
-0.676756
0.0342348
-1.35015
-0.37096999999999997
-0.247662
-0.366002
-0.17770999999999998
0.39905
-0.298035
-0.21113400000000002
-0.11174500000000001
-0.18770699999999998
-0.399514
0.6995140000000001
-0.06541509999999999
0.486545
0.353014
-0.680829
0.5705939999999999
-0.504162
-0.136876
-0.679081
-0.557665
-0.11848299999999999
-0.255709
0.0
0.0330146
0.259383
0.22750900000000002
0.7210300000000001
-0.5781689999999999
0.14769100000000002
0.0
0.253774
-0.464991
-0.035040800000000004
-0.265018
0.19402
-0.0187977
-0.310525
-0.918961
-0.413149
0.499485
-0.71072
-0.870257
-1.21143
-0.663876
-0.307123
-0.858542
-0.606226
-0.515061
-0.576887
-0.625767
0.0
-0.29766
-0.400908
-0.9611280000000001
-0.236517
-1.56918
-1.93651
0.0
-0.241085
-0.531958
-0.6527270000000001
0.0
-0.43033599999999994
-0.620793
0.769112
0.0
-0.53592
0.372763
-0.375794
-0.41996999999999995
-0.189333
-0.10945099999999999
-0.10444400000000001
-0.047649000000000004
0.0905123
-0.805305
-0.527345
-1.0480399999999999
0.08648360000000001
-0.495404
-1.19174
0.0730474
0.191248
-0.28379
0.368948
-0.36458
0.16446
0.053169900000000006
1.64035
0.11404700000000001
-0.373514
0.0226692
-0.23257600000000003
-0.0299932
-0.147306
1.06561
0.194495
0.750842
0.017649400000000003
-0.157414
-1.33142
-0.291597
0.369245
-0.40560799999999997
-0.369763
-1.06969
-0.44362799999999997
-0.058466
-1.3201
0.126245
-0.81507
0.36486799999999997
-0.25066900000000003
-0.53541
-0.468055
0.738997
0.0
-0.851298
0.00128046
0.54277
1.1118700000000001
-0.505942
0.0
0.0
1.1405399999999999
0.400025
-0.242525
-0.400054
0.9743280000000001
-0.424458
0.270396
-0.422486
0.532043
-0.325218
0.0273755
-0.316635
0.387732
1.83811
0.342144
0.0
0.0602736
-0.958432
0.121351
-0.166293
-0.676512
0.258031
-0.885275
-0.608017
-0.316056
-0.700186
0.36220399999999997
0.640663
-0.355661
0.0178724
-0.679737
0.0896695
-0.19659200000000002
0.0
2.29086
-0.523846
-0.770728
-0.20422300000000002
-0.942897
-0.569951
0.242829
0.606574
0.136673
0.0
-0.48071099999999994
0.0128398
0.0422047
-0.155473
-0.296578
-0.54694
-0.187108
-1.4003700000000001
0.0
-0.397965
0.0
-0.264547
-0.24212399999999998
-0.85269
0.392295
-0.8284540000000001
-0.09224450000000001
0.32003899999999996
-0.130276
0.703855
-0.46748500000000004
0.0493036
-0.758325
-0.570094
0.2421
0.262606
0.289243
-1.47102
0.11925799999999999
-0.762588
1.33657
-0.746648
1.10338
-0.394502
0.174676
-0.058955099999999996
0.8963260000000001
-0.353234
0.922642
-0.194012
-0.6814
0.0
-0.24456399999999998
0.0186408
-0.218556
-0.273419
1.5998700000000001
0.188528
-0.357065
-1.15026
-0.227514
-0.758851
-0.272789
-0.321859
-0.889581
-0.209761
0.122918
-0.9096280000000001
-0.780814
-0.43449
1.71069
0.8609969999999999
-0.790985
-0.363125
-1.21157
-0.174594
0.281604
-0.31707399999999997
-0.96485
0.015523599999999999
-0.28063899999999997
0.591042
0.0
-0.10896199999999999
0.0677963
-1.0772700000000002
-0.455959
-0.7997029999999999
-0.20735599999999998
1.01229
0.47416800000000003
-0.117301
1.37071
0.7703439999999999
-0.167959
-0.718118
-0.21725100000000003
0.0
-0.37531
-0.840879
-0.6481140000000001
-0.178151
-0.303649
-0.0253871
-0.675037
-0.7420869999999999
-1.03669
-0.186862
-0.935959
1.26298
-0.189106
-0.349026
0.21034499999999998
-1.17125
-1.0981
0.024183700000000002
0.0
0.651624
0.9737389999999999
0.0
-0.55579
-0.691988
0.0187916
0.44409
-0.968824
0.128024
-0.29741300000000004
-0.465654
-0.7562909999999999
-0.117503
-0.016749700000000003
-0.16221300000000002
0.15424100000000002
1.73121
-0.8659450000000001
-1.20577
0.563801
-0.916516
-0.491511
-0.47485299999999997
0.0
-0.232384
-0.423133
-0.688863
-0.262411
0.0723923
1.61145
0.19805999999999999
0.0
0.0
-0.719936
-0.147412
-0.464373
0.192875
-0.084262
-0.758728
-0.618712
-0.184912
0.673473
0.0
-0.118693
-0.29381799999999997
-0.456693
-1.7082099999999998
0.0
-0.149036
-1.1210799999999999
-0.498143
0.00108076
0.145679
0.191706
-0.695149
-0.588248
0.359739
0.060113099999999996
0.0640042
0.0732745
-0.18387699999999998
-1.10096
1.29031
0.10334600000000001
0.42918500000000004
0.17130599999999999
-0.331779
-0.303867
0.37852800000000003
0.563063
-0.542357
0.215964
-0.814068
-0.9220450000000001
-0.387294
-0.272791
0.64157
0.56947
-1.4949299999999999
-1.13686
-0.7316630000000001
-0.4813
-0.356061
1.28526
-0.052527599999999994
0.286718
0.546114
0.26549
0.876793
0.174788
0.233933
0.5089090000000001
-0.053214199999999996
0.856467
-0.00341355
0.835565
0.36336399999999996
-0.10510599999999999
-0.2944
0.0204719
0.621479
-0.907855
1.89085
-0.464708
0.135875
-0.392612
-0.213509
0.3196
0.659804
0.116817
-1.52261
-0.241441
-0.69305
0.6759430000000001
-0.8116760000000001
0.764285
0.0
0.358605
-0.665181
-0.00898447
0.9108809999999999
-0.05243780000000001
-0.115729
0.975542
0.522443
-0.814496
0.513878
-0.7594350000000001
-0.163025
-1.10905
0.632352
-0.646537
0.40980900000000003
-0.378306
-0.43293100000000007
-0.687728
-0.116826
0.46951400000000004
2.5070099999999997
0.0
0.26805100000000004
0.847058
0.0
-0.41939799999999994
-0.16206600000000002
-0.026767000000000003
-0.28867600000000004
0.288636
0.0
0.20565999999999998
0.332258
0.829472
2.07966
-0.092793
0.10367699999999999
-0.670308
-0.299277
0.678357
-0.0822897
0.0
0.0
-0.0147248
-0.993458
0.0
-0.491962
0.0491561
-0.46648500000000004
2.48636
-0.364869
-0.427608
0.23624699999999998
-0.0857183
-0.12676400000000002
