1.5677
-0.23356500000000002
-0.334069
1.2604899999999999
4.21117
3.40194
-0.5461239999999999
-0.476549
1.24597
0.6649619999999999
3.7401800000000005
0.689913
-0.101242
-0.339775
0.22975
4.59088
2.24895
-0.849255
-0.071475
0.0113682
-0.09543099999999999
2.47076
-1.37634
2.62699
1.3276299999999999
4.9703599999999994
3.3497
1.43246
0.120045
2.40422
-0.0353985
1.9746
1.20147
2.2221
1.25125
4.30955
0.122198
-0.750235
2.7231799999999997
-0.431914
-1.05324
1.6932099999999999
-0.9442940000000001
0.48595299999999997
0.959184
0.8230790000000001
0.323746
-0.331909
4.1191699999999996
-0.97114
3.7288099999999997
0.292846
0.0940098
0.33858299999999997
-0.722748
0.556261
3.5924
0.43397299999999994
4.48517
-0.123696
-0.6444949999999999
0.00704463
0.6865020000000001
5.56147
-0.5058090000000001
0.6414
0.223289
-1.4242700000000001
-0.573811
-0.545658
0.0943425
0.11198499999999999
3.6252199999999997
1.1451
5.31347
2.1478599999999997
4.0785
4.0906400000000005
-0.657313
6.0212900000000005
5.52925
-0.159667
3.63915
-0.139736
0.632286
-0.707172
-0.126116
1.9301099999999998
2.3953900000000004
-0.0356244
0.117486
1.4393
3.85134
5.81018
4.2541199999999995
0.232127
1.33447
1.07141
0.258294
4.015
-0.33305799999999997
3.56106
4.409669999999999
-0.461265
2.5872900000000003
-0.5066729999999999
0.7482850000000001
4.945130000000001
-0.5111829999999999
0.7051270000000001
3.10188
-0.024753
0.825526
1.72632
1.2757100000000001
3.00838
1.73754
-0.857126
-0.9292360000000001
0.679222
3.2701
0.919782
0.9871049999999999
1.37132
1.59802
0.67256
1.0806799999999999
4.46938
3.88194
2.79399
4.17981
-0.250419
4.486759999999999
0.5216609999999999
-0.316361
1.4891299999999998
0.271416
1.7315599999999998
3.3813199999999997
-2.0703400000000003
-0.46606899999999996
3.10413
-0.406974
3.9313
3.32825
4.72804
-3.6734699999999996
-0.425461
4.68345
4.35042
-1.99078
-0.8728600000000001
-1.70313
0.0123806
0.454505
4.31312
0.529198
4.18151
-0.741898
4.71776
-2.02354
4.19224
3.54759
4.80976
-0.699778
0.141147
4.4188
4.5845
2.99571
3.32274
-1.3896899999999999
0.365906
-1.1731200000000002
3.79009
4.29385
4.03581
-0.341102
5.15914
-1.18641
-0.761458
4.2903
0.268968
3.68135
4.40644
-1.93655
3.09899
-0.10256199999999999
1.6056
3.35131
2.03622
-2.44338
4.2128
0.46028900000000006
-1.75127
4.71644
0.738734
-0.940773
-0.804674
-1.92042
4.46708
0.29243
3.89229
4.03711
3.6313800000000005
5.50437
4.22998
5.0031300000000005
3.65881
3.5817099999999997
0.0317784
6.036630000000001
4.3228800000000005
-0.210101
-0.46534899999999996
4.02326
-0.6046520000000001
4.2146300000000005
-1.45376
-1.43361
3.8543199999999995
-1.37899
4.245340000000001
-1.7186299999999999
3.8201099999999997
3.57533
4.93719
-2.00643
2.83659
-0.794064
-0.236321
1.30954
3.82115
-1.4974399999999999
0.402649
1.49301
4.33058
-1.72616
-0.718183
-1.14306
-0.37704099999999996
-3.6355199999999996
5.06073
3.62016
4.29145
-0.18889
-1.60855
4.38128
3.2124200000000003
-0.437325
0.123822
1.38541
4.54225
3.37194
2.59848
0.42536199999999996
3.84471
4.58751
-0.794987
-1.02108
2.66863
4.06821
5.277769999999999
4.4218
4.281280000000001
3.62658
-1.92682
-0.15152100000000002
0.418049
-2.8769
2.9681599999999997
3.60944
-0.792346
-0.33481
3.52869
4.3643
3.7987800000000003
-0.9273809999999999
-0.40622800000000003
3.32398
0.33513200000000004
-0.794883
-0.523727
-0.80766
0.41456000000000004
-0.963676
-0.217113
-2.00937
-2.4127099999999997
-1.85884
-1.26023
-2.4272099999999996
-1.15403
-1.0911899999999999
-0.613301
-0.157209
0.0428849
-0.867649
0.0109167
-1.1891100000000001
-0.274387
0.409919
0.0
-3.9348699999999996
0.0
-2.18528
-0.743138
-1.31445
-0.644555
-0.091513
-1.33638
-0.6611279999999999
-1.59101
0.0
0.161639
0.559232
-0.967432
0.155365
-0.0173372
-1.97587
0.0
-0.255813
-1.47411
-0.491011
0.027352099999999997
-2.27774
-0.41373000000000004
0.24998
-0.625279
-0.313233
-1.4601600000000001
-0.907826
-0.24905
-1.7648599999999999
-0.828644
0.0
1.08067
-1.97837
-1.67812
-0.43888599999999994
-1.17987
-1.87611
-0.0279203
0.00463146
-2.0198400000000003
-0.029451599999999998
-1.6642299999999999
-0.45080200000000004
-0.8745219999999999
-3.95224
-1.90458
0.0274362
-0.881077
-0.80118
-0.153906
-1.16178
-0.28300000000000003
0.0
-0.806422
-1.4364700000000001
-2.94749
-1.4616200000000001
-0.750004
-1.25666
-0.639333
-1.52498
-1.00481
0.5784590000000001
-0.944851
0.9932549999999999
-1.7893
-0.686104
-0.128939
0.5906319999999999
-2.35257
-1.4594
-0.722819
-1.7686400000000002
0.133125
-2.92778
-2.62885
-1.4067399999999999
-0.292545
-1.67582
-1.1951399999999999
0.38776
-2.46117
-0.856175
-1.95671
0.151015
-2.5670599999999997
-0.542982
1.15856
0.26460900000000004
-1.9542099999999998
-0.11458800000000001
0.206833
-1.37792
0.044737099999999995
0.0
-0.5969180000000001
-0.827692
-1.472
-1.6733799999999999
0.172738
-1.44874
0.0
0.160124
-1.76435
-3.70505
1.20059
-0.973532
0.626654
-1.2509299999999999
-1.62479
-0.802521
-1.44379
-2.2275400000000003
-3.03781
0.0
-1.38711
-1.4572
-1.41646
0.0
-0.49495600000000006
2.7098299999999997
-1.24276
-0.573711
-1.82413
0.5607949999999999
0.13642200000000002
-0.38357399999999997
0.714962
-1.7346700000000002
0.9424100000000001
-1.91113
0.497284
-0.840039
-0.752092
-1.14445
0.0
-0.445621
-0.8795639999999999
-1.28891
-0.04434369999999999
-0.611436
-0.567152
-3.11101
-0.746536
-0.767465
-0.25560700000000003
-0.571997
0.177026
-0.310001
-0.436464
-1.45797
-2.80766
-0.169223
1.26255
-0.07647689999999999
0.0
-0.302529
-0.9641930000000001
-1.3282200000000002
-3.0779799999999997
-0.264885
-2.33352
0.162192
-4.56661
-1.62737
-1.77371
-0.327409
-1.89487
-0.8417370000000001
-0.536759
-0.238707
-0.164745
-0.70655
-1.43802
-0.756993
-0.29637600000000003
-0.5902310000000001
-1.41769
-0.326052
-1.31441
-0.65067
-2.7446200000000003
-1.63392
-1.62074
-0.965097
-0.6543359999999999
-1.04935
-0.183376
-1.6170200000000001
0.340204
0.0317447
-0.759598
-0.706601
-0.940733
-0.423001
-0.00750327
-0.29230100000000003
-1.2372299999999998
0.0
-1.5421799999999999
-0.254529
-2.60288
-0.48666000000000004
-1.45127
-1.5087700000000002
-0.954465
-0.376546
0.55917
-3.96452
0.24937399999999998
-0.7825300000000001
-0.499032
-1.02949
-1.36829
-1.81913
-0.149346
-0.862717
-1.91875
-0.0683155
-0.962828
0.727114
-0.215513
-1.27341
-1.7070900000000002
-0.22521300000000002
-0.820521
-1.2093
0.0
0.16100599999999998
0.31955700000000004
-0.351655
-0.208078
-0.807304
-0.296687
0.0
0.707813
-0.108128
-1.0255100000000001
-0.107671
0.11000399999999999
0.13917000000000002
-2.4959
-0.283864
-1.23899
-2.44896
-0.735593
-1.79585
-1.52204
-3.93155
-0.444353
-1.33172
-0.875704
-1.5098200000000002
0.25959299999999996
-0.506877
0.0
-1.3352700000000002
-0.849159
-2.71265
-1.6793099999999999
-3.24982
-2.68306
0.0
3.17477
-1.05667
-0.722006
0.0
-0.138122
-0.6849390000000001
0.27095199999999997
-4.00471
-1.46785
0.8220709999999999
-0.0908785
-1.93065
-0.651148
-1.10128
-2.01912
-0.258206
-0.8386239999999999
0.359937
0.49998100000000006
-0.491109
0.578124
0.061832000000000005
-1.44589
-0.818915
-0.06625700000000001
-0.801077
-1.30355
-0.326229
0.13683399999999998
-1.22332
-0.0786612
-1.0045
-0.808308
-1.49651
0.14801
-1.28122
-1.40159
0.0606888
-0.838066
-0.0910411
0.169293
-0.549334
-1.7798
-0.9679989999999999
-0.5903079999999999
-1.99499
-0.756129
-2.00537
-1.7855299999999998
-0.014809399999999999
-0.49671400000000004
-0.0378969
-0.88213
-0.9080459999999999
0.434584
-0.226113
-1.11523
-1.27524
0.0
-4.01302
-0.746387
-0.405469
-1.17689
-1.58749
0.0
-3.88115
-2.9010000000000002
1.15371
0.10666800000000001
-1.1948299999999998
1.1256
-1.7589099999999998
-1.9493599999999998
-1.1389799999999999
-3.5732699999999995
-1.17315
-1.62389
-1.12614
1.1929299999999998
-0.789061
0.49276099999999995
0.0
-0.956892
-0.275389
-1.28685
-0.8453280000000001
-1.77216
-0.618966
-0.164537
-0.816592
-0.809057
-0.5848479999999999
-0.0276613
0.743334
-0.9492870000000001
0.314499
-2.29616
-0.568712
-0.892496
-3.7393199999999998
0.241194
-1.36362
-1.1800899999999999
-1.88116
-0.665484
0.033325
-0.8379209999999999
-0.33983800000000003
-1.9425400000000002
0.0
-2.73691
0.687239
0.362847
-1.47056
-2.1206400000000003
0.0255105
-0.42709600000000003
-1.6953900000000002
-3.3797599999999997
-0.28231300000000004
0.0
-0.600504
-0.5455909999999999
-0.544167
-1.5352299999999999
-1.30366
-0.139067
-0.637809
-0.278306
0.285744
-1.80322
-0.746219
-2.36603
-0.39717600000000003
-0.673329
-0.773468
-1.09646
-0.8518620000000001
-0.702485
-2.1160900000000002
-0.370396
-1.58588
0.26160500000000003
-1.83719
-3.3775800000000005
-0.783126
-0.44465600000000005
-0.559822
-0.465265
-0.694014
-0.642165
0.0
-0.8406879999999999
-0.131102
-0.09943489999999999
-0.801195
0.539716
-0.814766
-1.7993299999999999
-1.00633
-0.310112
-0.769133
-0.739851
-1.51376
-0.0789816
-0.281841
-0.27713000000000004
-0.390171
-1.7707
-0.389372
-0.545767
-1.7026700000000001
-1.31407
-0.362012
-0.00732933
-3.51053
-1.08759
-0.160456
-0.973936
-0.973255
-0.818282
0.8963270000000001
0.0
-1.2485700000000002
0.331424
0.313186
-0.6203350000000001
0.251933
1.36067
0.15243099999999998
-0.00802595
0.862559
-1.24016
0.428022
0.129252
-0.6579659999999999
-0.493875
0.0
-1.0103600000000001
-0.913014
-0.294669
-0.31222300000000003
-1.23189
-0.6792189999999999
-1.54308
-1.1324
-2.3944
-2.019
1.2218799999999999
-0.209302
0.337183
-1.5792
-0.38640399999999997
-1.63965
-3.0457400000000003
-0.200106
0.0
-0.817892
-0.896243
-3.5733099999999998
-1.15887
-1.97062
-0.693263
0.124846
-1.5286600000000001
-0.73811
-1.41841
-0.059610800000000005
-1.97292
-0.289932
0.724957
0.514308
-0.0717155
1.79256
-4.05131
-1.65356
-0.6506770000000001
-1.7448599999999999
0.610401
-0.37007399999999996
0.0
-1.6349200000000002
0.237652
-1.78635
1.09388
-0.511137
0.437199
-0.232458
0.0
0.0
0.864431
0.8489
0.114481
-1.55031
-0.34386700000000003
-1.07552
-1.15792
0.100971
-0.60001
0.0
0.532632
-2.3456
-0.504451
-2.40017
-4.108219999999999
-0.39171
-1.42266
-0.44015200000000004
-1.9881799999999998
0.188575
-0.8403729999999999
-0.9789709999999999
-0.9694139999999999
-2.2997900000000002
-1.49589
0.732174
-2.22853
-0.24737199999999998
-0.837442
-0.6682170000000001
0.36143600000000004
0.0674873
-0.27767
0.149093
-1.44634
-0.10865799999999999
-0.21373000000000003
-0.325326
-0.484637
-1.06903
-2.1115
-1.09465
0.29746100000000003
0.6280789999999999
-3.82139
-1.12647
-0.607225
-0.246813
-0.208375
-1.46402
-1.92388
0.913178
0.20677800000000002
-0.21170300000000003
-1.70701
-0.619463
0.11288
-0.8820389999999999
-0.7947489999999999
-0.0421316
0.425421
-0.339965
0.8720610000000001
0.831917
-0.7747689999999999
0.0280735
-0.5221859999999999
-0.102921
-0.28697399999999995
-0.5845229999999999
-0.38692
0.277036
-0.105624
-0.550505
2.59557
-1.9195099999999998
-3.86531
-0.501163
0.016481299999999997
-0.135739
-1.29752
-1.2273100000000001
-1.0474
0.0
-1.0896299999999999
-0.39874
-0.468693
-1.56694
-0.43083
0.0208951
-0.761735
-0.6132920000000001
0.7383069999999999
-0.65801
-2.82507
-0.36043000000000003
-1.45882
0.940992
-1.2022
-0.0499208
-0.152137
-2.2880599999999998
-0.877233
-0.904761
-0.08534939999999999
0.220011
0.0
-3.38694
-1.38975
0.0
-1.7484400000000002
-0.579294
0.18820599999999998
-1.56819
-0.955924
0.0
-1.83027
-0.1539
-1.4361899999999999
0.158712
0.394084
0.2406
-2.35639
-0.67157
-0.6938449999999999
-0.764628
0.0
0.0
0.511097
-1.02806
0.0
-0.642146
-2.6215599999999997
-0.15037799999999998
0.765119
-0.567046
0.04736919999999999
1.40563
-0.492928
-0.7241479999999999
