1.37034
0.700761
0.141869
2.08462
2.54739
3.01766
-0.348646
0.8221370000000001
2.41255
1.31779
1.6838799999999998
1.54738
2.0335
0.326812
-0.0124148
2.3706099999999997
2.36793
-0.692347
1.4643
3.01841
1.2804200000000001
2.52204
-0.26382
1.79358
1.08912
0.648845
0.900216
1.2376
0.610224
1.83622
0.721288
2.63668
3.1543
2.43078
1.73075
0.8429909999999999
0.527323
0.533297
2.48684
1.31787
-0.358605
2.71473
-1.9575
0.967909
2.3784799999999997
2.19707
1.71375
0.9808180000000001
1.8430099999999998
0.182558
2.2009
0.928635
0.29651900000000003
1.3836
1.2515399999999999
1.79148
1.5848
1.19528
2.07363
1.05152
-0.196117
1.0186899999999999
1.23045
1.42404
0.5376770000000001
1.04954
2.06074
-0.685435
0.738957
0.45783599999999997
0.889051
1.11445
1.16372
1.6399700000000001
1.23638
2.2919099999999997
1.1406100000000001
1.58797
-2.3451400000000002
3.25357
1.6835099999999998
2.37763
1.28672
0.400783
1.34391
0.37945999999999996
1.11266
0.103277
1.97154
0.185254
0.124827
0.8904190000000001
1.37939
1.48305
1.20415
0.48411499999999996
1.16529
0.798678
2.4701400000000002
1.6683599999999998
0.48109399999999997
2.16158
2.68152
0.419401
1.73395
0.50327
0.981151
1.92966
0.700897
0.116461
1.02339
0.325687
0.794579
1.9456099999999998
2.19402
2.32802
1.54722
-0.111825
1.20976
0.661471
1.5089700000000001
1.6638099999999998
1.79473
2.2570799999999998
1.7641200000000001
2.0468900000000003
3.4309199999999995
1.03024
2.00357
0.8112020000000001
0.773423
0.7119989999999999
2.57112
0.415754
0.25246199999999996
2.47572
0.516903
2.68867
0.96864
-0.301031
0.542042
2.8108400000000002
-0.191511
1.05845
1.7048
2.2898099999999997
-2.08114
0.689852
1.7387099999999998
1.18734
-0.08506280000000001
-0.081506
-1.16795
0.7930550000000001
1.62658
1.32429
0.188028
1.17439
-0.5190670000000001
0.39298099999999997
-1.52597
1.16808
0.718882
1.9685400000000002
-0.79689
0.194929
0.6149479999999999
1.43068
2.00293
1.37576
-1.36981
0.9933850000000001
-1.38444
1.58974
1.4796799999999999
2.36932
0.548505
1.08648
-0.23876399999999998
-0.201776
2.21548
0.568745
1.22024
1.8093700000000001
-0.890674
1.52445
0.6000270000000001
1.54582
1.62342
0.722287
-2.4699400000000002
1.17172
0.799566
-0.367512
0.9933649999999999
1.25485
-0.567299
0.46775200000000006
-1.74216
1.65477
0.254701
1.2615299999999998
2.52593
0.735321
2.2438
1.46844
0.806611
0.823874
0.778411
1.4501899999999999
1.03205
2.04698
0.678006
-0.788625
1.6321299999999999
0.265405
1.63761
-0.973039
-0.804437
1.8892799999999998
-0.356808
1.15963
0.331343
1.6321
3.24934
1.03462
-0.125324
1.0586
-3.0474200000000002
0.18738
0.5856399999999999
1.43444
-1.02082
1.28888
1.9877200000000002
0.8893260000000001
-0.255801
-1.38923
-0.914632
-0.18224300000000002
-2.67353
1.04205
1.88261
0.264718
-0.546276
-1.4437799999999998
2.3477
2.05898
0.397552
0.645147
0.469157
0.852966
2.33045
0.629023
1.7440799999999999
1.17934
1.62838
0.794115
-1.72891
1.7181
1.3338299999999998
1.58212
-0.22146
0.0175845
0.666209
-2.52509
-0.0372183
0.23735
-2.40545
1.20195
1.71328
-1.50019
0.41164700000000004
1.57172
1.3006
1.1714
-0.9672850000000001
-0.290496
0.519467
-0.07785239999999999
0.640018
0.364566
-0.303742
1.26667
-0.711056
0.820592
-0.367041
-0.713918
-1.85245
-0.835148
-1.31226
-0.22183000000000003
-0.980159
-0.78341
-0.45738500000000004
1.71773
-0.26451399999999997
1.36968
-0.0385516
1.2425700000000002
0.05672769999999999
0.0
-3.77244
0.0
0.603222
-0.122886
-2.09438
-0.164474
-0.07557660000000001
-0.572095
-0.337042
-0.816194
0.0
0.8313290000000001
0.8699030000000001
-2.1930099999999997
2.31454
0.37209200000000003
-0.516889
0.0
0.444061
-0.32272
-0.177068
0.209519
-0.49007799999999996
-0.734779
-1.83825
0.22036599999999998
1.13951
-0.453225
0.254752
0.927214
-1.11636
-0.806177
0.0
1.07732
-2.26661
-1.7337200000000001
0.22759400000000002
-1.06376
-0.42896999999999996
0.860615
0.55881
0.0269512
0.10255299999999999
-0.66335
0.544508
-0.531522
-3.5951800000000005
-2.77262
1.5751700000000002
0.424878
-0.449924
0.45890200000000003
0.528033
-0.06713279999999999
0.0
-0.24171199999999998
-0.132129
-2.40616
-1.15505
-0.815479
0.414335
1.15232
-0.379021
0.297268
1.08134
0.214798
0.503293
-0.778529
0.0264
0.28313
2.01194
-0.747883
-0.902084
-1.8093400000000002
-2.3306299999999998
1.1699899999999999
-3.3203099999999997
-2.1681
-0.029892900000000003
-0.866624
-1.04653
-1.20298
0.247716
-0.66499
-0.266577
0.624387
0.713244
-1.64075
-0.734245
-0.744896
0.836058
-1.49189
0.378322
0.192636
0.0714646
0.7661680000000001
0.0
-0.797354
-0.0374461
-0.437698
-0.5033920000000001
0.0585025
-0.13683900000000002
0.0
0.5713199999999999
-0.404121
-1.90629
1.36077
-0.46964700000000004
1.73479
-0.137631
-0.9603
-0.44684799999999997
-1.4389
-1.9337400000000002
-3.56705
0.0
-2.07879
-2.1654
-0.21068499999999998
0.0
-0.714468
1.81525
0.191074
0.371135
-1.8589799999999999
0.137152
-1.4946700000000002
1.17269
0.6400060000000001
-1.1017
0.47755
-0.218212
1.2631299999999999
1.1127
1.61614
-0.320924
0.0
-0.201018
-0.7464
0.0971766
0.322129
0.306506
2.18883
-2.2955799999999997
-0.8419629999999999
0.803161
2.103
0.276429
-0.173042
0.266382
0.7158939999999999
-1.41014
-2.49048
-0.07984930000000001
1.03367
-1.5811
0.0
0.10078
-0.24821
-0.55165
-4.394340000000001
0.25766300000000003
-1.37578
0.7427560000000001
-4.07667
-1.5796299999999999
-0.848244
-0.18600999999999998
-2.1956599999999997
-0.9209149999999999
0.240387
0.5743659999999999
0.26869
0.202167
-0.7873640000000001
1.2605899999999999
1.54313
-0.31552800000000003
-1.59334
0.385162
0.732548
0.0469969
-3.3803699999999997
-0.290344
-0.477236
-0.34339200000000003
1.50714
-0.200658
0.025803500000000004
-0.0927471
0.320681
0.598679
-0.250418
-0.0712699
0.370089
0.355403
-0.261189
-0.695701
-0.25140100000000004
0.0
-2.45606
-0.00866081
-2.56758
1.83228
0.0134726
-0.11821400000000001
-2.97953
0.346087
1.7169599999999998
-4.07653
1.49675
1.3557299999999999
0.928883
0.141228
0.322297
0.620501
0.6593979999999999
-0.629798
-0.622768
0.9922700000000001
-0.985001
1.77308
-0.188421
0.0510967
-0.10551300000000001
1.06877
-0.0177873
-2.0939
0.0
1.59113
0.203189
-0.22603800000000002
-0.0335736
-0.0596399
0.6079760000000001
0.0
1.48622
0.893534
-0.223654
-0.311657
2.20971
1.39076
-0.455611
0.25805100000000003
-0.40684899999999996
-1.61487
-0.301915
-0.808825
-0.15043800000000002
-3.3155300000000003
0.318126
-0.0976593
1.01857
-0.366184
1.22945
-1.08253
0.0
-0.39465100000000003
-0.00611912
-1.35591
-2.4278299999999997
-1.17024
-0.765763
0.0
2.57781
-0.527374
0.301832
0.0
-0.623483
-0.34368899999999997
1.19866
-3.9439599999999997
0.150427
1.6388
-0.0396227
-0.40024499999999996
1.8147900000000001
0.642861
-0.793325
0.994813
-0.6763
-0.318884
-0.421915
0.700481
0.652149
0.6795329999999999
0.081221
-0.7476119999999999
0.7899109999999999
0.397385
-0.862553
0.8447040000000001
0.237235
0.298729
-0.808665
0.26526500000000003
1.13913
-0.636646
0.558082
1.21659
-0.662311
0.9093209999999999
-1.03684
0.732725
-0.0122244
-1.3272700000000002
-1.05374
0.11588499999999999
-1.9143700000000001
-3.15679
0.213863
-1.6441
-1.53881
0.051069699999999996
0.020871
0.700866
-0.108874
0.146769
1.15188
-0.575579
-0.0570408
-1.90609
0.0
-3.50365
0.08934
-0.296634
-0.700321
-0.275173
0.0
-4.2466099999999996
-3.01206
2.52913
0.175324
-0.656034
1.2316799999999999
-2.2659
0.799401
0.27416799999999997
-3.56811
0.153325
-0.743589
-1.24994
0.8335
0.624138
0.6940000000000001
0.0
0.22339499999999998
-0.750336
-0.677783
-0.379823
-0.511792
-0.0035718000000000004
-0.702038
-0.143678
0.056315199999999996
0.15609800000000001
1.05088
0.689179
-0.44599799999999995
0.47784499999999996
-1.3045799999999999
0.24709899999999999
-0.516508
-3.45201
1.8107900000000001
0.650678
0.185554
0.327673
-1.1586
0.532558
0.41176499999999994
-0.8579709999999999
-0.780886
0.0
-1.46643
0.895172
1.05311
0.056379599999999995
-1.34074
-0.216788
0.6265069999999999
-0.712249
-4.1184
0.0352196
0.0
-0.163655
-0.189972
-1.2353
-1.0326799999999998
-0.793572
-1.0908
0.387857
-0.290144
0.43350600000000006
-3.09321
0.723472
-1.54408
0.689236
-0.11538
0.371722
-0.0403364
0.788071
-0.136745
-0.44927700000000004
0.849233
-1.62173
0.47659300000000004
-1.89545
-2.77927
-0.595205
0.882893
0.777842
0.0699641
-0.834837
-0.8124680000000001
0.0
0.41698500000000005
1.46943
0.612398
-0.37080799999999997
0.926501
-0.802071
-0.343072
-1.50134
0.661759
-1.32384
-0.23704699999999998
0.7481869999999999
0.24672
-0.14470999999999998
-0.255338
-0.137146
-0.12457599999999999
0.368841
-0.346366
-2.63099
0.23189200000000001
1.12009
-1.41062
-3.54169
0.3488
1.27991
0.11843699999999999
-0.67432
0.378785
0.652224
0.0
-0.362754
2.0573099999999998
0.507641
0.600666
-0.970714
2.80915
-0.9233709999999999
0.967616
0.458009
-3.00996
-0.010172399999999998
0.617466
-0.39090199999999997
-0.0418985
0.0
-0.424904
-0.639183
-0.620466
-0.18673199999999998
-1.4657799999999999
-0.227475
-0.639955
0.41502
-2.41922
-0.860036
1.9203700000000001
0.538026
1.08673
-0.0393866
0.754059
-0.945526
-1.48117
1.2336200000000002
0.0
0.8332290000000001
-0.0265508
-3.5871199999999996
0.381818
0.6087
0.23566399999999998
0.362408
-0.232525
-1.63278
0.14895799999999998
1.02562
-0.764651
0.514656
0.294752
2.23077
1.143
1.34476
-3.7168900000000002
-0.7813760000000001
-0.526069
-0.113791
1.51286
-0.032568599999999996
0.0
-0.36732
1.00559
-0.239864
1.6702599999999999
-0.153319
1.1589200000000002
0.21596100000000001
0.0
0.0
1.08555
0.0451793
-0.148473
-0.932552
-0.21391500000000002
0.45081400000000005
-1.16648
0.445695
-0.084143
0.0
-0.0220822
-0.9362360000000001
-0.329797
-1.16854
-4.08275
0.49136899999999994
-0.224381
0.1103
-1.6949299999999998
0.9622069999999999
-0.0563295
0.0123728
-0.32934
-1.50756
0.7773479999999999
1.06188
-0.770836
0.29704200000000003
0.060670100000000005
-0.9401079999999999
-0.061856799999999997
0.8009350000000001
0.645512
1.32955
-0.533977
-0.512059
0.334507
0.0264045
0.46779899999999996
0.09817580000000001
-1.09428
-0.8860040000000001
2.0871
0.950765
-4.1179
-0.781391
-0.566711
0.133628
0.9112129999999999
0.194036
-0.026379900000000005
1.5428899999999999
0.334548
0.790845
-3.78819
-0.613263
2.4247900000000002
-1.02037
-0.32854
0.6926399999999999
0.12028699999999999
-1.26433
2.03044
-0.386421
-0.108868
1.24146
0.434067
0.45606800000000003
0.591389
-0.28079
-0.36056900000000003
-0.565272
0.207839
0.9026540000000001
2.02547
-0.233467
-2.9978700000000003
0.21652399999999997
-0.474059
-0.507686
0.520521
0.10591600000000001
0.569396
0.0
0.0891672
0.359277
0.0109713
-0.407244
0.132437
0.247313
0.52547
-0.129487
2.20358
0.468592
-2.01284
-0.013636
-0.23396
2.80994
0.086951
0.132867
0.870173
-0.41637299999999994
0.0848314
1.07471
0.420018
0.8880399999999999
0.0
-3.88479
-1.1716799999999998
0.0
-0.93445
0.44457299999999994
0.0133196
-1.38683
0.23700300000000002
0.0
-1.33087
-0.027876400000000003
-1.16652
0.397175
0.100636
-0.0650351
-2.0489599999999997
-0.263059
-0.319378
-0.221187
0.0
0.0
1.60144
-2.34151
0.0
0.488785
-1.0577
-0.965799
0.79795
1.26463
-1.14392
1.9258
0.309802
-1.35192
