1.14291
-0.6234
-0.18204700000000001
-0.5796560000000001
3.25527
1.26939
-0.28289200000000003
-0.653384
-0.166082
-0.322212
2.93721
0.9022950000000001
-0.6742130000000001
-0.19259500000000002
-0.842037
3.5073
1.62796
-0.9254
-0.186524
0.0932703
-0.415975
0.0394343
-0.45238100000000003
0.972958
0.652961
3.7809
1.9989
0.470127
-0.109275
1.29776
-0.171344
-0.33922800000000003
0.9491940000000001
1.84855
1.22105
3.4575199999999997
-1.28624
0.388728
2.16696
-0.664863
-1.53377
2.24451
0.991766
-1.00328
0.30878
0.355672
0.259712
0.32764499999999996
2.66941
0.110698
2.6316
0.257201
-0.136105
-0.49947700000000006
0.21080700000000002
0.589435
2.3066299999999997
0.38858400000000004
3.1366099999999997
0.8403780000000001
-0.35284299999999996
-0.29293600000000003
-0.410206
3.93181
0.00356324
1.0437299999999998
0.8263440000000001
-0.11127000000000001
-0.6318159999999999
-0.308227
-0.43649899999999997
-0.0364761
2.69232
1.67146
4.07736
1.11796
3.2372
3.40159
0.9721350000000001
4.69148
4.35577
0.5138560000000001
2.5081900000000004
-1.17955
0.443275
-0.352698
-0.0744673
1.53275
1.1271799999999998
-0.23482199999999998
0.63057
-0.30251500000000003
1.77256
4.43093
3.27967
-0.12287100000000001
0.759146
0.381229
0.095213
2.9720299999999997
0.611434
2.9151700000000003
3.15345
0.353551
2.2023900000000003
-0.116872
-0.134201
3.34462
0.504999
0.0241516
3.0468
-0.903459
0.688282
1.63581
-0.507578
1.77024
1.0601
-0.997605
-0.45246099999999995
1.0439399999999999
2.2037400000000003
0.251454
0.312823
0.323461
-0.33258699999999997
1.40025
-0.028531099999999997
4.496169999999999
3.20443
1.7420200000000001
2.8784400000000003
-0.6612
3.12768
-0.33515700000000004
-0.438183
0.346119
0.0902702
1.31443
2.97131
-0.141801
-0.8068810000000001
0.5436489999999999
-1.24615
3.49073
2.3301
4.74547
-0.756947
-0.130409
3.6486400000000003
3.39727
-0.9611209999999999
0.662146
-0.731383
-0.142293
0.08944289999999999
3.4605900000000003
0.3647
3.46962
-0.29841599999999996
3.91468
-1.17802
3.06849
3.61556
3.93781
-1.08245
-0.31535799999999997
3.58975
3.6401199999999996
2.26025
3.40889
-2.1354
0.29594499999999996
-1.20888
2.3156
3.5839300000000005
3.6460800000000004
-1.26605
4.19325
-0.990341
-0.525591
3.02379
-0.59722
2.43315
3.40155
-0.768876
3.06986
-0.242427
-0.140904
1.90441
1.6268799999999999
-1.36012
2.98732
-0.502818
-0.8536379999999999
3.8357900000000003
1.17895
-0.5418850000000001
-1.52102
-1.53099
3.9090800000000003
-0.27473600000000004
2.44552
2.14825
1.83875
4.61514
3.4852
3.5772199999999996
2.87627
2.79561
0.515383
4.32937
3.16486
-0.736456
-0.663355
3.60886
-0.8743350000000001
3.0361
-0.944522
0.7973399999999999
3.06046
-0.42273900000000003
3.73831
-1.34352
3.26395
1.51371
4.5676
-0.9161159999999999
2.36084
1.3019399999999999
-0.0184951
-0.35144899999999996
3.2452
0.321052
-0.07012410000000001
-0.322666
3.5381400000000003
-0.703608
-0.498946
-0.47071599999999997
-0.445025
-0.23805199999999999
3.95949
3.05639
3.0064
-1.10315
-0.786801
3.83583
2.50232
-0.407648
-0.941167
0.246112
3.8830199999999997
3.1242400000000004
1.96725
-0.140746
2.9049400000000003
3.5056300000000005
-1.4344299999999999
-1.3911799999999999
2.67952
3.6998699999999998
4.47527
3.3130300000000004
3.72886
2.8509700000000002
-0.19750299999999998
-0.803712
0.043317800000000004
-0.0523169
0.5095109999999999
3.51915
-1.34077
-0.233197
3.0424599999999997
4.26387
3.7584
-0.89654
-1.4247299999999998
2.5694
-0.400532
-0.0596482
-0.35775300000000004
-0.9830139999999999
-0.360062
-1.1598600000000001
-0.834485
-0.621605
1.24314
-0.905062
-1.84077
-0.430738
-1.07359
-0.722951
-0.710204
-0.341748
-1.81217
-0.465292
0.026030900000000003
-1.7409599999999998
0.434463
0.807996
0.0
0.0
0.0
-3.2998800000000004
-0.567366
-1.56275
-0.297363
-0.491058
-1.7021099999999998
-0.5944159999999999
-0.480181
0.0
-0.265408
-0.08393010000000001
-0.521209
-0.545179
-0.633027
-1.9081599999999999
0.0
-0.589395
-0.15615199999999999
-0.45057700000000006
-1.12263
-2.1933700000000003
-1.41801
-0.6118560000000001
-0.803912
0.129879
-1.35065
-0.61765
0.0898165
-1.06538
-0.9901629999999999
0.0
0.583043
0.545127
-1.4577
-0.20168
-2.00827
-1.76235
0.0666918
-0.48227
-0.45339399999999996
-0.371771
-1.09826
-0.621314
-0.788879
0.0559188
0.744715
0.552181
-0.996225
-1.8429
-0.659597
-1.30274
-0.024649
0.0
-0.611272
-1.22154
-1.1178
-2.05118
-0.445321
-0.9575809999999999
-0.49106700000000003
-0.45465200000000006
-0.8226549999999999
-0.139774
-0.65068
0.43741
-1.0619299999999998
-0.593449
-0.272894
0.662188
-0.28739899999999996
-1.01432
-0.335005
-0.719302
-0.911349
-0.751287
-0.7196739999999999
-1.49494
-0.9229799999999999
-2.0598400000000003
-1.23302
-0.516009
-3.06302
-0.126805
-0.0590015
0.24540700000000001
-0.535848
-0.649442
1.81335
0.641405
-0.9605540000000001
0.175205
0.426937
-1.6962400000000002
0.8422719999999999
0.0
0.139145
-0.413149
-1.07333
-0.8846430000000001
-0.22806300000000002
-1.51288
0.0
-0.190585
-3.11345
-1.35527
-0.235339
0.25819000000000003
-0.05747619999999999
-0.0581202
-1.34236
-0.25382
-0.365323
-1.5033299999999998
-1.13552
0.0
0.9313549999999999
-0.49137600000000003
-2.5797
0.0
-1.1943700000000002
1.84959
-0.708364
-0.39077
-2.41008
0.5038779999999999
0.31596399999999997
0.00794957
0.443967
-1.075
1.10541
-1.35579
-0.547585
-0.13892100000000002
-1.45129
-0.805044
0.0
-1.27264
-0.8503219999999999
-1.3291899999999999
-0.614175
-0.0145423
-0.11258599999999999
-0.872991
-2.04486
-0.8912180000000001
-1.0251
-0.746913
0.0809059
0.376645
-0.0807435
-0.520731
-0.474578
-0.0198688
1.6817799999999998
-0.828203
0.0
-0.020644799999999998
-0.804237
-0.717679
1.29985
-1.19789
-1.3922299999999999
0.12400599999999999
-0.6982689999999999
-2.47287
-1.07884
-0.873239
-1.1233
0.030187400000000003
-0.0416437
-0.72628
0.112357
0.200623
-1.7359799999999999
-0.991617
-1.08447
0.11505399999999999
-0.611586
-1.08005
-0.402116
-0.585572
-0.8659450000000001
-0.185998
-1.00377
-0.5241140000000001
-0.991819
-0.778744
0.35834699999999997
-0.530003
-0.048949
0.335617
0.236617
-0.811157
0.295829
-0.489472
-0.0319942
-0.0465135
-1.19402
0.0
-1.46649
-1.10093
-1.7632400000000001
-0.300793
-0.6996479999999999
-1.42392
0.42547299999999993
-0.9532370000000001
-0.42782
-0.0140035
0.724614
-0.115284
-0.7306239999999999
-0.9960469999999999
-1.2867600000000001
-0.614693
-0.06589010000000001
-1.37961
-0.0780029
0.133496
-0.580036
0.563346
-1.4232
-1.14468
-1.7664099999999998
-0.331766
-0.579918
-0.8898530000000001
0.0
-0.6322939999999999
-0.13563499999999998
-0.5215270000000001
0.672346
-0.636328
-0.6069220000000001
0.0
0.304165
-1.22515
-0.181083
-0.829932
0.469279
-1.09279
-1.75052
-1.0077399999999999
-0.336358
-0.11176900000000001
-0.598206
-1.33365
-1.06485
-0.8205870000000001
-0.575793
-0.479038
-1.37484
-2.84314
-0.5533060000000001
-0.951156
0.0
-1.6838400000000002
-1.11673
-1.65593
-1.41212
-1.8609099999999998
-1.91588
0.0
1.7882799999999999
-0.490084
-0.154304
0.0
-1.20763
-0.6893060000000001
0.87251
0.0
-0.710806
0.333311
-1.35742
-1.3930200000000001
-0.21283000000000002
-1.42121
-1.55356
-0.9014209999999999
-0.552026
-2.00544
-0.5949220000000001
-2.76795
0.397162
-0.9131819999999999
-0.517599
-0.324345
0.09184049999999999
0.0606922
-1.3891799999999999
-0.8997040000000001
0.12219300000000001
-0.673309
-0.612398
-0.44432200000000005
-0.673496
-1.0124799999999998
-0.810176
-0.747066
-0.09084489999999999
0.487232
-0.463092
0.112823
-0.8278559999999999
-1.41072
-2.99225
-0.63942
0.196854
-0.140258
-0.7648189999999999
-0.277462
-1.5696
-0.661485
-1.58525
-0.9018149999999999
-1.43773
-0.184239
-1.12535
-1.0961
-0.700091
-0.275584
0.0
-1.30687
-2.25371
-0.30104899999999996
-0.753953
-0.00707397
0.0
0.32213200000000003
0.772185
0.673599
-0.16180999999999998
-0.815463
0.613137
-0.265915
-0.49417
-0.582712
-0.0519268
-1.09876
1.06651
-1.1614200000000001
-0.8027810000000001
1.2613
-0.11046900000000001
0.0
-0.235654
-2.19236
0.0992221
-0.250548
-0.7755920000000001
-1.16415
-0.634041
-1.17619
-1.39444
-0.37212199999999995
0.415001
0.45428100000000005
-0.745628
-0.6390060000000001
-1.21345
-0.336739
-0.39723800000000004
0.0
0.309004
-0.769583
-1.8856099999999998
-1.05461
-3.16908
-1.2376200000000002
-0.636138
-0.100092
-0.335364
0.0
-1.7381
-0.0721795
-0.315589
0.0865548
-0.77074
-0.533181
-1.29034
-1.90547
0.0
-0.422025
0.0
-0.043013699999999995
-0.357001
-0.9787610000000001
-0.31246799999999997
-0.06672489999999999
-0.626822
0.10409500000000001
-0.18546600000000002
0.563316
0.798185
0.913567
-1.14506
-0.5052260000000001
-0.487275
-0.18299
-0.47705699999999995
-0.685659
-0.868766
-0.446929
0.250514
-0.40744400000000003
0.190895
-0.877818
-0.919349
-0.80023
0.748141
-0.59499
-0.0169065
-0.459812
-0.394056
0.0
-1.38768
0.185582
-0.7907350000000001
-1.7172900000000002
1.4147299999999998
0.135812
-0.9613870000000001
-1.25399
-0.0633052
-1.62943
-0.586757
-0.225989
-1.8510099999999998
0.364545
-1.34893
-0.665062
-1.1991100000000001
-1.27
-0.992108
-0.0494085
-1.29862
-1.07823
-3.14595
-0.653436
-0.05725840000000001
-0.960493
-0.724071
-0.03665
-0.363423
0.387656
0.0
-0.5990979999999999
-0.291606
-0.360784
-0.424174
-0.71835
0.0382279
-0.061772
-0.00106734
-0.08102089999999999
0.5746220000000001
-0.270306
-0.748237
-0.63564
-0.798188
0.0
-1.34179
-1.48685
-1.7905
-0.9436889999999999
-0.322738
-1.20715
-0.395993
-0.7287859999999999
-2.0360099999999997
-2.45037
-1.0688600000000001
0.8494799999999999
-0.18457
-1.64677
-0.307458
-1.8099900000000002
-0.0911714
-0.263198
0.0
0.672184
-0.813235
0.0
-1.34057
-0.112943
-0.184804
0.437158
-1.0437299999999998
-1.26617
-0.40312800000000004
-0.651036
-2.9710099999999997
-0.9365600000000001
0.21821100000000002
0.564527
0.17524800000000001
1.4004
-0.310745
-0.57045
-0.179042
-1.29414
0.0648972
-1.23011
0.0
-1.0560100000000001
-0.658629
-0.754559
-0.252569
-1.00032
0.053867700000000004
-0.796901
0.0
0.0
-0.551261
-1.23138
-0.179006
-1.17331
-0.112179
-1.0729600000000001
-1.17515
-2.85989
-0.721126
0.0
-0.324343
-0.716996
-0.714091
-1.15168
0.0
0.466751
-0.621648
-0.83142
-0.41601899999999997
-1.02325
-0.46483500000000005
-0.679237
-0.8411069999999999
-0.335976
-0.646555
-0.125523
-0.20915100000000003
-0.5716859999999999
-0.710485
0.47636000000000006
-1.89724
-0.15414
-0.49746899999999994
-0.5083810000000001
-1.0293299999999999
-0.206708
-0.505253
-0.650514
-0.646748
-1.10019
-1.5429
-0.5990479999999999
-0.721076
0.0586309
0.1388
-0.91443
-1.9214099999999998
-0.42411899999999997
-1.23911
-0.673369
0.965671
0.09601939999999999
-0.1918
-0.532799
1.21479
0.584743
-0.611401
-0.664407
-1.3039399999999999
-0.784411
0.707912
-1.3923299999999998
-0.310347
0.14635599999999999
-0.661662
-0.658504
0.295462
0.766853
-0.727739
-0.863238
-0.45206499999999994
-0.26509699999999997
-0.696735
0.469815
1.22082
-0.403979
-0.058749800000000005
-1.13723
-0.247865
-0.796442
-0.18723199999999998
-0.936608
-0.908466
0.0
-0.27255100000000004
-0.13630599999999998
-0.629911
-0.275015
-0.44242200000000004
-1.17566
0.266201
-0.383519
-0.0367699
0.10396099999999998
0.232006
0.102379
-1.34276
0.0338051
-0.836096
0.18445699999999998
-1.02112
-0.625367
-0.713508
-0.610338
-0.24588800000000002
0.715792
0.0
0.950314
0.691434
0.0
-1.38067
-0.906008
0.5223260000000001
-0.700231
0.21879
0.0
-2.14635
0.132195
-0.29035
0.36425100000000005
-0.5270600000000001
-0.892222
-0.412821
-0.751497
-0.752554
-0.739729
0.0
0.0
-0.738895
-2.05295
0.0
-0.32155
-2.00694
-1.1349
-0.21940900000000002
-0.90055
-0.538644
0.48956400000000005
-0.596592
-0.794922
