0.091738
-0.361547
0.0763801
1.1418
0.26661399999999996
-0.175309
0.657458
-0.462308
0.806642
2.0110799999999998
1.61523
-0.575942
-0.575942
-0.059415199999999994
0.877461
0.64339
-0.332857
-0.0626901
-0.160708
1.30291
-0.0348108
-0.184356
0.6629619999999999
0.354959
0.197055
0.681804
-0.429021
0.267057
-0.152306
-0.152306
0.198227
1.42651
2.6613
1.20731
0.0829104
0.183454
0.9998100000000001
0.557401
-0.128615
0.5085810000000001
0.0231085
2.99451
2.47093
-0.37595500000000004
0.0732157
-0.506358
-0.161938
-0.346179
-0.210846
-0.08253189999999999
0.943632
-0.38035599999999997
-0.256958
-0.670666
0.22681500000000002
0.341646
0.344094
-1.12309
-0.76399
0.166661
0.430571
0.21913200000000002
0.68613
0.791936
0.0154814
0.708472
1.85522
0.560828
1.28399
0.153721
0.178432
-0.37887600000000005
-0.0781935
0.12807000000000002
-0.42694499999999996
-0.42694499999999996
-0.632754
1.31615
-0.0428654
1.2436
0.48363999999999996
0.603306
-0.506879
-0.23442800000000003
0.0262142
-0.91648
-0.0936012
0.5363060000000001
-1.12605
-1.22479
-0.207902
0.743372
0.28170300000000004
1.16088
-0.8243219999999999
-0.44198000000000004
-0.962493
0.445136
-0.9753209999999999
0.71715
0.49651999999999996
-0.42057100000000003
0.369581
0.0212096
0.310799
-0.244023
-0.775397
0.455809
-0.88718
-0.547999
-0.9062209999999999
-0.819138
-0.866092
-1.1970100000000001
-0.36948200000000003
-1.16515
-2.01342
-0.554172
0.236956
-0.777866
1.06828
0.526476
-1.04189
-1.76823
0.266021
-1.30449
-0.464553
-1.09365
0.9666549999999999
-1.3719700000000001
-1.00217
-0.899366
-0.0313466
0.830039
-1.1556799999999998
0.0656288
-0.0961005
-0.11467000000000001
-0.435146
0.5236460000000001
-0.535958
1.42917
0.643193
-0.667255
-0.358526
-1.00214
1.13218
0.342358
-0.0372841
2.1703
0.0704344
-0.046617900000000004
0.774392
2.0951299999999997
0.27247
0.838841
-0.26127100000000003
2.28546
0.575445
-0.738117
0.26406399999999997
-0.40032199999999996
-1.6753
-0.426859
1.10735
0.3935
-0.776624
1.1966299999999999
0.890381
0.394339
1.5513700000000001
1.0676700000000001
1.0676700000000001
0.516839
0.516839
-1.4170200000000002
-0.34187
-0.39767600000000003
0.290626
0.108199
-0.263075
-0.36551
-0.275801
-1.19822
0.8479700000000001
0.0278059
0.57018
0.232973
-0.09780169999999999
-0.446488
-0.06365259999999999
-0.28339899999999996
-1.50816
1.28041
1.5446799999999998
0.6317189999999999
-1.5062200000000001
-0.00881032
-0.20940100000000003
0.152089
-0.120806
0.0469418
-0.073244
-0.203302
-0.9026069999999999
-0.344921
-0.623954
0.550431
-0.343098
0.398073
-1.2253399999999999
-0.397036
-0.779461
-0.873958
-0.247788
-0.09397439999999999
-0.168446
1.98026
-0.998138
-0.07026410000000001
-1.03132
0.363075
0.364077
1.29874
1.26017
0.345474
0.306098
0.457854
1.37716
0.0
-0.348673
0.619656
-0.0208792
-0.0637704
0.537899
0.00263123
0.506617
-0.797387
0.22336
-0.258081
-1.22042
-0.711937
-0.8055260000000001
-0.298496
-0.342457
0.71099
-1.41178
0.44078100000000003
-0.120671
0.470225
1.06219
0.424543
0.321668
-1.69777
-0.470743
-0.539613
0.237959
-0.645656
-1.06384
-0.255377
-0.609869
0.523467
-0.159906
0.67471
1.4963899999999999
-0.27758299999999997
1.26145
0.279377
1.96439
0.18663
0.629578
1.71205
0.795045
0.799492
-0.151979
0.151777
1.36516
1.37847
-0.730362
-0.730362
1.6989
2.18533
0.0788487
1.6243299999999998
0.9042950000000001
0.7281380000000001
0.535209
0.9795200000000001
0.441011
0.441011
1.77272
0.43648100000000006
-0.23176999999999998
0.295249
0.965664
-0.066736
-0.9925649999999999
0.5022909999999999
-0.028152299999999998
-0.07398400000000001
-0.42947299999999994
-0.19136
1.6744700000000001
-0.12798299999999999
0.0418448
-0.7989430000000001
-0.024365599999999998
0.0124241
3.3778599999999996
0.29836
0.177628
0.5570579999999999
1.8495400000000002
2.83405
0.0361528
-0.754558
0.104207
0.370086
0.777185
0.341663
-0.9777389999999999
-1.25169
1.3094299999999999
0.353292
0.314077
0.679747
1.1803
0.184401
0.280869
-0.08893510000000002
0.744563
-0.45441899999999996
0.123099
-0.0349789
0.690425
-0.33674499999999996
2.6676
0.758169
0.645861
1.6413
0.645464
0.809597
-0.223433
-0.655385
0.652718
0.269521
0.31784
-0.9400379999999999
-1.13147
0.0902807
-1.23041
0.305108
1.7681799999999999
0.35664
0.8267120000000001
0.436985
0.674647
0.00977789
0.5818840000000001
0.163929
-0.870539
-0.8548540000000001
0.664501
0.8568389999999999
-0.817072
-0.744586
0.277942
-0.12033699999999999
-0.77469
-1.55715
-0.34994200000000003
-0.8384440000000001
0.212133
0.961266
-0.716721
-0.779275
-0.10723900000000001
0.33182
-0.851885
-1.1752
0.6156010000000001
0.017433
1.20154
1.31722
1.31722
1.05319
0.557533
-1.27206
1.16619
1.10294
-0.22001300000000001
0.5008319999999999
-0.55192
1.01217
0.8624790000000001
-0.953627
-0.503641
-0.739155
-1.2381799999999998
0.940083
0.5920310000000001
0.48667
1.03704
1.6545299999999998
-0.529167
0.755391
0.484195
0.508351
0.48043
-0.138072
-0.12006300000000002
0.6533399999999999
-0.5322279999999999
-0.791605
-0.18739
0.7410800000000001
-0.511005
0.17226
-1.0062799999999998
0.732126
0.297134
0.0138856
0.5527489999999999
0.201163
1.2220600000000001
1.75735
-0.801334
-0.45118100000000005
0.12675
0.12675
-0.20472100000000001
-0.788588
-1.2819
-0.13137100000000002
-0.7358319999999999
-0.737263
1.04968
0.180126
-0.6293350000000001
0.80686
0.23623899999999998
1.01696
0.812236
0.0515592
0.770147
0.668288
1.51948
-0.315567
0.770491
0.373129
0.794251
0.5431520000000001
1.1523299999999999
2.65758
1.82818
0.459976
0.595464
-0.0792712
-0.345316
-1.88432
-1.1028799999999999
0.12238299999999999
1.24415
0.995768
