0.8645209999999999
0.5949369999999999
0.937845
0.742717
0.8816360000000001
0.799638
0.482242
0.6622399999999999
0.552474
0.71948
0.774161
0.764302
0.764302
0.8504520000000001
0.656289
0.8973760000000001
0.90215
0.812837
0.697248
0.7427600000000001
0.7640359999999999
0.717888
0.480091
0.171429
0.811224
0.715846
0.526397
0.61712
0.351989
0.351989
0.595558
0.0122515
0.823127
0.785255
0.8915059999999999
0.77535
0.19759300000000002
0.572487
0.664991
0.649783
0.8832530000000001
0.914948
0.204274
0.579581
0.0853042
0.729326
0.921365
0.6787380000000001
0.7270340000000001
0.54038
0.855634
0.49883500000000003
0.948625
0.597679
0.697368
0.785571
0.7935220000000001
0.334988
0.392928
0.8529530000000001
0.817213
0.195968
0.7234649999999999
0.591512
0.49810699999999997
0.397519
0.83854
0.779359
0.715113
0.649216
0.324654
0.866253
0.763867
0.8273659999999999
0.7162430000000001
0.7162430000000001
0.67233
0.814294
0.7495310000000001
0.811207
0.81614
0.5506449999999999
0.5079
0.8695649999999999
0.557712
0.6047359999999999
0.70596
0.727273
0.8507030000000001
0.929585
0.8661030000000001
0.532408
0.955725
0.8817950000000001
0.851513
0.8444520000000001
0.892748
0.87387
0.36904699999999996
0.9196610000000001
0.859706
0.877566
0.748848
0.94025
0.942191
0.745684
0.384405
0.905109
0.727273
0.8863639999999999
0.898444
0.9180809999999999
0.831735
0.80232
0.622514
0.8428
0.8807530000000001
0.318225
0.7318720000000001
0.598857
0.160494
0.315413
0.430021
0.38607600000000003
0.796187
0.8453350000000001
0.809928
0.861317
0.556962
0.769126
0.7939510000000001
0.8758360000000001
0.8450840000000001
0.61142
0.8486440000000001
0.182976
0.257776
0.813842
0.907136
0.94439
0.6310720000000001
0.579918
0.14052
0.910925
0.8742549999999999
0.88925
0.908942
0.8926950000000001
0.6985859999999999
0.785409
0.9031370000000001
0.366496
0.637452
0.23710900000000001
0.554994
0.838938
0.748103
0.46820600000000007
0.7011229999999999
0.8380790000000001
0.596349
0.612158
0.72749
0.875589
0.8761329999999999
0.574491
0.9391139999999999
0.629518
0.8812260000000001
0.881561
0.179971
0.181019
0.181019
0.615326
0.615326
0.8085899999999999
0.563457
0.583824
0.869732
0.78169
0.841775
0.8666450000000001
0.784375
0.820575
0.6488729999999999
0.9266059999999999
0.47485
0.6463770000000001
0.8409719999999999
0.808923
0.746067
0.57785
0.453608
0.8975350000000001
0.714807
0.817279
0.7901590000000001
0.714394
0.644405
0.234235
0.813973
0.706126
0.9108440000000001
0.672701
0.568638
0.8741610000000001
0.814242
0.828241
0.763133
0.9051950000000001
0.7198220000000001
0.735351
0.86329
0.43573
0.725292
0.8923
0.554912
0.91055
0.72602
0.572086
0.830839
0.7880520000000001
0.761912
0.820412
0.8682200000000001
0.800161
0.652841
0.9198139999999999
0.93614
0.967208
0.8818450000000001
0.635914
0.527596
0.865519
0.884817
0.686172
0.9074709999999999
0.797218
0.625
0.765871
0.9186049999999999
0.65473
0.9547209999999999
0.943572
0.951134
0.9115969999999999
0.925373
0.96319
0.782307
0.610476
0.857867
0.8793040000000001
0.837542
0.7209300000000001
0.747253
0.7596729999999999
0.943786
0.809769
0.791683
0.9264690000000001
0.875663
0.816585
0.943433
0.8623700000000001
0.8082630000000001
0.9474309999999999
0.8481549999999999
0.8879319999999999
0.8698290000000001
0.798653
0.865352
0.498378
0.5391229999999999
0.871115
0.7191489999999999
0.8445809999999999
0.6958260000000001
0.43623999999999996
0.726911
0.726911
0.8971309999999999
0.23232399999999997
0.31016
0.523215
0.771287
0.36857399999999996
0.629155
0.6777770000000001
0.161779
0.161779
0.622636
0.91151
0.812473
0.867925
0.751603
0.792135
0.955882
0.9204389999999999
0.9013180000000001
0.924168
0.9160309999999999
0.27831999999999996
0.9299459999999999
0.46428100000000005
0.07999919999999999
0.11447
0.725899
0.826822
0.79433
0.5026079999999999
0.672077
0.7703
0.18598800000000001
0.00636312
0.8209489999999999
0.735414
0.946572
0.707324
0.667626
0.705429
0.803905
0.5788939999999999
0.315872
0.21891799999999997
0.7742220000000001
0.814365
0.770034
0.8909540000000001
0.910135
0.8501610000000001
0.696167
0.934343
0.650552
0.336527
0.902418
0.532229
0.045183999999999995
0.534151
0.097039
0.639208
0.247531
0.0364837
0.0411362
0.591646
0.940342
0.863598
0.795354
0.841615
0.896581
0.7882979999999999
0.818404
0.6322409999999999
0.9347799999999999
0.8119930000000001
0.7818149999999999
0.575479
0.8524729999999999
0.9059209999999999
0.809258
0.863949
0.858909
0.910645
0.90609
0.860267
0.882123
0.804276
0.7699819999999999
0.856237
0.8674959999999999
0.887352
0.801918
0.676056
0.90228
0.883373
0.831134
0.631541
0.9194370000000001
0.548473
0.8993899999999999
0.842792
0.779291
0.9309280000000001
0.176474
0.134235
0.134235
0.847995
0.835202
0.917366
0.8646739999999999
0.753708
0.71602
0.843433
0.337417
0.69786
0.599939
0.0655743
0.0660345
0.689465
0.593115
0.210021
0.46850600000000003
0.913637
0.873935
0.91837
0.872085
0.8829100000000001
0.9263120000000001
0.808196
0.733933
0.213
0.919328
0.7764770000000001
0.705853
0.669205
0.460959
0.5997899999999999
0.764286
0.880866
0.933796
0.260321
0.239161
0.8921040000000001
0.35685100000000003
0.327987
0.798795
0.877445
0.830758
0.517583
0.44128100000000003
0.44128100000000003
0.9070590000000001
0.822256
0.9539479999999999
0.9110659999999999
0.885675
0.933333
0.795266
0.8655950000000001
0.824207
0.698871
0.835232
0.834585
0.606023
0.877266
0.8851959999999999
0.775881
0.676175
0.8960389999999999
0.887387
0.9421780000000001
0.835463
0.9543809999999999
0.506286
0.655721
0.22377199999999997
0.8910239999999999
0.785438
0.652216
0.721429
0.887817
0.9684879999999999
0.7239720000000001
0.849459
0.806347
