0.11935899999999999
1.24389
0.394433
0.048412800000000006
0.8669190000000001
1.0757700000000001
4.60612
1.6823299999999999
0.983577
2.25854
4.05607
2.42809
2.42809
1.4106100000000001
0.221807
-0.575276
1.39209
-0.400385
3.01104
3.8461199999999995
0.770551
0.0646353
2.44834
3.07837
2.6413
4.12221
4.1940599999999995
2.6267099999999997
4.48747
4.48747
2.51002
0.591213
0.384087
0.0709466
-0.724418
-0.5781189999999999
0.737527
0.974932
-0.055209
1.22318
-0.278456
0.44851599999999997
4.2837
2.56535
1.65505
0.690241
-0.0128534
2.6022
-3.9923900000000003
-0.491429
0.025296400000000004
3.3988
0.40789899999999996
4.17389
-1.67963
2.0552799999999998
2.25276
1.33345
1.5199200000000002
1.51967
-0.14769200000000002
1.56376
2.33238
0.664737
1.6856200000000001
0.9693639999999999
-1.09835
-1.24066
1.31718
0.83535
0.0918313
-2.01465
0.709527
-1.61494
0.0469961
0.0469961
-1.46533
-0.914249
-0.857864
-0.971693
-0.0631585
1.39784
0.519003
-0.683535
0.228696
-1.25993
0.469355
-1.23774
-0.163269
-0.8983190000000001
-1.32365
-0.00782818
-0.7769739999999999
-1.32156
-0.73502
0.0807523
0.230573
0.9511860000000001
0.507506
0.15824100000000002
-0.166667
-1.4316
0.39868600000000004
-0.729456
0.555108
0.662115
0.0274223
0.533768
-1.34275
-0.613416
-1.20007
-1.71025
0.316161
-0.648469
-2.98711
-1.6837900000000001
1.37503
0.0687946
-0.124904
0.664971
4.26884
2.5514799999999997
0.052150699999999994
-1.2334200000000002
-0.540928
-0.9320120000000001
-2.22432
-2.2222
-0.614189
0.551524
-1.23441
-1.97927
1.39411
1.7247700000000001
-3.3933699999999996
2.57728
1.3975899999999999
-0.672035
-0.640121
-1.2020600000000001
0.42919300000000005
2.9786
2.56736
-0.32204
-0.48997299999999994
0.07792919999999999
-1.56863
-0.912372
-0.45238500000000004
0.340496
-0.635926
0.52909
-0.983824
3.3004599999999997
2.70249
-0.537031
-0.0073357
3.75165
1.02724
-0.020597900000000002
-0.24985700000000002
1.05385
-1.33786
1.01985
0.0617028
0.387847
0.769608
-1.12135
-0.443267
-1.34385
2.96297
1.9163299999999999
1.9163299999999999
0.15613
0.15613
-1.6348200000000002
-2.41074
0.300795
-1.05502
-1.5129700000000001
-1.08036
-3.04013
0.276624
-1.21664
-1.45644
0.23768000000000003
0.610128
0.512931
-0.427204
-2.20228
-0.43316499999999997
0.379301
0.112722
-0.253766
-2.22119
-0.474142
-1.51767
-0.39242
0.382874
0.10271400000000001
-0.6696489999999999
-0.562792
-2.74169
0.12240899999999999
0.21982100000000002
-1.5263200000000001
-1.1388
-0.365566
-0.24801700000000002
0.529759
-1.05364
-1.0495299999999999
-2.01741
-0.3004
-0.680249
0.030132799999999998
-1.67475
-1.48094
0.9246840000000001
-1.07061
0.183641
1.55847
1.64563
1.36635
1.16286
0.297155
-0.0566014
-0.422702
-0.38055700000000003
-2.00394
0.49836800000000003
-0.0758417
0.199235
0.28774299999999997
-0.869734
0.6319239999999999
0.9078120000000001
-1.64078
0.469746
-0.426893
1.2859200000000002
0.147886
-0.485515
-0.817966
1.20694
0.935715
-1.61576
-0.521399
0.312103
0.596391
-1.80988
-1.31565
-0.239089
-0.183999
-2.00648
-1.18903
0.0310098
1.00227
0.151022
1.15862
-1.4496
-0.135643
-0.8489690000000001
-0.052502
0.199461
0.8421860000000001
0.798426
0.319372
0.403954
-2.8948400000000003
1.22875
0.825785
2.09147
0.990612
0.6776369999999999
0.05668530000000001
-0.125974
0.455296
2.56054
2.56054
-0.0748883
3.66905
0.8276190000000001
0.331318
-1.0984
0.0341232
-0.178034
0.632602
-1.52797
-1.52797
-0.201154
-0.35080900000000004
1.27299
-1.2806
-0.335866
-1.95938
-0.645311
0.215549
-0.341568
0.538967
0.482916
0.581575
-0.293325
3.54605
1.90305
3.06067
0.5717939999999999
-0.159709
-1.03407
0.795359
-0.617818
0.487592
1.19587
-1.2185700000000002
0.891918
1.91304
0.9296709999999999
0.9062610000000001
0.6185729999999999
0.0346798
-0.16112
3.99011
3.16336
-0.889382
0.149873
2.0737
0.870944
1.7827099999999998
-0.5060899999999999
0.224336
0.676372
-0.5445770000000001
2.772
2.04586
0.742545
-0.0626996
-0.654957
0.7313350000000001
4.472519999999999
1.76721
2.18997
4.67901
1.36002
0.9042950000000001
-0.370223
-0.058083800000000005
-0.253337
0.694663
-0.47809799999999997
-0.0971521
-4.28527
-0.809462
0.171694
0.950382
-1.0638100000000001
0.36641799999999997
0.0275106
0.6622640000000001
-1.51124
-0.403571
-0.060325800000000006
-0.740589
-0.7736
-2.39528
-1.14429
-0.339836
-1.42961
-1.9576
-0.00380135
0.177756
-0.399706
-0.20842399999999997
-1.0521
-1.2557
0.421544
0.17919300000000002
-0.9825209999999999
1.36542
0.411491
0.5158520000000001
1.23156
0.076602
1.7164099999999998
2.21343
2.21343
0.22540300000000002
0.7972279999999999
0.00337185
-0.6320359999999999
0.558407
-1.46204
-1.2476200000000002
1.40192
-0.0894092
0.569186
3.8707800000000003
2.2701599999999997
-0.275535
-0.335702
-0.0443668
-0.636046
0.9369770000000001
0.0531139
-0.0821651
0.359271
0.534637
0.188143
-0.15156
0.498008
-0.8031189999999999
0.42052399999999995
1.64583
-0.8288469999999999
-0.7280939999999999
-0.0246567
1.12476
3.90595
0.5925050000000001
-0.412062
-0.12617
-0.22481900000000002
-0.436572
-2.07614
-0.374006
-0.35124099999999997
-0.33064699999999997
0.05975419999999999
-0.5389010000000001
-0.234008
-0.234008
0.06951210000000001
0.205556
-0.371788
-1.49215
0.189995
0.925516
2.0827299999999997
-0.24406799999999998
-0.176224
1.1511799999999999
-0.785397
-0.131366
-0.0325437
-1.17219
-0.717549
0.297954
0.16084600000000002
-2.5400400000000003
-1.17116
-0.218633
0.105465
-0.5971489999999999
0.05733099999999999
-0.270609
0.522099
-0.25300100000000003
-0.601823
0.593834
0.146326
0.6840930000000001
-3.5063800000000005
0.841317
-0.4388
0.194853
