1.06484
1.59874
1.2460799999999999
-0.0860444
1.65116
-0.429205
0.201418
0.848449
1.43339
0.7597149999999999
0.9623700000000001
0.5996670000000001
0.5996670000000001
-0.160556
0.854598
-0.15773900000000002
0.277177
1.08979
0.564917
-0.537265
-0.768314
0.553305
0.22773800000000002
0.5679109999999999
-0.21515399999999998
0.021588299999999998
1.36778
-0.1585
1.8229799999999998
1.8229799999999998
0.574288
1.42772
1.84906
2.2480900000000004
0.9665040000000001
0.5275920000000001
2.1193400000000002
1.40745
1.35041
2.05792
0.21730300000000002
3.10185
1.83107
-0.7872979999999999
0.375233
-0.131254
-0.7598090000000001
0.9648959999999999
-0.56465
0.593267
1.25026
-0.263241
-0.332425
-1.78489
-0.197664
0.3721
0.9527639999999999
-1.06453
-0.6306229999999999
0.601301
0.9459270000000001
1.7566400000000002
1.57138
1.1296
2.52122
2.06033
0.054761300000000006
0.401477
0.0666745
1.09961
1.53421
0.036018
1.5717299999999998
0.4674
-1.1163
-1.1163
0.361214
-0.593553
-0.0595625
-0.25209299999999996
-0.121233
1.10259
1.3581299999999998
-0.556235
0.9209370000000001
0.48018500000000003
1.22358
-1.38635
-0.189745
0.806589
0.571635
0.157861
0.409557
-0.723382
-0.160904
-0.666745
0.10376600000000001
-1.04995
1.05095
0.556517
0.638491
0.199633
0.853751
0.262052
1.38589
1.3771799999999998
0.798838
0.512933
-0.0807614
0.530928
-0.5001680000000001
-0.7332390000000001
0.148748
-0.0596045
0.7508779999999999
-0.881489
1.70665
0.203435
-0.6451939999999999
-2.71658
0.70516
-0.639483
0.06845549999999999
0.9879700000000001
0.628745
-0.820556
-2.86299
-1.35362
0.12965
0.374312
-0.134401
-0.8993459999999999
0.405565
0.517691
-0.86544
-0.765656
-0.872341
0.00671454
0.14297200000000002
-1.00149
1.16098
-0.122951
-0.232657
0.668208
-0.49927200000000005
-0.51507
-0.151784
-1.0407600000000001
0.497964
1.61271
-0.567321
0.574559
0.735693
2.1751
1.81565
0.40207800000000005
-1.17412
1.5244
0.539118
0.239673
0.0516557
0.913394
-0.7487659999999999
0.678652
0.27341
0.480076
0.923097
0.534896
1.59259
0.717325
1.3211
1.46004
1.46004
2.39745
2.39745
-0.381864
0.20923200000000003
0.938995
-0.293071
1.0056200000000002
0.784568
0.158625
0.217127
-0.41715
-0.24884299999999998
1.14295
0.753922
0.2773
0.773085
0.481721
-0.39919299999999996
0.245272
-1.2279799999999998
-0.25807199999999997
0.0531217
-0.257116
-0.564277
0.06706519999999999
0.0494459
0.627504
-0.41918500000000003
-0.16891199999999998
0.343776
0.0459659
-0.18478599999999998
0.24259899999999998
-1.07504
2.02046
0.0748898
1.67917
-0.933067
-0.022266900000000003
-0.786664
-1.24396
0.256925
-0.140095
-1.6352200000000001
0.141719
0.14591400000000002
-0.263196
-0.5062770000000001
0.219013
0.777878
0.998491
1.54105
0.740574
0.703322
0.384472
0.5429579999999999
-1.46674
0.42903900000000006
-0.0324032
0.365863
-0.581708
-0.20851599999999998
0.0718673
-0.606074
-0.309153
0.574361
0.649608
0.545543
-0.983923
-0.485671
-0.759313
-1.37542
-0.726908
-1.13669
0.984764
1.2362
0.491647
0.289616
-1.70469
0.5929939999999999
-3.79419
-1.6605
-1.1931
0.630518
-0.051997
-1.2364899999999999
-0.22669
0.0239113
0.77783
-1.39957
1.18992
1.42743
0.6056189999999999
-0.115291
1.10061
0.562104
0.819594
1.44127
1.8391400000000002
0.48983000000000004
0.958952
-0.8149770000000001
1.15329
1.8842400000000001
2.17445
-1.1466100000000001
-1.1466100000000001
0.20033800000000002
3.31491
1.2695
1.1636799999999998
1.7521099999999998
2.02028
1.6765400000000001
1.01369
2.7772900000000003
2.7772900000000003
0.333936
1.24358
0.872344
-0.173552
0.515213
-0.5056579999999999
0.733078
1.22516
0.0835735
0.59495
1.8044200000000001
0.584847
1.41161
0.316151
0.0915192
0.733677
-0.9240299999999999
1.28348
2.23454
0.022621799999999997
-0.23388
0.695724
1.34657
2.5609900000000003
0.678904
0.793829
-0.626119
0.0407839
0.257515
1.49199
-0.12582000000000002
-1.1268799999999999
1.7450400000000001
-0.747033
0.5826359999999999
0.518655
2.04173
0.565178
-0.8549549999999999
0.9014709999999999
2.04335
0.271978
-0.309361
0.667602
0.6544810000000001
1.05603
2.1229
1.82185
-0.507306
1.43516
-0.257452
0.738587
1.29462
-0.320996
-0.255126
0.98429
-0.0891289
0.725366
0.49376800000000004
-0.253763
0.610275
1.14625
1.41327
1.80496
0.88756
1.29692
0.21655300000000002
0.816293
0.8085
-0.145242
-0.632111
-0.873697
-0.271536
-0.25202399999999997
-0.911798
-1.2491700000000001
0.383187
-0.295246
0.28191
0.982633
-0.7435649999999999
0.40473000000000003
-0.0855955
-0.35478000000000004
-0.9005620000000001
0.156566
0.0377714
1.19628
-0.417375
-0.501125
0.44047600000000003
0.88033
0.381914
1.27295
1.27295
0.43190100000000003
1.01106
-0.9237639999999999
-0.356398
-0.0191095
0.806549
-1.00918
1.3217299999999998
0.29787199999999997
0.959664
0.569504
0.88492
0.928399
0.724881
1.6749900000000002
1.11186
1.4046399999999999
0.758185
0.818204
0.202561
1.0700399999999999
0.9751569999999999
0.8825430000000001
1.46623
0.656559
0.6488430000000001
1.75078
0.294713
0.600481
0.905507
0.613159
-0.727072
1.1285100000000001
0.0988536
1.64776
0.868303
-0.0285608
1.42551
1.57188
0.204587
0.256261
-0.374849
-0.6316729999999999
-1.03073
-1.03073
-0.756887
-1.06074
-0.781401
-0.17415799999999998
0.596421
1.29293
1.22605
0.312342
1.0741
1.37758
0.830463
1.68615
3.03672
0.950599
1.47951
1.6094899999999999
1.7468099999999998
0.6522789999999999
-0.149728
0.587378
-0.7144689999999999
0.6993550000000001
2.04898
1.54708
1.69649
0.644042
0.578121
-0.068244
-0.48021800000000003
-1.04862
-1.27118
0.280149
-0.353175
0.42417
