0.141467
0.139211
0.34069499999999997
0.37023
0.633165
-0.674732
1.46784
1.63321
-0.11064
1.41769
0.187081
0.493558
0.493558
0.145008
1.64599
0.031202499999999998
0.243484
0.6998300000000001
-0.0649962
-0.731215
1.59362
0.55167
1.61401
1.8311400000000002
1.9252799999999999
1.9821
2.62954
1.6885599999999998
1.7932099999999997
1.7932099999999997
0.9708180000000001
2.5018
1.8564
0.541146
0.6527930000000001
-0.40328600000000003
0.751841
0.9969549999999999
0.706643
0.640983
-0.49566499999999997
0.38756399999999996
1.78518
-0.12573499999999999
4.83556
0.45243999999999995
-0.619894
-0.269285
-1.786
-0.09150219999999999
-0.14083099999999998
1.23997
0.551371
1.56731
-1.12974
0.42098
0.7876
1.68815
1.7781099999999999
1.23518
-1.46021
0.612418
0.49140200000000006
0.524587
0.828298
0.806876
0.41159799999999996
0.741554
1.30037
-1.69658
0.369132
-0.749834
1.50386
-0.9425030000000001
-2.93879
-2.93879
-0.64078
0.585701
-1.26021
-1.11004
-0.619296
-0.544849
-0.18446700000000002
-0.248011
-1.16478
-0.171916
-1.31651
-0.700068
-0.44612700000000005
0.5131760000000001
0.041049300000000004
-0.197676
-0.33316399999999996
-0.364724
-0.654857
0.578167
0.9206110000000001
-0.251551
0.73215
-0.8358
-0.132905
-0.18236
0.0926504
-1.2345
-0.186616
-0.9125
0.348443
0.0462351
-0.060065
-0.550794
0.8536090000000001
0.0106629
-1.03955
-0.326067
-0.5454
0.11506500000000001
0.013054699999999999
1.09489
-0.629061
0.00544098
0.550454
0.369278
-0.11528499999999998
0.433276
-0.958683
1.41896
-4.33115
-1.40088
0.105109
-0.990977
0.795473
-0.39955300000000005
-1.23225
-0.727455
-0.453959
-0.395074
0.39867199999999997
-1.19723
-0.838678
-1.05684
-0.240971
3.72261
4.777830000000001
-0.233031
-0.166256
1.3935600000000001
-0.129054
-0.0152417
-0.0588731
-1.54745
0.6941970000000001
-2.1435
-0.49071099999999995
0.15808
-0.200019
0.607137
0.41465799999999997
0.343488
0.854197
-0.837907
-0.536183
0.069674
-0.45848999999999995
-0.00240836
1.3042200000000002
-0.161936
-0.020197
-0.506007
-0.587983
-0.870202
0.445296
-0.19073299999999999
-0.19073299999999999
-0.0328325
-0.0328325
-1.38326
-1.5721
-0.815496
-1.24688
-1.84307
-0.7028409999999999
-0.871828
3.3359199999999998
2.55416
-0.00668362
-0.623946
0.45339300000000005
0.277886
0.0584678
-0.0902467
-0.26458200000000004
0.9678120000000001
0.949982
-1.37875
-4.38167
0.160689
0.12166199999999999
0.16333499999999998
0.336845
1.40895
0.407085
0.0724848
-1.8931200000000001
0.031267
1.5292
-0.230354
-0.826507
0.0178946
0.059259900000000004
0.499125
-0.361019
-0.8888959999999999
-0.111445
1.2783799999999998
0.9997659999999999
-1.6588
-1.9594599999999998
0.388549
1.20071
-0.22357800000000003
-0.771841
0.321265
-0.10895099999999999
-0.608598
-1.50663
0.243876
-0.0543758
-1.03511
0.193646
0.468053
-0.9520639999999999
1.3783100000000001
0.5276109999999999
0.32068
-0.798659
-0.135932
-1.4121
-0.19384
-0.548234
0.697912
0.145805
-0.323777
-0.683535
0.448636
0.131046
0.00238222
0.995835
-0.44938199999999995
-0.888083
0.174986
-0.30683299999999997
-0.786403
-0.6555489999999999
0.0
-2.2770799999999998
-0.36137600000000003
-0.0609097
0.552485
0.605291
0.8611629999999999
-1.38736
-0.44480699999999995
-0.8931790000000001
0.498399
-1.59602
0.401303
-0.436763
0.411854
-0.150142
-1.03884
-0.460683
0.348117
0.168028
1.7048299999999998
1.56025
1.2306
0.117779
0.222038
0.8546809999999999
0.8546809999999999
-1.28867
-0.27884000000000003
1.74275
1.15614
0.0801952
0.786404
0.46597799999999995
0.0505658
0.692465
0.692465
0.549511
-0.237146
-0.204734
0.204291
-0.80078
3.43276
-1.6029200000000001
-0.798248
-0.0911937
-0.161933
0.5139560000000001
-0.690054
-1.653
2.07765
2.26485
1.44054
0.8266709999999999
-0.338002
0.252778
0.6230859999999999
1.08084
0.169532
0.205304
0.262009
0.07668480000000001
1.30694
-0.111873
1.48799
-0.608421
-0.200769
-0.5186609999999999
1.25052
1.1979899999999999
0.524642
0.6887840000000001
1.67399
0.256606
0.8137310000000001
0.158907
0.0697093
-1.39831
0.279042
0.8996280000000001
0.9854700000000001
0.923608
2.72264
3.21293
2.25455
0.787373
0.353504
1.04155
0.34873699999999996
0.396009
0.464783
-0.11121199999999999
0.5454060000000001
0.438673
-0.8348549999999999
-0.21830700000000003
0.07074839999999999
-1.34388
1.7803099999999998
-1.6733099999999999
0.24946500000000002
-0.0387518
-0.0398011
-0.892022
-0.547567
-0.264963
0.363221
0.6155619999999999
0.22498
0.084156
-1.6408
-1.1514
-1.7730099999999998
0.216317
0.0982674
0.744626
-0.736004
1.1779600000000001
-0.288087
-0.392585
1.04431
0.347829
-0.0142447
-0.887875
-0.15790099999999999
0.00769397
0.660572
0.46568699999999996
0.55314
0.748817
0.204493
0.204493
-0.21739299999999998
0.22074899999999997
0.106991
0.47924799999999995
0.55319
-0.599299
-0.0281013
2.91581
2.99736
-0.5891109999999999
1.1392200000000001
2.17728
-0.814581
-0.32563800000000004
0.7469600000000001
-0.0352862
-1.21981
-0.242769
0.11088900000000002
-1.04026
0.47422600000000004
-1.02883
-0.306109
0.769676
-0.461966
0.23943299999999998
1.9022400000000002
-0.291627
0.010909100000000001
0.9509569999999999
0.5528069999999999
0.055941
-0.119067
1.11333
-0.163275
-0.178618
1.26683
0.08147
0.171627
-0.0214655
-1.17402
-0.149809
-0.0430566
-1.11655
-1.11655
0.533269
-0.594023
-1.16161
-0.20808600000000002
0.18398399999999998
0.208695
0.0457466
-0.837183
-0.25698899999999997
-0.139783
-0.901983
-0.542899
1.41299
-0.853972
-0.21293499999999999
-0.586063
0.315454
-2.05908
-0.455904
0.721843
0.801582
-0.545081
0.490933
-0.127099
0.867397
-0.501895
-0.664222
-0.421662
0.45202200000000003
-0.642756
-0.413504
-1.9900799999999998
-2.88135
-1.8859
