0.361748
0.42033100000000007
0.465149
0.420023
0.137372
0.37651399999999996
0.579906
0.459837
0.528899
0.668878
0.142426
0.655542
0.818631
0.6207630000000001
0.5805170000000001
0.05338380000000001
0.380276
0.746297
0.807971
0.746105
0.72223
0.312265
0.829709
0.391793
0.21958000000000003
0.014253
0.175611
0.15666
0.672669
0.461292
0.737414
0.7029770000000001
0.530446
0.24467399999999997
0.40813
0.159634
0.64868
0.656977
0.31016
0.708607
0.772306
0.268785
0.692933
0.762833
0.44960100000000003
0.295188
0.48616899999999996
0.740021
0.15021800000000002
0.8189930000000001
0.12629400000000002
0.7735810000000001
0.587208
0.63058
0.654057
0.805895
0.293956
0.251487
0.180983
0.521795
0.7096
0.71043
0.6508189999999999
0.020546400000000003
0.27957
0.278652
0.591741
0.791099
0.755487
0.49838699999999997
0.722019
0.568287
0.250629
0.268569
0.14721900000000002
0.23645
0.229517
0.116069
0.679167
0.0108302
0.023677
0.571132
0.172744
0.780904
0.38877
0.44275200000000003
0.686379
0.138848
0.24893600000000002
0.517231
0.373054
0.689353
0.292526
0.0217918
0.0169865
0.622173
0.40668200000000004
0.6634800000000001
0.701283
0.135936
0.294155
0.10600599999999999
0.173373
0.659976
0.473682
0.771303
0.642308
0.0766827
0.646261
0.634414
0.369417
0.834217
0.325773
0.492519
0.623487
0.38869899999999996
0.5436439999999999
0.9384600000000001
0.794268
0.06741849999999999
0.0657615
0.640257
0.802461
0.460029
0.515848
0.454455
0.615323
0.00389769
0.384653
0.270757
0.0719506
0.693194
0.526662
0.645486
0.779566
0.5019279999999999
0.845792
0.134555
0.23467800000000003
0.777235
0.883582
0.729241
0.74707
0.101441
0.253797
0.0451724
0.8312139999999999
0.7960430000000001
0.156697
0.162388
0.759692
0.771146
0.732035
0.0543423
0.693332
0.204495
0.46203599999999995
0.161991
0.714354
0.0699834
0.693557
0.209375
0.0906254
0.0315244
0.808275
0.7883600000000001
0.132858
0.0904432
0.371462
0.12206800000000001
0.859224
0.691921
0.693221
0.219425
0.184906
0.274677
0.721705
0.00797979
0.9190229999999999
0.9031450000000001
0.331845
0.740696
0.0985748
0.18650899999999998
0.698966
0.16861900000000002
0.855028
0.28581
0.18244000000000002
0.44447299999999995
0.630849
0.19910799999999998
0.610129
0.8077770000000001
0.13391199999999998
0.7309439999999999
0.81123
0.7675420000000001
0.770482
0.295959
0.800543
0.20635900000000001
0.595172
0.24981199999999998
0.0324488
0.246279
0.08401950000000001
0.376994
0.164878
0.538633
0.0363801
0.338924
0.80257
0.76648
0.22081599999999998
0.7204470000000001
0.191391
0.710016
0.676492
0.00420535
0.912536
0.127768
0.8112560000000001
0.128889
0.362572
0.0600497
0.71507
0.4119
0.625743
0.790515
0.611155
0.141486
0.921776
0.528269
0.642308
0.0789297
0.67943
0.8263370000000001
0.80375
0.9114620000000001
0.788013
0.0493486
0.344147
0.00465361
0.9109659999999999
0.569117
0.20493899999999998
0.23403800000000002
0.761205
0.885184
0.538345
0.0341216
0.258388
0.263384
0.650802
0.19711900000000002
0.104948
0.604378
0.726699
0.591019
0.206882
0.137648
0.0152858
0.07134349999999999
0.270125
0.8309549999999999
0.718299
0.716967
0.723009
0.6595340000000001
0.12747999999999998
0.727763
0.740969
0.255813
0.0985775
0.0351077
0.5367609999999999
0.8422629999999999
0.0168844
0.8069430000000001
0.801786
0.7654340000000001
0.8300350000000001
0.700545
0.686403
0.739521
0.666818
0.830941
0.7646229999999999
0.774543
0.710198
0.6911579999999999
0.6714899999999999
0.710317
0.742201
0.560948
0.7450319999999999
0.681662
0.828885
0.8980100000000001
0.7825
0.0
0.0
0.0
0.794643
0.727271
0.57319
0.789334
0.633265
0.789457
0.783569
0.8050350000000001
0.0
0.748117
0.6338739999999999
0.772717
0.866985
0.618919
0.765146
0.0
0.8079109999999999
0.762637
0.7223109999999999
0.756135
0.5412359999999999
0.710062
0.7605930000000001
0.790693
0.896057
0.810667
0.726943
0.700308
0.794312
0.817761
0.0
0.567814
0.6381220000000001
0.695619
0.819836
0.819527
0.708098
0.726904
0.751958
0.776293
0.882777
0.7495890000000001
0.8762629999999999
0.8849239999999999
0.727273
0.757838
0.77048
0.759365
0.6476850000000001
0.671562
0.754744
0.7439899999999999
0.0
0.7765920000000001
0.78379
0.738965
0.671482
0.725187
0.78872
0.75221
0.7208979999999999
0.870978
0.775555
0.5611079999999999
0.6154649999999999
0.658258
0.8454709999999999
0.7343149999999999
0.708146
0.815081
0.693226
0.7248
0.76457
0.676058
0.708374
0.65496
0.76627
0.743583
0.621862
0.800471
0.850938
0.74637
0.751737
0.814415
0.816198
0.7142390000000001
0.753497
0.42664399999999997
0.36595500000000003
0.7647609999999999
0.778886
0.8729620000000001
0.82414
0.736557
0.0
0.8513879999999999
0.726294
0.78655
0.794097
0.853
0.7454890000000001
0.0
0.85267
0.773189
0.653359
0.765306
0.8847
0.43574799999999997
0.778033
0.820715
0.7749590000000001
0.7739520000000001
0.7092729999999999
0.625714
0.0
0.67006
0.640837
0.746402
0.0
0.769161
0.240763
0.8287760000000001
0.738758
0.693509
0.898537
0.747159
0.771513
0.73706
0.5139050000000001
0.649454
0.7663989999999999
0.729669
0.8670200000000001
0.744268
0.7848069999999999
0.0
0.841891
0.721564
0.735539
0.719923
0.777238
0.5535909999999999
0.683563
0.6994640000000001
0.713288
0.733737
0.9143
0.6814600000000001
0.776741
0.661999
0.814304
0.7245020000000001
0.807195
0.0181101
0.7061810000000001
0.0
0.637408
0.690397
0.54269
0.5567340000000001
0.8000430000000001
0.8388709999999999
0.8337049999999999
0.538755
0.7875880000000001
0.8277100000000001
0.8369840000000001
0.663272
0.609538
0.7733760000000001
0.812127
0.746901
0.6788529999999999
0.78822
0.690902
0.821903
0.833435
0.7718430000000001
0.81418
0.652395
0.8880020000000001
0.6869270000000001
0.816321
0.786101
0.816086
0.772061
0.8353879999999999
0.8845770000000001
0.7477520000000001
0.662922
0.677184
0.7510359999999999
0.768896
0.8756709999999999
0.7424109999999999
0.773935
0.7537149999999999
0.8513620000000001
0.0
0.753186
0.790759
0.718935
0.823475
0.741797
0.9012540000000001
0.7106319999999999
0.785017
0.738113
0.6767770000000001
0.8260940000000001
0.8657450000000001
0.649732
0.9097770000000001
0.813708
0.778231
0.724528
0.7381340000000001
0.798733
0.68038
0.795504
0.621641
0.691018
0.725226
0.739583
0.732747
0.758736
0.699778
0.0
0.547408
0.7460439999999999
0.673057
0.766258
0.700912
0.785608
0.0
0.6867880000000001
0.882609
0.8504200000000001
0.8427520000000001
0.765721
0.817871
0.6683439999999999
0.663558
0.786105
0.6817770000000001
0.772308
0.781978
0.818094
0.8663959999999999
0.549042
0.845024
0.876225
0.7187
0.786381
0.8581780000000001
0.0
0.834982
0.797329
0.713095
0.7793180000000001
0.734286
0.6834979999999999
0.0
0.518048
0.613678
0.773105
0.0
0.731426
0.784995
0.764472
1.0
0.783267
0.6779350000000001
0.754204
0.75035
0.8426889999999999
0.8319270000000001
0.79592
0.881627
0.7739510000000001
0.787482
0.782959
0.9068
0.669876
0.893648
0.774458
0.809133
0.812701
0.839217
0.772817
0.894106
0.7772939999999999
0.780569
0.704142
0.857684
0.713699
0.766644
0.9000100000000001
0.803826
0.694709
0.851087
0.8258489999999999
0.74478
0.68691
0.800331
0.507513
0.751497
0.710514
0.6663220000000001
0.70052
0.7114699999999999
0.710514
0.8366819999999999
0.750275
0.7915399999999999
0.8942120000000001
0.758174
0.7458899999999999
0.6915060000000001
0.777217
0.783293
0.0
0.642857
0.765771
0.7675649999999999
0.803696
0.779932
0.0
0.603675
0.5574060000000001
0.485622
0.7422270000000001
0.683952
0.816608
0.693358
0.7017979999999999
0.760496
0.842297
0.57913
0.724943
0.809296
0.582396
0.81148
0.772487
0.0
0.821901
0.784516
0.815091
0.794658
0.737688
0.842666
0.7193189999999999
0.7450720000000001
0.65852
0.686171
0.8335799999999999
0.806294
0.727641
0.682226
0.739876
0.717458
0.708494
0.49234700000000003
0.790018
0.8823799999999999
0.7191770000000001
0.8853549999999999
0.7863760000000001
0.61779
0.7275689999999999
0.693445
0.8465239999999999
0.0
0.8362959999999999
0.8783340000000001
0.759029
0.719504
0.662729
0.797348
0.6676810000000001
0.826475
0.0
0.774346
0.0
0.692779
0.817438
0.776541
0.603089
0.874864
0.732104
0.8612489999999999
0.705221
0.682391
0.7605149999999999
0.73692
0.528325
0.800656
0.8007529999999999
0.702341
0.8278780000000001
0.816508
0.731496
0.8438469999999999
0.618993
0.824577
0.757324
0.766519
0.60042
0.842936
0.737417
0.80456
0.79023
0.7502979999999999
0.75685
0.0
0.8508690000000001
0.6951109999999999
0.687135
0.7729699999999999
0.6841189999999999
0.796431
0.801235
0.691555
0.730068
0.756319
0.752617
0.770863
0.8599760000000001
0.804793
0.83095
0.76851
0.784293
0.700952
0.384678
0.613118
0.584179
0.773528
0.734405
0.67562
0.736486
0.56775
0.927398
0.7322770000000001
0.878714
0.766772
0.0
0.6205510000000001
0.816438
0.9128799999999999
0.7249760000000001
0.690485
0.475304
0.7020069999999999
0.716199
0.8589040000000001
0.688107
0.689074
0.802131
0.708072
0.556505
0.0
0.914107
0.823493
0.7640680000000001
0.790879
0.6526850000000001
0.8362879999999999
0.780204
0.8227639999999999
0.738063
0.642192
0.644986
0.709951
0.829421
0.815159
0.8307180000000001
0.6817479999999999
0.5946020000000001
0.722554
0.0
0.769829
0.745207
0.0
0.7476229999999999
0.746031
0.836424
0.790632
0.8943030000000001
0.6391560000000001
0.876505
0.790694
0.7268859999999999
0.813299
0.715719
0.67947
0.781478
0.46656000000000003
0.732829
0.764996
0.804279
0.745996
0.849492
0.6990569999999999
0.0
0.817371
0.754409
0.800214
0.6108
0.765513
0.671003
0.783147
0.0
0.0
0.760522
0.64307
0.758927
0.7605890000000001
0.7289329999999999
0.773098
0.73857
0.724256
0.6778890000000001
0.0
0.5100020000000001
0.819052
0.8511209999999999
0.749028
0.683334
0.905897
0.85401
0.8110609999999999
0.768767
0.501246
0.496667
0.801471
0.782857
0.630632
0.708572
0.711958
0.778884
0.68224
0.894611
0.797342
0.752116
0.402929
0.792822
0.726058
0.948304
0.813527
0.846783
0.8538620000000001
0.716649
0.9050590000000001
0.737969
0.871009
0.84457
0.8135399999999999
0.429828
0.7181069999999999
0.760115
0.822677
0.7550279999999999
0.785307
0.697458
0.71218
0.827147
0.688257
0.6802279999999999
0.6708109999999999
0.664303
0.7815479999999999
0.796833
0.8278549999999999
0.5865640000000001
0.7010350000000001
0.6208130000000001
0.858776
0.9101600000000001
0.762625
0.752698
0.7525689999999999
0.862965
0.5163479999999999
0.899151
0.8174140000000001
0.7293609999999999
0.76689
0.353721
0.745009
0.623208
0.8888030000000001
0.742748
0.7757729999999999
0.743186
0.808573
0.701544
0.0
0.820744
0.7153189999999999
0.74408
0.704859
0.853381
0.5650069999999999
0.7439560000000001
0.693854
0.674218
0.744941
0.728955
0.8405239999999999
0.8250299999999999
0.759265
0.691355
0.753542
0.760521
0.7038989999999999
0.796077
0.678264
0.733462
0.551998
0.0
0.663836
0.790146
0.0
0.705311
0.8953979999999999
0.458793
0.693873
0.6935520000000001
0.0
0.70865
0.638356
0.806104
0.698958
0.7864949999999999
0.800704
0.70453
0.8919600000000001
0.772879
0.80433
0.0
0.0
0.761115
0.7913020000000001
0.0
0.861772
0.642976
0.81912
0.0174373
0.715164
0.791539
0.5795100000000001
0.772881
0.826469
