-1.33695
0.10314000000000001
-0.47277299999999994
0.49786800000000003
-0.00393851
0.7625930000000001
1.53013
-0.692291
0.31957199999999997
0.231303
0.37685
-0.537651
-0.537651
0.0602807
1.0172
0.139104
0.031257799999999995
-0.520841
2.41113
2.9227
-0.31495300000000004
-0.401099
0.525691
-0.270977
0.577328
1.839
2.1484099999999997
0.622734
1.0013
1.0013
0.6220899999999999
1.06274
0.721114
0.18369000000000002
-0.559221
-0.371338
0.609193
0.08039489999999999
-0.6755800000000001
0.669127
-0.916399
0.328691
2.71874
3.29081
2.06989
-0.510594
-0.09916910000000001
-0.899862
-1.31124
-1.73108
-1.59345
3.58969
0.539132
3.34819
-1.40848
-0.247509
0.32215900000000003
-0.228631
0.148205
0.313734
-0.914522
-0.100985
-0.474788
0.464021
-0.46648900000000004
0.552668
-1.08081
-0.554732
-0.293427
-0.654672
-0.715712
-1.8265200000000001
-1.9517799999999998
-1.4472399999999999
-1.68681
-1.68681
-1.63116
-1.53916
-0.672769
-2.05787
-1.30456
0.7972199999999999
-0.9141870000000001
0.18123599999999998
-0.16625299999999998
-2.29968
-1.6165
-1.55555
-1.55866
-0.419258
-0.15762400000000001
-0.8420139999999999
0.353871
1.61008
-0.407384
-1.07408
-1.90372
-1.35781
-0.745554
-2.6930099999999997
-0.795361
-2.66447
-0.338829
-1.12188
-1.10289
-1.6523900000000002
-1.20764
-0.034564599999999994
-1.31984
-0.630985
-0.7344569999999999
-1.27672
-0.502965
-2.89655
-0.741851
-1.07561
-1.19803
0.619796
-0.9012180000000001
0.166713
-0.199004
0.941104
0.140404
-2.5642099999999997
-1.25594
-0.382612
-0.279886
-1.79237
-0.38701599999999997
-1.4344299999999999
-4.34894
-1.6928400000000001
-1.58705
-0.11345699999999999
-3.72589
-0.378551
-0.369295
-1.1057299999999999
-0.4073
-0.31364000000000003
-1.4572399999999999
0.9622459999999999
2.11885
0.332947
-1.0613299999999999
-1.44601
-1.60724
0.388144
0.18792
-1.43256
-1.8423200000000002
-0.359052
-0.560789
1.49454
0.0759385
-0.7011850000000001
-0.905329
1.13904
-0.9830969999999999
-1.3636700000000002
-0.31605700000000003
-0.5008560000000001
-1.34686
-1.6735099999999998
0.79387
1.63754
-1.6169799999999999
-0.50455
1.30954
1.0198399999999999
0.473365
-2.57632
-2.57632
-0.5175489999999999
-0.5175489999999999
-0.749939
-2.03329
-1.46507
-1.21092
-0.815484
-1.13742
-0.0316115
-1.4792100000000001
-1.5404200000000001
-0.022331
0.926811
-1.68337
-0.27173200000000003
-0.527684
-1.63245
-1.7935900000000002
-0.526251
-1.28511
-0.6990109999999999
-0.6421439999999999
-0.6391859999999999
-0.556177
-0.181561
-0.6152449999999999
-0.23806300000000002
0.376967
-0.716278
-0.502052
-0.243468
-0.804905
-1.19494
-1.51861
-0.907525
-0.45838199999999996
0.094247
-0.690279
0.762942
0.20813099999999998
-0.403386
-0.415812
-0.572425
0.36123
-0.416375
-0.9069459999999999
-1.45135
-1.84936
-0.24461599999999997
-0.369176
-1.00473
0.0306901
-0.810872
-0.7463609999999999
-3.39
-0.236821
-2.63715
-0.702492
-1.03019
-0.50542
-0.953533
-1.66945
-0.113363
0.0116485
-0.9234879999999999
-1.98868
-1.4981
-1.02268
-1.45756
-0.7807609999999999
0.6020979999999999
0.8866370000000001
-0.270918
0.263969
-0.589766
-1.7432
-1.6519
-0.07139069999999999
-2.0258
-0.523907
0.0
-0.811712
-0.0510204
-0.0258392
-2.16487
-0.349507
-1.60274
-0.32235
-0.62862
-0.499229
-0.22714600000000001
-1.51875
-0.21615700000000002
0.17271199999999998
-1.7422099999999998
-0.936156
-1.3221399999999999
-1.12281
-0.717386
0.6316930000000001
0.036823800000000004
-1.01722
-0.0155813
-0.7756609999999999
0.0166097
1.8827900000000002
1.8827900000000002
-0.373077
-0.0696784
-0.157695
-0.890214
-0.22811199999999998
-1.6467599999999998
-1.80875
-0.049003
0.464109
0.464109
0.130796
-0.558938
-0.821206
-0.642355
-1.66451
-0.959033
0.9072600000000001
-0.794496
-0.141538
-1.84958
-1.10609
-1.7925400000000002
-0.568415
1.79505
0.752877
-0.620958
-1.45292
-0.7880520000000001
-0.58433
-0.330282
0.168163
1.00508
-0.283992
-0.525175
-1.41395
0.301773
0.9408489999999999
-0.00896154
-0.800249
-0.39263400000000004
-0.12203299999999999
4.0065
1.2570299999999999
-1.16676
-0.435936
0.44551499999999994
-0.5486880000000001
-0.357645
0.420346
-1.90375
-0.779269
-0.789643
0.302899
0.811459
-0.715015
2.89977
2.22103
1.4256799999999998
2.0392
-0.387021
0.5974470000000001
2.36944
-0.648417
1.11645
-0.682815
-1.4207
0.265785
0.248048
-0.869223
-1.23912
-2.77651
-1.05595
-2.48907
-0.570873
-1.63925
-3.9472
-1.4953
-0.35441999999999996
-1.7662200000000001
-2.15037
-0.767465
-1.46292
-0.6497689999999999
-1.21386
-0.135691
-1.28423
-1.04995
-1.8923599999999998
-1.26011
-1.0044600000000001
-1.58606
-0.115372
-2.78497
-2.43712
0.11036099999999999
-0.639346
-0.424063
1.43803
-0.43755200000000005
-0.49562
-1.15725
-0.180662
1.64093
1.7085599999999999
1.7085599999999999
-1.10304
-0.982194
-0.781453
-5.14201
-1.8887599999999998
-0.313239
-0.751799
-0.0114925
-0.146757
-1.16831
1.57586
0.873936
-0.56425
0.486872
-0.747562
-1.14858
0.717353
-0.162128
-2.06907
-1.24432
-0.929743
-0.5931069999999999
-0.691583
-1.0192299999999999
-1.24611
-0.355961
-1.0049299999999999
-0.140515
0.00370822
0.449981
0.37691199999999997
3.15302
-1.7298099999999998
-0.24403200000000003
-1.6084200000000002
-0.7557689999999999
0.188452
0.783241
0.168627
-0.839282
0.5775779999999999
0.33677199999999996
-0.754996
-1.9547
-1.9547
-1.1255899999999999
-1.8186400000000003
-1.20497
-0.8214
-0.295987
-0.07763880000000001
-0.8618520000000001
-0.890228
0.407823
-1.53515
0.0449818
-1.32608
-0.918716
-0.087884
-0.496712
-1.59964
0.788484
0.06761389999999999
-0.598981
1.38657
1.0231
-1.57654
1.8682900000000002
1.2877100000000001
0.652833
-0.2601
-1.0791
0.6157699999999999
0.204035
-0.790104
-2.98272
-2.4241099999999998
-1.4962
-0.991922
