-0.8772969999999999
-0.223309
-0.6948770000000001
-1.11817
-0.651291
-0.239329
4.0372
-0.16020299999999998
0.635208
1.0675299999999999
0.617351
0.220059
0.220059
-0.53345
0.334201
-0.598196
-0.19099000000000002
0.0181118
1.1627399999999999
3.4645599999999996
0.938198
1.5808200000000001
1.7256900000000002
0.487568
0.10061
2.67266
2.33225
1.7384
1.19832
1.19832
1.03001
1.8284
0.549251
0.363648
-0.625887
1.99463
0.133234
-0.48259799999999997
-0.836626
1.20654
0.682405
0.539517
2.83543
1.84339
0.353923
-0.788456
0.028016700000000002
1.28334
-5.47278
-0.9745379999999999
-0.295774
3.3254699999999997
-0.674004
3.71971
-0.984168
-0.70072
0.390862
0.697871
3.96164
-1.15794
-0.30304000000000003
1.2721799999999999
-0.904982
1.18334
-1.2242899999999999
0.314165
0.297957
-0.10733
1.70655
-2.10102
-0.48576800000000003
-0.715151
-0.15496600000000002
-3.17665
1.19309
1.19309
-3.0335799999999997
-1.93629
-1.37553
-1.61543
-0.54564
0.5359119999999999
-1.34226
-1.50409
-0.34273200000000004
-1.1663700000000001
-0.501243
-1.4431200000000002
-1.6564599999999998
-2.1766400000000004
-0.026585400000000006
-0.661933
0.451726
-0.0907082
-1.2011399999999999
-1.7171900000000002
0.45547
1.61169
-0.494212
-0.847499
0.647105
-0.56718
-1.0754700000000001
-0.403466
-0.36991599999999997
-0.18016600000000002
0.35565
-0.9426209999999999
-2.14663
-0.666177
-1.9118099999999998
-0.8822049999999999
-2.41226
-0.801363
-1.89871
-1.8201200000000002
0.168852
1.76597
-1.12911
0.485209
1.40371
1.14717
0.830852
-1.35799
-0.983483
-1.0389899999999999
-0.581279
0.250477
-2.9639
-0.8332040000000001
-0.749102
-0.666441
-0.786248
0.0255357
-0.274956
1.57782
1.2755
-0.538319
-1.16486
-0.635946
0.381027
1.04995
0.838284
-0.055574599999999995
-1.56264
-0.120045
-1.42334
-1.82257
0.07260230000000001
-1.21246
-0.698937
-0.68512
-0.663553
2.32229
0.14970899999999998
-1.66875
-1.13655
0.8261950000000001
0.0615569
-1.3017299999999998
-1.0373700000000001
0.9206840000000001
-2.39303
-1.27736
-0.394675
-0.43773599999999996
-0.330938
-0.8989030000000001
-0.741267
0.549046
1.3566
2.15441
2.15441
-1.13709
-1.13709
-1.4555799999999999
0.132382
-0.0894267
-0.599498
-0.266824
0.311971
-0.11638
0.594075
-1.6832599999999998
0.153331
-0.507476
0.170444
0.09146019999999999
1.14764
-0.699218
-0.6583399999999999
1.22732
-1.0827200000000001
-0.391187
-0.641083
0.560887
-2.60432
-1.1769100000000001
-0.572337
0.48176800000000003
-0.529413
-0.505758
-0.422329
-0.105592
-0.679343
-0.48296300000000003
0.233329
-0.0256363
0.559242
0.19223099999999999
-1.36112
-0.849734
-1.50854
-2.5735799999999998
-1.21916
-0.928514
-0.5801189999999999
-0.373496
-1.36694
-0.756351
-0.166952
0.721144
-0.5244489999999999
-0.387176
0.15272
-0.0171362
-0.40636500000000003
-0.9934940000000001
-0.289556
2.40936
-0.318664
0.470412
0.44639700000000004
-0.160244
-0.240229
-0.9033459999999999
-0.851873
-1.40838
-2.98527
-0.55409
-0.217203
1.64222
-0.690208
-1.80463
-0.432041
-0.8491489999999999
-1.54901
-3.04521
-0.163472
-0.350492
0.345584
-0.6879390000000001
-0.308645
-0.135398
-1.43367
-0.48889499999999997
-0.433122
-0.0264879
-0.173819
-0.011141700000000001
-1.0966200000000002
0.558833
0.193748
-1.30578
-0.451053
-0.48889099999999996
-0.0559715
-1.48108
-0.45664
-0.52875
-0.828599
0.00140256
1.8912400000000003
0.7001229999999999
0.116501
-0.507255
0.604571
-0.404831
1.8554099999999998
1.8554099999999998
-1.10138
0.829837
0.44002399999999997
-0.660389
-0.21851199999999998
-0.697864
0.945103
0.366633
-0.116264
-0.116264
0.315533
-0.18652
-0.680226
-1.4713100000000001
-1.25631
-3.90887
-1.97584
0.0417057
-1.58979
-0.564955
0.7797689999999999
0.402254
1.0046899999999999
2.65499
1.53366
0.182908
-0.0675337
0.575755
-0.0908717
0.684232
-1.40751
0.855751
1.31444
0.0746612
-0.07799210000000001
1.64275
1.764
0.08767180000000001
0.017858000000000002
-0.752359
-0.109956
3.11959
1.83375
-0.48958199999999996
0.645987
1.51624
0.521263
0.140242
0.41123699999999996
0.9329629999999999
-0.280329
0.40227199999999996
1.47569
0.246211
0.318734
-0.751033
-0.029274400000000003
-0.18594000000000002
4.04195
2.4757700000000002
1.83119
3.01727
-0.045839
-0.620613
0.42506000000000005
-0.236109
0.354323
-0.543371
-0.372989
-0.966615
0.755632
-0.173775
-0.786093
0.0857696
-0.850107
-0.385273
-1.33958
-0.6986600000000001
-0.0536009
-0.241995
-0.5593319999999999
-0.17288900000000001
-0.0110276
-1.47509
-1.3456
-1.09005
-2.02557
-0.778628
0.22305
-2.37833
-3.1128099999999996
0.829882
-1.15162
0.18054800000000001
-0.387375
0.11074300000000001
0.261414
1.39221
-0.390875
-0.49925299999999995
-0.11429600000000001
0.916025
0.652976
0.0127706
0.0127706
-1.92989
0.289894
-1.7926
-0.5884659999999999
-0.348953
-1.60843
0.36851799999999996
0.115071
0.22180999999999998
0.21579099999999998
2.60522
1.15127
-0.0792465
0.666989
1.42611
0.929449
0.16649
-0.669357
0.0849694
-0.322793
0.0823908
-0.288096
0.441828
0.013770600000000001
0.174584
-0.215477
-0.16822
0.498183
0.818978
1.1410200000000001
0.7969689999999999
3.08073
0.267723
-1.0377
0.20365999999999998
-0.07400599999999999
-0.738482
-0.282907
-0.462084
-0.8667870000000001
-0.147101
-0.47057899999999997
-0.733189
-1.05035
-1.05035
0.021511000000000002
-0.5990439999999999
-0.153565
-1.7057400000000003
0.0871816
-0.862764
0.189572
-0.0129933
-0.767914
0.28686300000000003
0.375825
0.263301
-1.5329
-0.82329
-0.46839
-0.595495
-1.1933200000000002
-0.152622
0.8583799999999999
-0.570422
0.159328
0.405142
1.1327200000000002
0.165794
1.07135
-1.04314
-0.549104
0.309163
-0.841485
-3.2566200000000003
-2.12311
0.23008
0.049369
0.393047
