0.686403
0.56195
-1.52157
0.820973
2.80445
1.00247
0.195497
-0.6570199999999999
-0.24630500000000002
0.0482978
2.6966099999999997
0.826993
-1.46005
0.163905
0.0222466
3.35434
0.06761289999999999
-1.99252
0.0880344
-0.0999695
0.016161099999999998
0.7269100000000001
-1.9235400000000002
2.43224
0.452187
3.4946
2.85406
0.07896510000000001
0.22481399999999999
1.52681
-0.251662
-0.41200000000000003
0.400041
1.84595
0.0775373
3.1088
-0.221181
-0.8274360000000001
1.6594
-0.27373400000000003
-0.404584
0.821341
-0.676886
0.439646
0.606803
0.626378
0.374788
-0.542097
2.72663
-1.3191
2.92369
0.177895
-1.35605
-0.773046
-0.0826823
-0.789724
2.70381
0.127961
2.85771
0.0969775
-0.556715
0.120303
0.047362800000000004
3.97689
-0.193211
0.588125
0.269179
-0.249694
-0.322013
-0.566462
0.127352
-0.224804
2.0236
0.9914709999999999
4.10581
2.75315
2.7480900000000004
3.5154199999999998
-0.48863199999999996
3.9941199999999997
4.819719999999999
0.592256
2.9230099999999997
-0.133211
0.33498
2.76626
-0.48074700000000004
1.69918
0.7705029999999999
0.25898899999999997
0.75379
-0.419663
2.10515
4.57172
3.09355
2.59917
0.235713
2.34471
-0.116625
3.45306
1.21698
3.1922900000000003
3.00261
-0.42049
1.9364700000000001
-0.48778699999999997
2.01172
3.9681300000000004
-0.28661
-0.44980200000000004
2.11593
-1.4802600000000001
1.4981200000000001
1.10719
-0.0960279
1.80362
0.7299939999999999
-0.559854
-0.8763340000000001
1.14382
2.45195
0.016762299999999997
-0.274932
0.782319
0.853511
1.85255
-0.131462
4.45683
3.6792
2.34079
3.41505
-0.816959
2.8660900000000002
0.46569799999999995
-0.220597
0.10178999999999999
-0.0803117
0.454751
2.7863599999999997
-0.00255126
0.10644200000000001
1.86415
-0.5177
3.52481
2.04239
4.23297
-2.09828
-0.7278979999999999
3.23539
2.79129
-0.751529
-0.763987
-1.5432
0.372196
0.393313
3.31106
0.999992
3.84493
-1.03793
3.90265
-1.5356
3.77461
3.3208300000000004
3.40818
-2.4354299999999998
-0.223649
3.9229199999999995
4.79531
1.81446
2.7311
-0.0320576
-0.318941
-0.60087
2.74935
2.99268
2.86348
-0.07460789999999999
4.0852900000000005
-1.4746
0.06944360000000001
3.23391
-1.1549
1.81057
3.3015199999999996
-1.49966
3.65933
0.09546210000000001
0.947217
1.9450900000000002
2.62681
-1.15836
3.2034
-0.357797
-2.85917
4.22941
0.276073
-0.690545
-0.6387390000000001
-2.62259
3.7725199999999997
-0.541189
2.54549
2.4453099999999997
2.86876
4.15487
2.8334599999999996
3.36964
2.83554
3.05152
0.801002
4.115069999999999
3.04553
0.351451
-0.786403
3.10691
-1.19076
3.11848
-1.43798
-0.623131
2.95404
-1.40075
3.7226199999999996
-1.89842
3.2210099999999997
1.3431600000000001
4.28851
-0.175242
1.6721099999999998
0.260104
0.5367350000000001
-0.863682
3.4862900000000003
-1.76985
-1.28748
0.6777
3.65755
-0.596458
-0.584802
-1.3254299999999999
-0.106772
0.7920510000000001
3.43876
2.86311
3.3654599999999997
-1.1985700000000001
-1.0762
3.42869
2.42141
-0.661135
-0.276855
0.138005
3.4601
1.86837
1.6688599999999998
-0.152671
2.2718
3.8684300000000005
-0.367883
-1.06994
1.4763700000000002
3.23736
4.06962
3.85376
3.07812
2.86006
0.043596800000000005
-0.244101
-0.37892800000000004
0.5123449999999999
0.493625
3.48498
-2.186
0.10257100000000001
2.59835
3.78285
3.55415
-0.232942
-2.43817
2.78198
0.025833
-0.766731
-0.7815489999999999
-0.651125
0.6043069999999999
-1.07808
-0.924493
-0.609838
-0.698311
0.899681
-1.157
-0.518668
-1.06102
-1.30962
0.44426099999999996
-0.7646310000000001
-1.13596
-1.24381
-0.260343
-1.23169
-0.999699
-0.503792
0.0
0.0
0.0
-1.97222
-0.00377868
-1.94495
-0.9110659999999999
-0.2341
-0.404817
-0.23672100000000001
-1.34425
0.0
0.25188
-0.5582729999999999
-1.42706
-0.475768
-0.8057310000000001
-1.7695400000000001
0.0
0.3964
-0.11599999999999999
0.203467
-0.308528
-1.8357599999999998
-0.40873200000000004
-0.115925
-2.29778
-0.43276499999999996
-2.01897
-0.280515
0.475649
-0.9976700000000001
-0.510707
0.0
-0.384781
-2.6253
-2.87684
-0.659563
-1.9559
-1.28565
-0.8866809999999999
-1.12542
-0.967578
-1.28472
-0.021765299999999998
0.23159899999999997
-1.07587
0.0
-1.7569599999999999
-0.111793
-0.926424
-1.24385
-0.39525
-0.7691359999999999
-0.967699
0.0
0.101778
-0.9078139999999999
0.260521
-1.0417299999999998
-1.05562
-1.47763
-0.00134999
-1.69987
-1.59873
-0.41661800000000004
-0.24101799999999998
0.552558
-1.33016
-0.299795
-0.316207
0.114629
-1.34049
-1.34791
-1.2534299999999998
-1.37835
-0.644889
-0.61406
-0.20809
-1.1623
-0.628494
-1.5248899999999999
-0.779709
0.650632
-0.893489
-1.14975
-1.5175299999999998
-0.5178010000000001
-3.02513
-0.274936
1.01371
0.0604411
-0.702121
0.00647178
-0.328253
-1.06008
-0.154395
0.0
-1.0671700000000002
-0.724869
-1.44561
-0.9765149999999999
-0.0488389
-0.39910999999999996
0.0
0.7127060000000001
-1.50311
-1.20177
-0.639
0.532532
0.33182399999999995
-1.40525
-0.228623
-0.677033
-1.7848099999999998
-1.8656099999999998
-1.10122
0.0
-0.9226709999999999
-1.8612
-0.44702200000000003
0.0
-1.39462
2.12413
-1.39534
-0.38802
-1.1396600000000001
-0.0891072
-0.211756
0.033548699999999994
-0.381762
-1.4399899999999999
0.314877
-0.289117
-0.0439327
0.41790200000000005
-0.0397893
-0.42145900000000003
0.0
-0.59149
-1.5377
-0.343848
-0.478717
0.24104499999999998
0.143501
-0.783466
-2.4452700000000003
-0.8541620000000001
-0.573166
0.20594899999999997
-0.744445
0.657578
-0.42159300000000005
-1.09476
0.24293499999999998
-0.8600389999999999
0.739039
-3.29586
0.0
-0.9758819999999999
-0.8632190000000001
-1.32917
-0.33109099999999997
-1.44058
-1.60065
-1.0054100000000001
0.0
-0.585186
-2.76804
-0.953428
-1.43825
-1.1632
0.151898
-0.35928499999999997
-0.992373
-0.556499
-2.19375
-0.317363
0.311771
-0.748657
-1.0601
-0.5937720000000001
-0.0150266
-1.4965899999999999
-0.9339860000000001
-0.13975
-0.454624
-0.51407
0.12129300000000001
-0.139845
0.342506
-1.04125
0.194123
-0.407991
-0.777345
-0.870108
-0.755681
0.0657669
-0.6517609999999999
-1.03347
-1.39002
0.0
-1.09964
-1.1783
1.04451
0.588996
-1.3325799999999999
-0.399687
-1.40375
-1.23189
-0.314824
-0.17308900000000002
0.14086300000000002
-0.649575
-0.643122
-0.57063
-1.8178400000000001
-0.513722
0.297741
-0.125866
-0.698199
-0.0748918
-0.19926300000000002
0.319818
-0.71614
-0.610693
-1.80082
0.376305
-0.46146000000000004
-0.5434439999999999
0.0
0.190889
-0.771578
-0.699364
-0.380336
-0.449686
-0.335485
0.0
0.10663800000000001
-0.0808829
-0.130946
-0.9185709999999999
0.535028
-0.727969
-1.93704
-0.314766
-0.84803
0.0682307
-1.1182
0.020984700000000002
-1.8491400000000002
-0.018290400000000002
-0.735302
-0.353892
-0.358219
-0.28478200000000004
-0.291538
-0.319681
0.0
-0.868707
-0.44470299999999996
-2.71715
-0.445799
-1.20831
-0.34105100000000005
0.0
1.88133
-0.9769
-0.9984860000000001
0.0
-1.13721
-1.09038
0.9900959999999999
0.0
-0.864791
-0.21685100000000002
-0.466
-2.04442
-0.741203
-0.59296
-0.74889
-0.291461
-1.79603
-0.43925200000000003
-1.00082
-0.94132
0.614264
-0.367817
-1.76521
-0.29399899999999995
-0.46796899999999997
-0.5514859999999999
-1.72812
-1.46922
-0.62241
-0.31808800000000004
-0.277429
-0.334656
-0.123695
-0.61834
-0.680822
-0.319709
-1.9384099999999997
0.300635
-0.21229800000000001
-0.051645800000000006
-0.604586
-2.91708
-0.7722359999999999
-0.8765700000000001
0.049793199999999996
1.02141
-0.598612
1.13116
-0.462555
-1.0627
-1.02027
-0.6901149999999999
-1.05535
-0.12409
-0.6931649999999999
-2.99934
-0.863051
-2.41092
0.0
0.0
-1.8159999999999998
-0.0508249
-0.681751
-0.7616229999999999
0.0
-0.067246
-2.34598
0.60673
0.454268
-0.98714
0.421759
-1.16725
-1.42536
-1.11981
-0.672922
-0.342237
-2.09557
0.10263800000000001
0.133668
-0.267269
-0.67096
0.0
-1.49665
-0.212213
-1.50852
-0.9478540000000001
-0.974764
-0.45588599999999996
-0.509353
-0.571856
-0.59651
-0.5982430000000001
0.12349500000000001
-0.596761
-0.46591899999999997
-0.391381
-1.38984
-1.16251
-0.407335
0.0
0.456583
-1.01637
-2.0566
-0.33418400000000004
-1.08741
-1.62697
-0.725755
-0.853577
-1.04731
0.0
-1.36999
0.824942
-0.9359069999999999
-0.205877
-1.04374
-0.8721899999999999
-0.8965069999999999
-0.609809
0.0
-0.9631770000000001
0.0
0.540678
-0.19678299999999999
-1.20505
-1.36971
-0.8077949999999999
0.42663
-0.683009
-1.5445799999999998
0.27576
-0.31204699999999996
0.708548
-2.3323099999999997
0.0969828
-0.425112
-0.21103200000000003
-0.705834
-0.768363
-1.06813
-1.23395
-1.22705
-0.131389
0.411192
-1.27519
-0.9051020000000001
-1.37325
0.51478
-0.387466
-0.46483900000000006
-0.188306
-0.673297
0.0
-0.869999
-0.626052
-1.32654
-1.93655
0.24561100000000002
-1.20888
-0.7450220000000001
-0.354354
-1.96318
-1.6975799999999999
-0.000770941
-1.3567799999999999
-0.291029
-0.551553
-0.639404
-1.78561
-1.00521
-1.6752599999999997
-1.13157
0.702764
-1.61657
-0.21011300000000002
-0.47048900000000005
-0.273927
-0.8520969999999999
-1.7469299999999999
0.405442
-0.8557309999999999
0.217743
-0.12503499999999998
0.0
-0.360667
-0.5883229999999999
-0.888225
-0.314404
-1.4209
-0.426755
-0.146885
-0.0264379
0.250552
-1.6764700000000001
-0.520304
-1.1325100000000001
-0.649075
-0.474369
0.0
-1.0910600000000001
-1.35055
-2.0825400000000003
-0.553427
0.191423
-1.19725
-0.900682
-0.606042
-1.4791299999999998
-0.63681
0.409846
0.30896599999999996
-0.318641
-0.909535
-0.735438
-2.1137900000000003
-0.614047
-0.735557
0.0
-0.18286
-0.0857158
0.0
-1.88855
-1.06734
-0.7219810000000001
-0.482346
-1.1783700000000001
-1.5856
-0.250159
-0.9297620000000001
-0.23693899999999998
-0.291041
-0.456981
-0.24581599999999998
-1.31968
1.10969
-0.8704379999999999
-1.13463
-1.1818899999999999
-0.365541
-0.0455124
-0.701928
0.0
-0.67297
-0.676168
-0.609338
0.496832
-1.4009
0.509675
0.600508
0.0
0.0
-0.0155536
0.491171
-0.28557899999999997
-0.6002649999999999
-1.32981
-1.4802
-1.51168
-0.105572
0.184886
0.0
-0.617632
-0.49355600000000005
-0.808074
-1.62558
0.0
-0.744526
-0.740795
-0.801659
-0.131929
0.391979
-1.57349
-1.00747
-0.372368
-1.79558
-0.31054299999999996
-0.12605
-1.6632799999999999
-0.21725300000000003
0.575354
-0.732683
-1.10817
-0.371956
0.8397040000000001
-1.06897
-0.570183
-0.9915430000000001
-0.702387
-1.9210599999999998
-1.0351
-0.655722
-1.63404
-0.43126099999999995
-0.057823599999999996
-0.145925
-0.633252
-2.60875
-0.9087940000000001
-0.434046
0.263326
-1.09714
-0.8522120000000001
-0.031224099999999998
-0.8620610000000001
-0.303792
0.201183
-2.07748
-0.693697
-0.44561999999999996
-0.797756
0.23672800000000002
-0.9949129999999999
-1.70016
0.0432173
-1.1376700000000002
0.06596030000000001
0.198875
-0.253294
-0.8001159999999999
-0.812086
0.250449
-0.5059100000000001
-1.53234
0.0245789
-0.22227600000000003
0.625898
-0.821471
-0.713988
-1.41245
-0.636463
-1.00987
-0.36687800000000004
-0.410775
-0.9461430000000001
0.0
0.22035700000000003
-1.08265
0.395783
-0.561157
-1.3560299999999998
-0.564419
0.234632
0.544882
-0.366343
1.00471
-1.0543799999999999
-0.531845
-0.711778
0.536868
0.00845455
0.293173
-1.46599
-0.785061
-0.8377040000000001
-0.6133109999999999
-0.298288
2.20191
0.0
0.606594
-1.14749
0.0
-0.11563
0.635705
-1.05738
-3.2166200000000003
-0.605727
0.0
-1.33695
-0.616455
-3.40109
0.866267
-1.03291
-0.323364
0.646884
0.401337
-1.3349
-1.0683
0.0
0.0
-1.1267200000000002
-0.856466
0.0
-0.765962
-2.84156
-0.472826
2.5891900000000003
-0.897869
-0.320176
0.09138550000000001
-0.309709
-2.2445
