-2.24911
-1.02496
-1.53596
-2.81395
-3.03288
-2.7342400000000002
-2.57655
-1.24251
-3.19823
-3.5581
-2.61731
-1.68285
-1.51224
-1.9004400000000001
-3.28155
-1.7248900000000003
-3.8327699999999996
-1.55073
-2.1646799999999997
-2.07397
-2.08851
-1.7474
-1.8618400000000002
-1.52549
-1.41819
-0.829617
-2.2250099999999997
0.236002
-0.346221
-1.40803
-1.75059
-1.30168
-2.11821
-2.68338
-1.5279399999999999
-1.85455
-1.99206
-1.19518
-2.7436599999999998
-2.92676
-1.53576
-1.4106299999999998
-0.9594969999999999
-1.7573599999999998
-3.3848800000000003
-2.52998
-0.819196
-1.90273
-1.4787
-1.0179799999999999
-1.9626700000000001
-2.35691
-1.8380400000000001
-1.3474
-2.14149
-0.752516
0.483385
-0.844569
-1.86135
-0.674338
-1.3438
0.0833276
-1.7402900000000001
-1.4293200000000001
0.0464398
-1.75299
-1.87884
-1.9921099999999998
-0.030958499999999996
-1.49909
-1.25112
-1.2393100000000001
-2.19395
-1.36259
-2.59137
-2.5486299999999997
-2.78064
-2.13865
-1.11196
-2.63163
-1.58617
-2.3669599999999997
-3.9911300000000005
0.644349
-1.36933
-1.00538
-0.6817439999999999
-1.876
-1.78624
-1.9807400000000002
-0.9130229999999999
-1.9473599999999998
-2.58373
-0.832303
-2.2829900000000003
-2.04225
-0.33779699999999996
-1.37229
-2.14702
-1.9836099999999999
-0.147075
-2.80763
-3.41629
-1.33237
-0.0528847
-0.375852
-0.505005
-1.4324299999999999
-0.633147
-2.25654
-1.80408
-1.96515
0.446942
-2.3310400000000002
-1.56158
-1.37147
-2.46516
-2.32508
-1.49268
0.026903500000000004
-3.2476
-1.80296
-2.59368
-1.58132
-1.6245100000000001
-2.9452700000000003
-1.7545099999999998
-2.09373
-2.18255
-2.7371
-2.15456
-1.05335
0.338717
-0.722422
-0.518859
-2.0677
-2.11207
-2.38842
-1.8417
-1.9015099999999998
-1.2947799999999998
-1.69101
1.9788400000000002
-2.42694
-0.8988
1.9776599999999998
0.88345
-0.477825
-3.26863
-2.46408
-0.35022600000000004
0.23224099999999998
0.557068
1.7580799999999999
-1.2989700000000002
-2.45574
1.50539
-1.8263
1.40838
-2.80226
3.3384099999999997
-1.75173
-3.9853300000000003
0.637676
-1.50453
-0.502999
-2.41425
1.1581299999999999
-0.662403
-2.83295
-0.48542299999999994
-0.362165
3.67769
0.794143
-0.680454
-2.09598
2.03282
-0.189576
1.8940000000000001
-2.36254
-1.66553
1.25806
-1.2972700000000001
-1.7096099999999999
-0.878973
1.0706200000000001
-0.0292403
-2.98801
1.1925700000000001
-1.7361400000000002
1.68557
-0.716733
-0.436026
1.00621
-2.16111
-2.20322
1.0431700000000002
0.419146
0.243414
-2.56599
-1.41889
-2.58592
-2.7149900000000002
0.607853
-0.906314
-0.0756301
-2.78271
-0.9031
1.08907
-2.03461
-0.461629
-2.37087
0.43206999999999995
0.65161
-0.8549540000000001
-0.384964
-1.7654900000000002
1.57064
2.29861
1.49318
-3.06052
-1.28742
0.776962
-1.98518
-2.61125
-0.8494879999999999
1.9458099999999998
0.8789549999999999
-0.748821
-0.102724
2.0093099999999997
-2.29098
0.100971
-0.0022025
-1.5914700000000002
-2.12127
2.01744
0.0931255
1.55959
-1.1368
-1.31392
1.38238
-1.93806
-2.44125
-2.93032
0.980123
1.08873
-1.05829
-1.09866
-1.08304
0.513748
-0.288463
-1.27579
0.34766199999999997
-1.28626
-2.22417
0.5045109999999999
0.274596
1.5107899999999999
1.93115
-2.27735
-2.17571
-0.6199180000000001
-1.60085
-1.16903
-0.42760699999999996
0.75222
-0.44766300000000003
0.8655879999999999
-1.1834200000000001
0.377822
2.59892
-0.32701199999999997
-3.21895
-2.5827
-1.52734
3.2161
0.720437
-3.50356
-1.37122
1.48688
-0.749141
0.438283
-0.660849
-0.801308
-0.44950100000000004
1.07229
1.2137
-0.11018199999999999
2.18348
3.26288
1.1905
0.244871
0.719895
-1.46594
-1.18677
1.5274
0.7218899999999999
1.8146799999999998
-1.34447
0.429116
0.0
0.0
0.0
3.23489
0.266851
2.74136
1.48912
-0.816344
0.010076100000000001
1.18803
0.39519699999999996
0.0
0.524347
-2.8548299999999998
0.0475538
-0.251838
-0.582738
2.6425400000000003
0.0
-0.225294
-0.474746
-1.3054299999999999
0.559901
2.11897
1.7982900000000002
0.16902799999999998
-0.292123
-1.54152
2.68608
-0.827628
-1.11999
2.84844
-0.35749699999999995
0.0
0.536285
1.52495
2.16827
-1.38658
1.67839
0.179808
0.398957
-0.08783200000000001
0.543331
-2.08168
2.6227
-0.9552729999999999
-0.69965
0.967202
1.76708
-1.45973
-0.0847699
4.79312
0.681333
0.833356
1.0369899999999999
0.0
0.276282
-0.320463
1.64602
0.228532
-0.8296979999999999
2.0699799999999997
-0.906373
2.06055
-1.35638
-0.869708
-0.506147
-2.85574
2.08308
-1.4851
-0.0144524
0.052139
3.63599
1.6320299999999999
0.830392
0.526227
0.321799
-0.27114
1.40641
0.8122590000000001
2.03694
3.1360799999999998
2.80812
-1.90166
1.3106
0.349367
1.62445
0.0529351
3.15576
-0.541694
-0.0136798
0.46271
2.12207
-0.909532
-1.9807
-0.350283
-1.0038200000000002
0.0
0.07524789999999999
0.350421
0.37290500000000004
1.29818
0.0320999
0.261364
0.0
-2.72274
1.4892
-2.90489
-2.09658
-3.48905
-2.10873
-0.273572
0.9651620000000001
-0.131864
1.44299
0.162751
0.149991
0.0
-0.6098140000000001
1.43264
0.08766260000000001
0.0
-1.63227
-1.38495
1.24033
-0.250936
0.8926540000000001
-1.41109
-0.571329
-0.585255
-1.1696799999999998
2.0059
-0.8604870000000001
-0.20571
-1.1399299999999999
-1.65483
0.786574
-0.0777234
0.0
-1.73794
3.31739
-0.414337
0.438007
-0.544201
-0.844677
0.855216
2.92151
-0.36231599999999997
-0.644893
-0.571838
-0.988607
-1.44656
-0.938372
1.46682
0.0159431
0.707687
0.9249149999999999
2.91907
0.0
0.021749400000000002
1.8358400000000001
-1.0321799999999999
0.0
0.834968
2.21658
-1.10099
0.0
1.9566
0.189728
-0.275552
-0.933542
-0.266325
0.42712100000000003
1.47147
-0.36783499999999997
-0.21192199999999997
-0.37351100000000004
0.0314547
-2.73706
0.728896
-0.546085
-2.3923200000000002
-0.04839380000000001
-1.28164
0.566397
-0.387461
1.04217
1.80424
-0.725723
0.749455
-1.19339
1.9554900000000002
-0.6130899999999999
-0.945498
0.794037
0.68218
-1.22546
-0.402932
0.026055400000000003
0.526846
1.5216
0.0
1.92039
-0.193802
1.33948
-1.9261099999999998
-0.532125
-0.910916
1.0719100000000001
0.7763720000000001
-1.14898
-0.018568
-1.74154
0.424892
0.788846
0.868884
1.85454
0.367202
-2.59803
0.992143
0.501031
-0.5142720000000001
1.36966
-1.57233
-0.141299
1.27261
3.2793300000000003
-1.69753
0.0996252
0.802455
0.0
-0.28417800000000004
-0.632609
0.617142
-0.0405455
-0.0392782
-0.5150359999999999
0.0
-2.49022
0.0319868
-2.07625
-0.57348
-0.8869360000000001
-0.48218199999999994
2.48717
0.842979
0.42181199999999996
1.33948
0.851959
2.17706
2.79818
0.16576300000000002
1.54021
0.80855
0.8740120000000001
0.117649
0.571783
-0.139592
0.0
4.82835
1.97853
1.8740299999999999
0.111803
1.20387
1.31897
0.0
-2.19638
2.04071
0.1962
0.0
-1.02898
-0.5186930000000001
-0.220255
0.0
2.7881
-0.369209
1.41234
0.43192299999999995
-2.67423
-0.329671
0.457611
0.23773000000000002
1.46634
-0.843375
0.129448
-0.39152800000000004
0.166174
-0.24181599999999998
3.3409199999999997
3.12351
-2.3808
0.513264
-0.687247
-1.75026
1.2858399999999999
2.28031
1.38228
-0.6701090000000001
-0.897242
0.583067
-1.3502
-0.308269
1.69606
-1.1474799999999998
1.6399700000000001
-0.175764
1.6047799999999999
-0.508206
1.70475
-0.07925739999999999
1.75962
-1.07752
-0.49030200000000007
-1.29016
1.0142
-0.960875
2.15924
-1.55003
2.37154
-2.49682
-1.75701
0.00525457
-0.8600969999999999
-1.3947100000000001
0.0
0.594723
0.8630329999999999
-0.824852
0.880433
0.0663517
0.0
0.167435
0.0
-1.7135900000000002
-1.55306
-1.60071
-1.60028
-0.36185700000000004
1.62382
-1.34209
-0.263783
1.00824
0.9238270000000001
2.2256400000000003
-1.31245
-1.29226
-1.20153
0.0
1.20858
0.710316
1.60025
2.06635
4.31614
-2.0087099999999998
-0.9560420000000001
0.250236
0.737516
1.49241
-0.268441
0.0812724
-0.49531499999999995
-0.42172
3.79736
0.0478481
-0.170703
0.48373599999999994
-1.00393
0.0991355
3.27745
-1.2364700000000002
1.30521
-2.51755
1.06225
0.628412
-1.16385
0.0
2.87102
-1.29326
-0.665583
-0.9070870000000001
0.00732585
-0.910839
2.1392900000000004
2.04097
0.0
1.7680799999999999
0.0
2.79128
1.1033899999999999
2.04411
0.783126
1.1310799999999999
-0.6515880000000001
0.452021
1.3344200000000002
-1.15706
2.78001
-0.730102
1.62271
0.0406588
0.173565
0.49804
-0.223536
0.21233600000000002
2.5051099999999997
0.524295
1.15031
1.88205
0.168882
0.9012459999999999
0.669738
1.89357
-1.6942700000000002
0.971614
-0.5029399999999999
0.475938
-0.280427
0.0
-0.686071
0.0113683
0.622514
1.7206
-1.12691
1.00274
0.764767
1.10812
-1.9186299999999998
1.17798
0.6856939999999999
0.11149200000000001
0.531258
0.731797
0.45583900000000005
-0.245077
3.46611
3.14582
0.333136
0.669738
1.72533
-0.42132600000000003
2.17088
0.0
1.12634
-1.53296
-1.26985
4.11801
-1.61581
0.140851
0.0
0.76049
-0.184224
-0.374159
0.726379
0.238846
-0.382384
1.15545
-1.09178
-2.3433200000000003
1.72325
-1.18611
-0.802597
0.349337
0.169166
0.0
1.03751
2.25029
2.81485
0.062131200000000004
2.56763
0.301338
2.0421
-0.487304
0.7912279999999999
0.961145
0.289288
-0.699616
1.0199200000000002
1.0951799999999998
-0.726669
2.08338
0.884142
-0.186816
0.0
1.9666
-0.15371700000000002
0.0
1.7018900000000001
0.526768
0.00833992
0.810662
-1.7184099999999998
0.491438
-0.519109
1.74305
0.257258
-1.38297
-0.13883
0.235157
0.44506999999999997
0.373761
0.0
2.3882
2.65232
-1.2750299999999999
-0.285261
-0.385791
0.0
1.68245
-0.484864
-0.730259
-1.48705
-0.253393
1.07512
0.9901629999999999
0.0
0.0
-1.46878
0.545248
-3.199
1.15005
-1.27738
-0.419412
1.47116
0.741761
0.309811
0.0
1.07283
1.8562900000000002
0.464054
2.92908
0.0
-1.45177
-1.04454
-0.484073
-0.0613693
1.16888
0.220214
-0.728495
-0.873726
2.28947
0.720175
-0.00183111
0.406875
-0.873049
1.1931100000000001
0.822859
1.36818
1.18631
-1.1365100000000001
-1.7574299999999998
-2.4891900000000002
-0.194642
-0.37964899999999996
-0.0645549
1.10353
0.379069
1.26455
-1.10225
-1.4243
-0.5608420000000001
0.0
1.50079
3.67959
0.330952
0.41463900000000004
-0.183342
0.608467
-1.08038
-1.26537
-2.1747799999999997
-1.4976200000000002
0.313436
0.826679
0.510391
0.709916
-0.380961
-0.23096
1.10931
-0.695214
1.68389
-1.15855
0.08655800000000001
-1.64255
-0.911608
-1.47969
2.69592
-2.97911
0.8054100000000001
0.0244742
-1.52221
-1.39916
-0.65371
0.548673
-0.0121195
-0.266795
0.996267
0.733883
1.69913
2.34101
0.0
-0.957327
-0.403669
0.132618
1.2553
0.582879
0.568184
0.608679
0.3684
0.571214
0.11890999999999999
1.0490700000000002
-1.32254
1.30484
0.500228
0.761979
-1.23651
0.705612
2.90651
2.35668
3.07132
-0.5019170000000001
-0.12945
0.0
0.669088
0.558751
0.0
0.36038000000000003
-1.27827
0.7704810000000001
-0.641783
-1.0984
0.0
1.44855
-0.0230041
1.96344
-0.9207049999999999
1.6585599999999998
0.426594
-0.553199
-3.4986
0.386443
0.7413
0.0
0.0
-0.496788
2.56318
0.0
-0.958575
0.659818
0.195981
2.00922
0.18593900000000002
-0.037348900000000004
-2.9445799999999998
-0.223009
2.46735
