0.534818
-0.311956
0.554145
0.451588
0.230963
0.8384659999999999
2.28852
1.94792
2.39799
1.84245
0.7865
2.2280599999999997
2.2280599999999997
2.4297
1.46662
2.10109
1.16802
1.6448200000000002
0.947939
2.1717299999999997
0.970706
1.48861
2.41834
3.03915
2.7871900000000003
2.42118
3.57599
3.15291
3.5345800000000005
3.5345800000000005
2.6351400000000003
2.18866
2.2494099999999997
1.1664
-0.232764
1.3873799999999998
2.47726
1.49088
1.0217399999999999
1.1828100000000001
0.402459
1.60015
2.16335
1.98045
1.60055
2.22336
1.5135100000000001
1.43851
-0.8269040000000001
0.053221300000000006
1.7116200000000001
2.14818
0.839435
1.15534
0.736356
3.0507400000000002
2.64215
2.76499
2.8578799999999998
1.76837
0.844817
2.4405900000000003
1.21072
2.30688
1.53446
0.525824
1.27255
0.30530300000000005
1.16241
0.62972
0.604615
0.377898
0.373711
0.382447
-2.27705
-2.27705
-0.0162435
-1.3441100000000001
0.33064699999999997
-0.12520699999999998
2.42853
0.000668273
1.21672
-0.6571779999999999
0.283609
0.427836
-0.0388934
-0.11341
-0.723406
-0.07217260000000002
-0.13051500000000002
0.765239
1.43179
-0.97355
0.53735
1.47112
2.6675299999999997
2.86846
0.8537049999999999
1.4733100000000001
2.61715
-0.8639190000000001
0.0653431
-1.79266
3.27716
2.7562900000000004
2.8942799999999997
1.9163299999999999
0.309343
-0.47059300000000004
-0.176869
0.0233889
1.72081
0.325185
0.127961
-0.23854
0.8633290000000001
1.35112
1.50457
1.38414
2.32005
2.98108
0.8523069999999999
1.0256
-0.47403900000000004
-0.47063599999999994
-3.2944699999999996
-0.904065
0.24034899999999998
-0.432386
0.964044
-1.37186
0.8682979999999999
0.9992559999999999
0.298257
1.29158
1.55894
1.09917
-0.36955
-1.51712
1.24016
1.59618
2.2747
0.591042
-0.8587379999999999
0.931564
-0.6185189999999999
0.27593
0.9318200000000001
0.0572175
-0.0589841
1.19492
-0.043686800000000005
1.6271799999999998
2.69179
-0.2593
0.75361
1.37245
-0.07598189999999999
1.3657
0.6457729999999999
0.23309899999999997
0.7454189999999999
0.880466
1.8251400000000002
0.8487389999999999
0.639899
-0.8060930000000001
-0.282113
-0.157269
1.41026
1.71748
1.71748
0.863792
0.863792
-0.604272
1.04888
0.9636620000000001
-0.555272
0.208654
-0.177154
-0.30951999999999996
0.952572
-0.0201341
0.555094
0.7503529999999999
-0.126426
0.556291
0.983607
0.466028
0.0450535
3.56346
3.26991
0.906227
-0.687377
1.2839399999999999
0.126772
-0.02926
1.08883
0.9516120000000001
0.23594400000000001
0.801894
0.7797850000000001
1.56402
0.8714280000000001
0.462611
-0.9124639999999999
0.282995
0.9216840000000001
1.3896700000000002
0.015580799999999999
0.128127
0.41835100000000003
2.10605
1.7610400000000002
1.72806
-0.5228649999999999
-0.499021
0.00835048
0.40474699999999997
2.62561
1.68675
1.71243
2.3340400000000003
0.612759
2.71622
2.1069299999999997
0.43368900000000005
-1.12284
-4.31303
0.598425
0.683429
1.60513
0.9754879999999999
-0.017681099999999998
0.928732
1.37839
0.046214099999999994
1.6857099999999998
0.6527390000000001
0.42738699999999996
-0.842794
0.294621
-0.608205
2.55976
1.8848900000000002
1.7569
0.727345
1.2207
2.6449599999999998
0.48936
0.0860169
0.6182850000000001
-3.24363
-1.36192
0.0568086
0.726675
1.59827
0.89179
1.63209
-0.23276999999999998
1.11523
-0.112356
0.146286
-0.42292399999999997
-1.06782
1.59816
1.69177
2.34939
0.0745892
-0.177759
1.3269600000000001
1.04914
0.170192
2.47471
0.42717299999999997
0.969981
1.04398
1.33144
1.33144
-0.209896
1.5974899999999999
2.33777
0.07570360000000001
-2.2951099999999998
-0.09678389999999999
0.382201
1.54685
-0.343953
-0.343953
1.41478
0.5719420000000001
0.200968
1.31869
0.823542
-0.554583
-0.255429
-0.230631
0.745865
0.647207
1.15081
1.98777
0.172749
3.16082
2.66681
3.3172699999999997
2.44932
0.059401800000000005
0.34498
0.6765979999999999
1.12122
-0.430928
1.60091
0.625862
0.8509610000000001
2.1193299999999997
1.3728799999999999
2.03061
1.50565
1.9151
0.881818
1.85802
1.97206
1.16669
0.414675
2.2608099999999998
1.7420799999999999
2.04439
1.98888
1.2072200000000002
2.1189
2.56091
2.6431299999999998
2.87069
0.5566720000000001
-0.42285
0.9386549999999999
0.281476
3.0228200000000003
2.08473
1.9864400000000002
2.16553
2.5399599999999998
2.37724
0.92829
0.9658969999999999
1.0607799999999998
2.7326599999999996
-0.00371576
0.425054
-1.88245
0.32044
0.9167139999999999
1.23069
-0.662385
0.0164781
-0.49603
-0.26573800000000003
0.7112890000000001
0.530291
-0.29376199999999997
-0.26809099999999997
-0.209742
-0.433145
-2.70064
0.838208
0.6452859999999999
-0.0235568
-0.0771374
1.04579
-2.49682
-0.273914
-0.261675
1.6007200000000001
1.39201
1.46343
2.0628599999999997
1.8335700000000001
0.960802
1.22528
1.92203
1.6246
0.736042
2.88123
2.88123
1.7498
1.15696
0.8872459999999999
-0.00050584
0.495321
-1.32876
-2.23169
1.21017
2.33597
2.76327
1.57181
2.26057
1.50491
1.69685
1.16079
1.00868
0.65758
1.70428
0.9829450000000001
1.78605
1.06975
1.29207
0.0249511
0.150119
0.619924
0.351259
3.0625299999999998
0.296673
2.00665
1.9222299999999999
2.07733
2.5093900000000002
-0.0871586
0.09746289999999999
0.159394
0.591224
0.866627
0.694336
0.678108
0.3989
0.367446
0.5278079999999999
0.6490319999999999
1.0225600000000001
1.0225600000000001
1.62716
1.16709
0.8600180000000001
-0.107474
0.9652790000000001
0.845916
0.696328
-0.325417
0.248031
0.901583
0.55821
-0.252354
0.213038
-0.161701
-0.779652
-0.183062
-0.415392
0.374512
0.562249
-1.97933
1.88265
-0.138106
1.92012
0.62403
1.12566
0.618214
-0.15985
2.2326799999999998
1.11905
0.40548
-1.18767
1.07332
0.455002
0.538272
