0.643173
-0.36131199999999997
-0.162306
-0.319824
-0.507084
-1.48837
2.79506
0.756089
-0.567375
1.37401
-1.6975
-0.417764
-0.417764
-0.8134359999999999
1.8715700000000002
0.724912
-0.043240499999999994
1.26775
0.9563719999999999
2.32432
0.841612
0.8596729999999999
-0.166699
1.19288
1.21355
1.6273600000000001
0.7797109999999999
1.46207
1.12484
1.12484
0.263706
0.6400819999999999
0.989295
0.796542
0.633157
-0.0652709
0.0272317
0.46181400000000006
-0.0129232
0.07366439999999999
-1.25978
0.479405
2.73657
1.0572700000000002
1.53681
-0.39015
0.437071
-0.397251
-1.2789700000000002
0.260115
-3.15908
2.26918
1.6684599999999998
3.16865
-0.313578
0.326421
0.45646899999999996
0.103959
0.5785520000000001
-0.0036569000000000003
0.359356
0.291979
0.386312
-1.01719
-2.5634
0.6044729999999999
-0.475583
-0.783764
1.17496
-0.296043
1.7224
-2.2133700000000003
-0.292537
-1.49766
-1.26291
-1.26291
-0.9021549999999999
0.34665300000000004
-0.055711699999999996
-0.695167
-0.618412
-0.8721639999999999
-0.714349
-1.96135
-1.48966
-0.8184520000000001
-2.24392
-0.60897
-2.64663
0.6487189999999999
0.375154
-0.25855
-0.44438
0.222356
-0.884509
-1.61818
-0.631069
-0.300691
-0.188631
-0.628167
-0.256226
-0.524155
-0.929696
-0.574752
-0.70885
-1.3856600000000001
-1.2131299999999998
-2.2862
-2.93282
-1.1164399999999999
0.283087
-0.258656
-1.71155
-0.613699
-0.725721
-0.891202
-0.475836
0.08382310000000001
-1.6790900000000002
-1.31482
1.5861399999999999
1.0104
-5.2281
-0.838917
-1.86873
1.40465
-2.93486
-2.4476299999999998
-0.42773
-1.30844
-0.382892
-0.580973
-2.3968700000000003
0.320439
-1.7129599999999998
-0.09430319999999999
-0.44754399999999994
-2.0683
-2.13781
-1.4161
-1.4072
1.26633
1.98325
0.33291
-0.575403
-0.8228479999999999
-0.705072
-2.79692
-0.485742
-1.16859
0.055731899999999994
-0.8163229999999999
-0.487712
1.48712
-2.66128
0.454007
0.148206
0.9618120000000001
1.50888
-1.14429
-0.55995
0.735538
-1.9234
-1.18947
0.41597700000000004
-1.1393
-0.382731
-2.0137099999999997
-0.455593
-1.3653
0.264901
-0.9033700000000001
-0.9033700000000001
-0.07496900000000001
-0.07496900000000001
0.21115599999999998
-0.8344239999999999
-1.57756
-1.68997
-0.405508
0.00760871
-0.562451
-0.266669
-0.26873600000000003
-0.197296
0.228397
-1.6975200000000001
0.273363
-0.013473500000000001
-0.360838
0.303116
-0.9758190000000001
-0.540071
-0.827068
-0.44428999999999996
-0.29746100000000003
-0.249404
-1.20071
-2.84557
-0.360227
0.783351
-0.34488800000000003
-0.9358850000000001
-0.46778500000000006
0.0964717
-1.6804599999999998
-0.84446
-0.9438780000000001
-1.5796299999999999
-0.302987
-2.4837599999999997
-1.9508
-0.251698
-0.338879
0.222323
-0.575558
-1.72935
-3.18554
-0.399264
0.293682
-2.28721
-0.154636
-0.514299
-1.03339
-0.598386
-0.171378
-1.62406
-1.14314
0.332583
1.0915700000000002
-0.32965900000000004
0.9448989999999999
0.794566
0.331996
-1.34196
-0.640461
-0.513636
-2.2050400000000003
-1.32439
0.726036
-2.0356099999999997
-1.32345
-1.12532
0.783778
0.2185
-1.18487
0.257569
-2.98618
-0.5068090000000001
-0.7462979999999999
0.160885
-2.45879
-1.7093599999999998
0.80709
-1.93835
-0.5217149999999999
-0.41381999999999997
-1.26558
-0.9121790000000001
0.482367
-1.30831
-0.271451
-0.25721900000000003
0.35781599999999997
-0.690717
0.200721
-0.604488
-0.717745
-1.26468
0.08111410000000001
-0.0510892
-0.586982
-0.7749189999999999
-0.710961
1.20411
-0.311908
-1.00969
-0.6716310000000001
1.19818
1.19818
0.049323
0.9882120000000001
-0.49863500000000005
-0.028631200000000002
0.415116
0.269814
-0.168694
0.351596
0.374421
0.374421
-0.641778
-0.711777
-1.60125
-1.1901
-1.83502
3.8528
-0.513504
-0.303856
-1.22771
-0.949313
0.9208860000000001
-1.886
-0.807843
0.782523
0.899658
0.437816
-0.0762867
-0.8438459999999999
-1.0427
0.973043
0.952781
0.415364
-0.311367
0.727983
-0.596604
-0.912826
-0.155331
0.234548
-0.147945
-0.648185
-2.03862
2.97728
0.291143
0.0369291
0.251763
0.8810020000000001
0.9151290000000001
0.08269169999999999
0.0325414
-0.838024
-1.09827
-0.326042
0.758238
-1.05457
-0.702685
4.317880000000001
3.16541
2.84317
2.31142
0.023339500000000003
0.882718
1.85618
0.458642
-0.117895
0.246363
-0.6691239999999999
-0.0412351
-1.48242
-1.0165600000000001
-1.92203
-3.28042
0.7187319999999999
-0.985658
0.0608145
-1.13376
-1.45436
-2.34803
-1.79367
0.0851258
-2.63802
-0.034554900000000006
-0.0247285
-0.716575
-1.4258899999999999
-1.03945
-4.22577
-0.309867
-0.673399
-0.49066800000000005
-0.588318
-2.68095
0.21366300000000002
-0.513879
-0.17566500000000002
0.359673
-0.581832
0.139346
-0.741306
-0.693342
-1.5650899999999999
0.391923
0.555556
1.33956
0.197019
0.197019
-0.397523
-0.8613790000000001
-1.53693
-0.289667
-1.97843
-1.12527
-0.0907402
-0.453456
-0.18675999999999998
-1.35077
0.973405
1.66983
0.331411
-1.23486
0.105308
0.189249
-0.130671
-0.251275
0.015425999999999999
-1.0104899999999999
0.163222
-0.51018
0.399555
-0.751024
-0.6223569999999999
-0.397201
-1.26011
-0.770041
-1.12313
-0.546908
-1.30284
1.96243
-1.01939
0.601046
0.0508532
-0.6687109999999999
-0.00627261
-0.524683
-1.02334
-0.45673400000000003
-1.03654
-0.195928
-0.913357
-0.274308
-0.274308
0.41782700000000006
-0.71244
-0.973841
-1.80361
-0.569066
-0.8426969999999999
0.339965
-1.09655
-1.1228799999999999
-0.36709200000000003
-0.418174
-4.9686
0.0695723
-0.788142
-0.66378
-1.77642
-0.825829
-2.9825
0.147652
-1.27179
1.62457
-2.23722
0.199521
-0.48164799999999997
-0.687086
-1.46686
0.514335
-3.2823
-0.5220520000000001
-2.99791
-1.07256
-0.502365
-0.0326614
-1.91088
