0.8480110000000001
0.160572
-0.452021
1.23421
3.32939
2.43293
0.289682
0.41998599999999997
1.35033
0.9764940000000001
1.4412399999999999
1.03282
1.14751
0.785281
0.154523
4.55509
1.9446599999999998
-0.330854
1.29207
1.63244
0.679549
2.96148
-0.38714
0.746125
0.565488
4.10037
1.6271200000000001
-0.124581
0.9366120000000001
1.14218
0.514637
2.33773
2.8521099999999997
2.19106
1.07515
4.4181099999999995
-0.135168
0.8995770000000001
1.34099
0.567491
-0.144322
1.9377799999999998
-1.36401
0.017321
1.63263
1.43624
1.41739
0.24877800000000003
2.28507
-0.03701
2.65504
0.422058
1.05546
0.20545500000000003
0.416055
0.700717
1.66887
1.07346
2.2499599999999997
0.215906
0.142316
0.8310700000000001
0.5672149999999999
2.81082
0.408416
0.37760900000000003
1.70733
0.382033
0.33371300000000004
0.230143
1.32284
0.357658
3.07151
0.720753
3.46682
1.5226600000000001
3.5910300000000004
4.36091
-1.05847
4.2619
4.33023
2.0399
1.43927
-0.355315
0.62141
-0.302138
0.784291
0.9648100000000001
1.25977
0.300415
0.460188
0.532659
1.69452
2.95396
3.71276
-0.528386
0.7233539999999999
0.5259510000000001
1.03129
2.63803
0.497942
2.65272
3.06737
0.34324499999999997
1.07952
0.8617819999999999
0.279913
3.2473
0.43198800000000004
0.769696
1.47729
0.241509
-0.024243200000000003
1.9421
1.47733
1.9972400000000001
1.9337400000000002
-0.0680862
0.127644
0.22628
2.2056400000000003
1.22464
1.74197
1.14405
1.41741
1.21881
1.82256
4.429209999999999
3.2802
1.60575
4.2102699999999995
-0.137444
2.7541900000000004
-0.577814
-0.405497
1.30219
1.24407
1.23063
1.41962
-0.0779005
-0.479783
2.5223299999999997
-0.070965
1.97629
1.92156
2.9114299999999997
-2.0135099999999997
0.560912
3.02083
4.12368
0.0506724
0.414882
-2.01445
0.6892689999999999
1.50066
3.00877
0.018500799999999998
3.37149
0.010223000000000001
4.09068
-1.52739
2.50149
3.97005
1.4270100000000001
-0.668377
0.43601999999999996
3.9286199999999996
1.24474
1.85913
2.91355
-2.12446
0.34321599999999997
-1.39437
1.59094
2.21129
3.23183
-0.197178
3.97019
-0.688958
0.507781
3.1010000000000004
0.535225
3.12715
3.46949
-2.31118
1.07375
0.574531
0.736905
0.574653
1.29778
-2.23723
2.716
1.1127
-1.7376099999999999
4.1250800000000005
1.2641799999999999
-0.203707
-0.512249
-1.08595
2.62332
0.366773
3.05269
3.32375
1.6532099999999998
2.16668
3.76145
3.85005
2.24744
0.47575200000000006
1.45234
3.8914800000000005
3.5269699999999995
0.20706799999999997
-0.257133
3.61194
0.68021
3.00152
-1.59515
-0.8217450000000001
0.661391
-0.545478
3.5333099999999997
-0.804649
2.73073
2.60038
3.50535
-0.09257649999999999
0.8809170000000001
-2.42348
0.07207469999999999
-0.0376081
3.3837300000000003
-1.12115
0.829254
1.19785
4.9435
-0.639523
-2.19043
-0.0114373
1.03121
-3.4271199999999995
0.9186139999999999
3.3885199999999998
3.69066
-0.23523200000000002
-0.68867
2.77248
2.6611
0.202526
-0.11846500000000001
0.23056999999999997
3.66966
2.69434
0.599526
1.32934
3.22627
3.6610300000000002
0.08443139999999999
-0.396874
3.01836
2.1989799999999997
3.67516
4.51053
2.6191299999999997
2.5986700000000003
-2.0472900000000003
0.389404
0.48378000000000004
-4.070130000000001
1.30835
1.01749
-1.5483799999999999
0.667734
2.60545
3.86493
2.19853
-1.4271200000000002
-0.722467
3.14797
0.026456200000000003
0.0951805
0.251449
0.554376
0.542612
-0.35475300000000004
0.907867
-1.33914
-2.30251
-1.99795
-0.758415
-1.5086
-0.667971
-2.3807
-0.329413
0.030594999999999997
0.28480700000000003
-1.22443
0.600363
-2.19375
0.9921559999999999
-0.294324
0.0
-3.77244
0.0
-0.640299
-1.08703
-2.19889
0.09036369999999999
-0.44247299999999995
-0.734962
-0.268115
-0.961058
0.0
0.9692709999999999
0.92625
-1.02039
1.30043
0.714374
-0.681492
0.0
-0.33074000000000003
0.211694
0.716094
0.18516300000000002
-1.2848600000000001
-1.06265
-0.807268
0.36555
0.8745069999999999
-0.989933
-0.47948
0.48931199999999997
-0.712715
-1.3284799999999999
0.0
0.813934
-3.32156
-1.99564
-0.0451667
-1.31177
-1.2675299999999998
0.787095
0.591853
-0.26724699999999996
0.169534
-0.716408
0.661726
0.14344300000000001
-3.8692
-2.95208
1.69051
0.7887569999999999
-0.9102020000000001
-0.5228010000000001
-0.0783685
-0.590975
0.0
-0.21338200000000002
0.56113
-3.64658
-1.14873
-0.263038
-0.22249499999999997
1.2525600000000001
-0.549143
-0.167909
0.9751059999999999
-0.131829
1.1170200000000001
-1.17892
-0.356658
0.17518
1.2598200000000002
-1.7189900000000002
-1.28057
-1.49996
-1.3227799999999998
0.1184
-3.40195
-2.25537
-0.6218239999999999
-0.18086300000000002
-0.582978
-1.8096599999999998
0.308064
-1.4420600000000001
-0.8865649999999999
0.0318301
0.25837
-2.00481
-0.567233
-1.2827
0.525018
-1.40523
0.23032399999999997
0.769791
-0.08972480000000001
0.21484899999999998
0.0
-0.0985086
0.43419399999999997
-0.608412
-0.296111
0.297087
0.153725
0.0
0.665365
-0.69601
-2.26277
0.897547
-0.07540939999999999
0.898755
-0.8377829999999999
-0.8472200000000001
0.21646500000000002
-1.52731
-1.30113
-3.46357
0.0
-2.29299
-3.90305
-0.165824
0.0
-0.178286
1.18836
0.22724
0.569322
-2.23124
-0.102246
-0.201999
1.21583
0.6794399999999999
-1.1549
-0.048725599999999994
-1.02938
0.612333
0.963505
0.9408049999999999
-0.0533236
0.0
-0.531459
-1.08247
0.250845
-0.559673
0.516942
0.9977969999999999
-2.76278
-1.67872
0.8791049999999999
0.857943
0.08208389999999999
0.552995
-0.08798610000000001
0.338487
-0.523131
-2.2457
-0.0551513
0.060419799999999996
-1.34896
0.0
0.213029
-0.00436075
-1.6369
-3.86239
-0.17821199999999998
-2.29812
0.512011
-3.54472
-1.64061
-1.85696
-0.460343
-3.96277
-1.65365
-0.397442
0.352402
0.124446
0.205109
-0.66409
0.7447779999999999
1.18095
-0.434913
-1.6937900000000001
0.395608
-0.105834
-0.0813893
-3.59461
0.106626
-1.44899
0.166393
1.11212
-0.39815100000000003
0.317558
-0.6039329999999999
-0.16787
1.0203200000000001
0.022939400000000002
-0.733436
-0.238983
0.220243
0.00385538
0.169547
0.34937399999999996
0.0
-1.8322599999999998
0.212445
-2.66818
1.0990799999999998
-0.0367053
-0.029898599999999997
-2.30273
0.293335
0.829515
-4.0635900000000005
0.915032
0.39902600000000005
0.413153
0.00769831
-0.393273
-0.218656
0.483142
-0.28462800000000005
-0.544823
1.2548700000000002
-1.1104
0.9455879999999999
-0.09040980000000001
-0.274353
0.7529520000000001
1.29129
0.0677307
-2.25604
0.0
0.768695
0.308203
-0.11838800000000001
0.8429209999999999
0.266148
0.37428
0.0
0.816787
0.38300500000000004
0.0711387
-0.12598900000000002
1.20945
1.49946
-0.924459
-0.483175
-0.0661241
-2.9757599999999997
-1.6790599999999998
-0.4006
-1.09148
-3.3903199999999996
-0.368722
-0.04913119999999999
-0.45665
-1.11032
0.536401
-1.10281
0.0
-0.8591469999999999
0.323684
-1.20828
-2.20138
-1.53797
-1.12697
0.0
2.4605900000000003
-0.493302
-0.68939
0.0
0.100609
0.0919339
0.851914
-3.9439599999999997
-0.373771
0.0406504
0.00227399
-0.741505
1.30715
0.0945425
-0.25154899999999997
0.33639600000000003
-0.327301
-0.38829400000000003
-0.5078199999999999
0.11616099999999999
0.5151600000000001
0.296746
-0.253973
-0.280817
0.695389
0.42776099999999995
-1.7489299999999999
0.611125
0.380938
-0.08831230000000001
0.149677
0.743642
0.947192
-0.727925
0.7851060000000001
0.46851099999999996
-0.750379
0.526891
-0.42782700000000007
0.395894
-0.125826
-0.871109
-0.475208
0.47326999999999997
-0.254679
-3.1907
0.05714640000000001
-1.7281400000000002
-1.8627200000000002
-0.273602
0.0176427
-0.060777099999999994
-0.243763
0.6883239999999999
0.7216670000000001
0.31308600000000003
-0.26185
-3.0224900000000003
0.0
-3.45192
0.14388499999999999
-0.0135145
-0.272999
-1.32625
0.0
-4.36667
-3.78314
1.18222
1.16811
-0.5557840000000001
1.0296
-2.38787
0.482588
0.17778
-3.39632
-0.0101111
-1.7345400000000002
-0.589983
0.61574
-0.0547923
0.24866
0.0
-0.5469
-0.227846
-0.8900290000000001
-0.099638
-0.798666
-0.168536
-0.6256550000000001
-1.55884
-0.294831
-1.2083
0.44951499999999994
0.694955
-0.111793
0.6907300000000001
-1.26722
0.0866892
-0.853405
-3.93223
0.890719
0.00490454
-0.472851
0.720815
-0.39818200000000004
0.7474689999999999
0.39055100000000004
-0.0971202
-0.812457
0.0
-1.1373
0.834391
0.328137
0.317392
-1.40191
-0.286536
0.8790819999999999
-1.7966400000000002
-4.1184
-0.225559
0.0
-0.8662860000000001
0.111877
-2.07881
-0.749495
-0.17777
-0.358421
0.383894
-0.814804
0.180816
-1.29808
-0.24176
-1.02146
0.23702800000000002
-0.0694586
-0.24550300000000003
0.304732
0.49588000000000004
-0.7096100000000001
-1.32874
1.07502
-1.5384799999999998
0.659625
-1.44336
-2.89883
-0.26866599999999996
0.6457729999999999
1.2291
-0.29828000000000005
-0.6640510000000001
-0.394079
0.0
0.43892600000000004
0.865088
0.560429
-0.43073599999999995
0.619966
-0.5921069999999999
-0.213137
-0.429791
0.138281
-1.56398
-0.695026
-0.804729
0.241015
-0.149805
0.377738
-0.432716
-0.950047
0.107742
-0.0990273
-3.69277
-0.9922770000000001
1.02948
0.5450229999999999
-4.0219
0.267957
0.9214899999999999
0.141513
0.12054200000000001
-0.048001199999999994
0.5247029999999999
0.0
-0.324293
1.1839
0.298592
-0.24798699999999999
-0.9626959999999999
2.1821
-0.439852
1.06093
1.47116
-3.04941
0.368771
0.115603
-0.585649
0.138312
0.0
0.141263
-0.7516079999999999
-0.746973
-0.28475300000000003
-1.06403
0.226731
-0.785719
-0.027136
-2.5394200000000002
0.187888
1.44613
1.01765
0.951297
-0.00497644
0.321735
-1.2805
-2.85545
0.9751139999999999
0.0
-0.0656842
-0.052185800000000004
-3.5871199999999996
-0.93379
-0.49054
0.0931077
0.342638
-0.927182
-1.22291
0.269059
0.351522
-0.153408
0.582966
0.67781
0.567522
-0.028944599999999997
0.9465520000000001
-4.1971
-0.641058
-0.355876
-0.907982
1.08039
0.6481979999999999
0.0
0.551554
0.151834
-0.44290100000000004
0.875411
-0.08191960000000001
0.159805
0.351472
0.0
0.0
0.548044
0.042776800000000004
0.0433861
-0.34842
-0.689327
-0.0452979
-0.676596
0.614128
0.410372
0.0
-0.066097
-0.9293
-0.15420799999999998
-2.25901
-4.08275
0.5523020000000001
0.233303
-0.626229
-1.59055
0.28097
0.0242043
-0.029318599999999997
-0.38052199999999997
-1.66005
0.656798
0.569706
-0.6539699999999999
-0.0550241
-0.446528
-0.48937700000000006
-0.177494
0.17305
0.44582299999999997
0.815292
0.11062899999999999
0.0903128
0.07381230000000001
0.181673
0.165724
-0.248815
-1.07525
-1.7823099999999998
0.984261
1.0115100000000001
-4.1179
-1.06146
-1.32476
0.145465
0.11098599999999999
-0.194768
-1.1057299999999999
1.47549
0.205048
0.0060411
-3.73645
-1.71839
1.15927
-1.00634
-0.517159
0.8999090000000001
-0.122894
-0.920955
1.9431200000000002
-0.936465
-0.025856900000000002
0.309399
-0.231571
-0.17741800000000002
-0.0405772
-0.534486
0.11536500000000001
-0.16661800000000002
0.164798
0.156113
0.07133919999999999
-0.156432
-3.94651
-0.302762
-0.20314300000000002
-0.31012199999999995
-0.00940236
-1.20595
0.575865
0.0
-0.474401
-0.553187
0.167973
-0.380394
0.174153
-0.22593400000000002
0.41098500000000004
0.23159699999999997
1.28277
0.6298060000000001
-1.6664299999999999
0.00540424
-0.850981
1.78342
-0.6302800000000001
0.023971400000000004
0.0176653
-2.0191
0.129174
-0.401825
0.819725
0.8815930000000001
0.0
-3.4729
-1.42696
0.0
-1.42983
0.210326
-0.115627
-1.1059
0.521015
0.0
-2.39834
0.442217
-0.525989
0.278117
0.546563
-0.0750538
-1.6356700000000002
-0.302196
-0.197499
-0.25038
0.0
0.0
0.6691729999999999
-2.64185
0.0
0.35336999999999996
-1.22466
-1.08466
-0.00863594
0.751925
-0.8799309999999999
1.42862
0.288054
-1.59523
