-2.22211
2.95234
3.4063
3.6114699999999997
4.605119999999999
-1.86398
0.14618299999999998
0.23327699999999998
0.265377
-0.9927219999999999
-1.14729
3.63902
3.63902
3.58356
-3.2121299999999997
1.84228
-0.672179
-1.93877
0.136399
-0.628257
-1.0724200000000002
1.0853899999999999
3.56564
4.57736
3.6781800000000002
4.01966
4.07239
3.51608
3.28799
3.28799
3.6501
2.0274900000000002
1.18503
-3.1252
-3.39374
0.43476099999999995
1.47745
2.16356
1.94045
-2.63694
-0.641645
-1.13622
-0.953192
2.74282
3.4413
0.6929810000000001
-0.125251
4.646809999999999
-0.376056
4.74503
-1.8306200000000001
8.30884
3.49936
2.9759700000000002
-1.33372
3.36055
2.83017
2.65167
1.77729
-0.396861
1.9738799999999999
2.7612900000000002
-1.3874799999999998
-0.5890380000000001
-0.389642
-1.34534
-0.201888
-0.949342
0.957758
1.99079
2.87239
-1.3296299999999999
-1.40307
-1.2555399999999999
3.66552
3.66552
-0.52162
-3.89848
-0.6571359999999999
-3.36352
3.07125
4.3324300000000004
5.3265199999999995
1.65717
-3.08212
0.25681
2.86441
1.5611700000000002
-5.41286
-0.5315439999999999
-2.3346400000000003
2.51455
1.6478400000000002
1.34959
-0.27739
-0.564028
1.83618
-0.72078
-0.460872
3.8210800000000003
-0.323682
-0.761352
-3.98041
2.22086
-0.7479359999999999
1.50914
0.754432
1.09483
-1.22127
0.0
1.0471
-3.83779
-2.30405
-4.9792
-0.314144
-1.8677700000000002
-3.94038
-0.196324
2.91608
3.21156
2.63163
2.94244
-0.06761879999999999
-0.997444
0.700719
1.26181
0.0
-1.7228599999999998
1.99532
-1.5670899999999999
-1.78279
-0.331685
-3.22328
-0.348246
2.50665
0.27474
1.4203700000000001
2.6928400000000003
1.85572
0.464898
-0.836397
5.16315
4.27122
0.230673
2.8545599999999998
2.79873
0.0
-2.12871
4.21455
0.639018
3.7526599999999997
2.6379599999999996
2.32599
5.19311
4.25936
0.0720046
0.9958889999999999
3.90708
4.863090000000001
1.85055
2.82614
-2.09239
-2.20139
-1.55818
-2.43055
-0.44720299999999996
-5.16898
2.11829
3.02088
2.9600299999999997
2.33201
3.9706099999999998
3.9706099999999998
7.6351
7.6351
4.14654
-0.18671400000000002
0.0364206
-3.57784
-1.0642399999999999
-1.5624
-0.766187
-1.60565
-5.15081
-2.1735900000000004
-0.902524
0.20277799999999999
-2.0319599999999998
-5.1521099999999995
-1.6856
-3.01025
3.50481
5.1188400000000005
1.9162
1.58174
0.396419
-1.81692
-0.628574
2.83679
3.5903300000000002
-1.58665
-0.14480099999999999
-1.3680700000000001
0.371686
1.20824
3.5938
0.0272389
1.9303599999999999
-0.590154
-0.260733
0.196956
-1.30526
-1.19991
1.33905
-0.646134
-4.2185
-2.2089
-0.752171
-1.27416
-2.37907
3.3127800000000005
0.426447
0.5797329999999999
-0.22589099999999998
-3.03369
1.04185
1.0212700000000001
-1.91018
-5.33718
0.0
-0.509981
-1.4838200000000001
0.728838
2.6790700000000003
-0.9946969999999999
-1.30895
-1.06208
0.9384870000000001
0.22128699999999998
1.11352
-3.78055
-0.322719
2.93071
2.17442
2.50664
0.725504
-0.26700100000000004
0.25146199999999996
-0.8869540000000001
-0.712476
0.484084
-5.52805
-0.568477
-2.92224
0.0
2.6777599999999997
0.456204
-0.062060199999999996
0.31121
-0.843081
-1.19439
-0.681724
0.191724
-0.79185
-5.5447
-0.8248190000000001
-0.367181
0.7512800000000001
0.335319
-1.62744
-0.565725
2.25318
-1.50791
-1.83213
3.0001900000000004
-2.10805
0.620089
1.16003
2.2953799999999998
2.2953799999999998
0.761587
-2.72595
-0.500061
2.6221900000000002
3.09476
0.569979
1.65366
-5.07672
1.21139
1.21139
-4.22466
-2.50799
-2.85743
-4.11846
-2.64665
-3.83695
-4.10808
-1.48258
0.730467
4.71163
-0.527868
1.05095
-1.1339
2.97562
3.3597599999999996
3.73141
3.92392
-1.9058
4.20139
0.53079
0.20850700000000003
0.341248
1.04574
-2.20591
1.39541
-0.826903
-0.406895
3.8230800000000005
1.7405400000000002
-0.295993
0.1632
3.835
-2.9792099999999997
0.85725
0.390318
0.8458129999999999
1.6964099999999998
-1.28639
-0.312979
-3.2844599999999997
-3.3124
-0.44915299999999997
-0.355537
0.301046
-1.2250299999999998
2.12101
3.32447
2.73977
0.377893
0.21106599999999998
-0.250436
0.39303299999999997
2.17751
2.48904
2.33269
-1.69222
-2.6158900000000003
1.08844
-2.22686
-0.9773629999999999
-1.44276
-1.0760399999999999
-1.2398200000000001
-3.00914
1.1798
1.7880099999999999
-2.61001
-4.7966
-1.9339099999999998
-0.055716499999999995
-4.92018
-4.85864
-2.2126200000000003
-2.22726
-3.05592
2.93598
2.20649
-2.6367599999999998
-0.82388
0.0
-1.81401
-1.8810099999999998
-0.853181
1.26639
1.58715
1.16981
1.64973
1.69935
0.427968
-0.9523440000000001
2.5924099999999997
3.4937099999999996
4.05644
4.0235199999999995
4.0235199999999995
4.4764800000000005
2.1101099999999997
2.6995299999999998
-1.8959700000000002
-2.73241
0.8528399999999999
1.02354
-0.615627
-0.5398729999999999
2.8912400000000003
2.16302
3.38484
-0.685655
-2.45044
0.383764
-0.570257
2.78198
2.95572
3.93097
-0.28035
-1.36314
-0.200679
-2.68852
-1.2407
-2.2906400000000002
0.199442
-1.8427900000000002
0.949365
-3.33134
-1.8498599999999998
-1.1164
-0.0504944
-1.04891
-1.5122
1.75122
1.37944
0.658432
-1.49092
-2.06276
-2.11947
-0.673014
1.6632099999999999
1.34077
1.0642200000000002
1.0642200000000002
0.509288
-1.30984
0.258781
-0.9737040000000001
-0.752073
3.79483
0.12157799999999999
0.9397989999999999
-5.00143
-2.5289200000000003
-3.07307
-0.836219
-0.298464
0.298207
0.604853
-1.21502
0.41728000000000004
-0.692058
-2.8912299999999997
-3.53634
-3.75221
-1.80086
-0.8470639999999999
0.0122735
-1.6214600000000001
1.2423899999999999
-3.01238
0.65176
0.337465
0.9174540000000001
-2.76862
-0.251177
-1.8344799999999999
1.10511
