-0.408233
0.688079
-0.666435
0.947451
3.0506599999999997
1.50825
-0.024828700000000002
-0.573699
0.172879
-0.7661789999999999
2.69825
0.904537
-0.149551
0.364607
-1.18984
3.3607
0.500574
-1.44345
-1.19967
-1.20316
0.0529054
-0.0052393
-1.39462
1.4556799999999999
-0.5752
4.9130400000000005
2.71009
0.8433809999999999
0.127661
0.7503920000000001
-0.401199
0.0191267
0.638608
1.39935
0.46367299999999995
5.19575
-0.10298099999999999
-0.29922
0.83835
0.060012800000000005
-0.586911
0.6511
-1.46838
0.036073900000000006
0.250367
0.456059
0.31551
-0.0313116
2.91843
-0.8816299999999999
2.65272
0.340065
0.113845
-0.571431
-0.785062
-0.305349
2.33658
-0.247495
2.97376
-0.527844
-0.765308
-0.5747180000000001
-0.22810300000000003
3.4561599999999997
-0.15628699999999998
-0.135459
-0.892861
0.509544
-0.449641
-0.969239
-0.217421
-0.478786
3.5062800000000003
0.384173
5.6339
1.7438099999999999
4.55976
4.70204
-1.19442
3.6521800000000004
6.14605
-0.271584
4.37588
-0.8828299999999999
-0.291653
3.3662300000000003
-0.702685
1.0514
0.44184300000000004
0.559053
0.6819609999999999
-0.616161
2.1455
3.8950099999999996
4.6918
2.50481
-0.431716
1.23874
-0.9860459999999999
3.15995
0.902425
2.9489099999999997
2.6286099999999997
-0.5192260000000001
1.52775
-0.574802
1.3046
3.88366
-0.42963999999999997
-0.62279
3.08829
-0.201816
2.22923
1.08229
-0.749931
1.2682200000000001
0.748811
-0.626659
-0.42241300000000004
1.68419
2.62593
-0.33009299999999997
0.373285
0.7424270000000001
0.678454
1.26725
0.48170799999999997
6.76665
4.30002
2.43827
5.49621
-0.187942
2.03971
-0.134684
-0.581132
0.446474
-0.09385800000000001
0.0360778
3.95526
-0.467129
0.339902
1.4818
0.360736
3.14059
2.56277
3.7390800000000004
-2.48032
0.356598
4.379980000000001
4.55595
-1.12858
-0.28034000000000003
-2.3321400000000003
0.9874069999999999
0.393994
3.83506
-0.184614
5.2554099999999995
-1.86346
5.6365300000000005
-2.63315
3.63774
5.095619999999999
3.73576
-0.9077129999999999
-0.442788
5.52655
4.13353
2.20605
3.91523
-0.43644700000000003
-0.20283900000000002
-1.8607099999999999
2.3113900000000003
3.44716
3.18968
-1.4006299999999998
6.6528
-0.6975020000000001
-1.23401
4.472659999999999
0.23154899999999998
3.3546400000000003
3.46354
-2.5964
3.9402199999999996
-0.48574799999999996
1.04795
2.16535
1.81112
-1.98525
4.10156
-0.527618
-0.9726950000000001
5.017580000000001
1.19713
-1.1018
-1.86445
-4.00091
3.9276400000000002
-0.752128
3.96754
1.92065
3.71865
4.03334
4.25577
5.296119999999999
3.54239
2.97107
0.27252
4.73019
2.59686
-0.601929
-0.500085
4.16265
-0.467459
4.46012
-0.42813999999999997
-1.8719599999999998
4.2106900000000005
-0.8892049999999999
4.57029
-0.00732174
3.3602300000000005
2.04875
5.76738
-0.011220299999999999
1.19345
-2.08385
-0.213153
-1.2670700000000001
4.65531
-1.09348
0.41046499999999997
0.402883
5.72181
-1.49853
-2.0257099999999997
-1.6367
0.11486199999999999
-2.59858
4.05931
3.6825900000000003
5.13868
-0.9301520000000001
-0.983533
3.78743
2.0862
-0.375465
-0.44454799999999994
-0.160855
4.6672400000000005
1.01326
1.2922200000000001
0.170585
3.77661
3.7949300000000004
-0.7449939999999999
-0.8205959999999999
2.01467
4.56827
4.7794
6.06933
4.76122
3.75754
-0.6567970000000001
-0.398519
0.461214
-2.63326
0.782356
3.09006
-1.61466
0.268129
2.65465
6.00176
3.99272
-0.779578
-1.1506
5.1873
-0.46420100000000003
-0.317134
-0.326706
-0.0564238
-0.0317987
-0.379077
-0.59731
-1.2156
-2.62007
-3.5743699999999996
-1.41
-2.14595
-0.29085
-1.38465
-0.462875
-1.1528399999999999
0.191377
-1.3141399999999999
-0.389897
-0.515904
0.17693699999999998
-0.996265
0.0
-4.09468
0.0
-0.8814280000000001
-1.25376
-0.968583
-0.398873
-0.8618020000000001
-1.2733
-0.379777
-2.07825
0.0
-0.196688
0.14040899999999998
-1.03165
-0.026682499999999998
-0.710824
-1.17204
0.0
-1.04649
-0.650374
-0.412013
-0.23010799999999998
-1.5538
-1.38066
-1.0586799999999998
-0.315737
-0.39210300000000003
-0.776992
-0.886034
0.06869199999999999
-1.10279
-0.49855299999999997
0.0
-0.0229637
-1.92603
-2.08645
-0.5523710000000001
-1.49745
-0.725899
-0.522255
-0.962353
0.327779
-0.0171305
-1.3025200000000001
0.050120300000000007
-1.13026
-3.39005
-3.20805
-0.22720700000000002
-1.33671
-0.942766
-0.66547
-0.754235
-1.3592899999999999
0.0
-1.74807
-0.471341
-3.4329400000000003
-1.85808
-0.726824
-0.75557
-0.411624
-1.7397200000000002
-1.8379299999999998
-0.844758
-1.08797
0.442499
-1.44555
-0.843397
-0.490983
0.395073
-1.8064900000000002
-2.12067
-0.38304499999999997
-0.926901
-1.16169
-3.24622
-1.50658
-1.1790100000000001
-0.48139
-0.6369239999999999
-1.54912
-0.18707100000000002
-0.553179
-0.0964118
-0.435084
0.450291
-3.79596
-1.60586
-0.41534
0.522552
-2.46198
0.158059
1.33441
-0.753844
-1.15673
0.0
-1.26404
-0.200976
-1.1617600000000001
-2.44298
-0.198161
-1.37881
0.0
0.0048937
-1.28017
-2.72682
0.22705
-0.719432
-0.17363299999999998
-0.333149
-1.18713
-0.931841
-1.84528
-2.47162
-3.9399900000000003
0.0
-2.27263
-0.72858
-1.58786
0.0
-0.911326
2.49551
-1.9232200000000002
-1.26567
-0.374415
-0.0353367
-1.50393
0.0760173
0.102585
-2.0888
-0.308219
-1.27452
-0.012878299999999999
0.282913
-0.425911
-1.15945
0.0
-0.324342
-1.9406599999999998
-0.255778
-0.00552646
-0.35549899999999995
0.06600510000000001
-3.25654
-2.49937
-0.858323
-0.554616
-0.359009
0.164643
-1.12137
-1.10457
-0.6173850000000001
-2.88816
-0.39958299999999997
1.12391
-1.20536
0.0
-0.760646
-0.693393
-1.59881
-3.60396
0.05124
-0.538497
-0.513721
-3.93931
-1.79355
-1.284
-0.764602
-2.40573
-1.84034
-0.423044
-0.46345200000000003
-0.700732
-0.607737
-1.44964
-0.501009
0.23978899999999997
-0.325756
-2.93665
-0.6857979999999999
-0.647656
-1.68888
-3.6397
-0.705784
-0.953942
-0.821267
-0.00171666
-0.330252
0.10428
-1.21969
-0.8905290000000001
0.111108
-0.8239479999999999
-1.23674
-0.892375
0.117699
-0.1264
-1.38285
0.0038138000000000004
0.0
-1.22507
-0.90902
-3.09978
0.323525
-1.20793
-0.97493
-2.41426
-0.344173
-0.38982
-4.04089
-0.462966
-1.196
-1.60146
-0.20593899999999998
-0.404279
-0.575074
0.032849699999999996
-1.76892
-0.22713000000000003
0.275909
0.09163099999999999
-0.039110400000000003
-0.282136
0.239331
-0.993265
-0.102283
-0.740795
-2.28956
0.0
-0.22286
-0.19378399999999998
-0.25216700000000003
-0.180327
-0.126274
-0.676388
0.0
-0.44721400000000006
1.84618
-0.923551
-1.03148
-0.971556
-0.675994
-1.6698099999999998
-0.38945
-1.08483
-2.9543
-0.147373
-0.922897
-1.47135
-4.39444
-1.27021
-0.83321
0.264024
-1.75394
-0.11871300000000001
-0.537887
0.0
-1.44731
-0.848275
-1.5917
-0.532507
-1.4361
-1.74692
0.0
1.51112
-0.24461
-0.21986399999999998
0.0
-0.992941
-0.36738899999999997
-0.8215950000000001
-4.30941
-0.8900520000000001
-0.78055
-1.32244
-2.29719
-0.15540299999999999
-0.22586399999999998
-1.08009
-0.6463869999999999
-0.490709
-1.02039
-0.351517
-0.6329
-0.273394
0.362587
-1.62186
-0.775921
0.294491
-0.35281999999999997
-0.777778
-0.813193
-0.29575100000000004
-0.668191
0.184576
-0.315639
-0.0528008
-0.5159090000000001
0.687801
-0.336892
-0.07008860000000001
-1.0722
-1.0875700000000001
-0.0926346
0.10718399999999999
-1.60964
-0.810251
-0.933925
-3.9115599999999997
-3.58585
-0.575074
-2.18223
-0.6554260000000001
-0.705208
-1.5608799999999998
-0.525058
0.0705118
0.8880819999999999
0.0384009
-0.08305130000000001
-1.48367
-3.74115
0.0
-3.82542
0.059587
-1.4241700000000002
-0.8280649999999999
-0.793665
0.0
-3.54095
-3.7692300000000003
-0.11424400000000001
-1.13646
-0.45433999999999997
0.626352
-2.16173
-0.35261
-0.113139
-4.25775
-0.25608600000000004
-2.82605
-0.0482899
0.0608651
-0.273704
-0.81111
0.0
-0.996821
-0.7422949999999999
-1.03024
-1.41567
-0.8646290000000001
-0.26310900000000004
-0.826421
-2.21758
-0.523117
-1.36998
0.100013
-0.551858
-0.530612
0.00509018
-0.588175
-0.708383
-0.23974299999999998
-3.9902599999999997
0.570973
-0.31690799999999997
-1.20439
-0.922645
-0.9773350000000001
-0.00694789
-1.47202
-0.728073
-0.8701620000000001
0.0
-1.28086
0.7276560000000001
-0.318227
0.0439174
-1.3852799999999998
-1.40731
-0.189412
-1.09152
-3.65676
-0.379874
0.0
-0.37752199999999997
-0.825767
-1.9580000000000002
-2.0543
-0.46220600000000006
-0.6589229999999999
-1.88667
-1.20926
0.237697
-2.46368
-0.310256
-1.58054
-0.0829052
-0.359921
-1.26331
-0.482706
-1.10479
-0.32254
-0.8536159999999999
-0.357813
-2.36311
-0.14083800000000002
-2.04445
-3.11658
-0.365481
-0.383669
-0.946574
0.150831
-0.153031
-0.909343
0.0
0.43231800000000004
-0.668512
-1.24186
-0.9204629999999999
-0.672331
-0.8792780000000001
-1.10905
-0.754013
-1.44607
-1.58397
-1.4128100000000001
-0.255956
-0.11851600000000001
-1.3519
-0.475325
-0.8180529999999999
-0.7328560000000001
-0.548524
-1.29416
-4.2683800000000005
-1.6408900000000002
-0.424208
-1.69003
-3.78031
-0.851173
-0.8653120000000001
-0.947517
-0.13560999999999998
-0.37854499999999996
-0.196819
0.0
-0.31295
-0.17791500000000002
0.28930100000000003
-0.7159949999999999
-0.967572
-0.705683
0.0479249
-0.30433699999999997
0.970317
-2.77903
0.50872
-0.49418
-1.48834
-1.12591
0.0
-0.65655
-0.679419
0.11151300000000001
-1.12285
-3.6732199999999997
-0.819665
0.140148
0.159676
-2.22134
-0.49641199999999996
0.09612589999999999
0.259664
-0.699806
-1.28177
-1.03051
-2.1691
-2.44516
0.342058
0.0
-1.8094299999999999
-0.205026
-4.1946
-2.8428
-1.13572
0.338355
-0.403017
-1.46308
-1.03576
-0.607418
-1.06059
-1.97728
-0.832577
-0.16686600000000001
-1.30598
-0.743059
1.0317100000000001
-3.43957
-1.47069
-0.13355999999999998
-0.7344689999999999
-0.146781
-0.879125
0.0
-0.7043159999999999
-0.810282
-0.158707
-0.0222614
-0.6789189999999999
0.592793
-1.29587
0.0
0.0
-0.45280600000000004
-1.38573
-0.239988
-0.8785870000000001
-0.818481
-2.04019
-0.309584
-0.973175
-0.76245
0.0
-1.43087
-1.53931
-1.0383799999999999
-1.78367
-4.27168
-0.0891063
-0.608692
-1.41173
-1.08283
-0.432475
-0.903659
-1.05651
-0.309095
-1.57028
-1.15068
-0.729727
-0.952608
-0.650889
-0.34719099999999997
-1.5016
-1.3826399999999999
-0.662188
0.267384
-1.45302
-0.674652
-0.309871
-0.326181
-0.17331300000000002
-0.746957
-0.97152
-0.9157549999999999
-1.67936
0.179622
-0.422309
-4.11172
-0.800559
0.187729
-0.521835
-1.43366
-0.520262
-1.46717
0.955408
0.45458699999999996
-1.59035
-1.58707
-1.6497099999999998
-0.328332
-0.640703
-1.0457
0.401544
-0.324662
-1.6489
0.71509
-1.2939100000000001
-0.22440900000000003
-0.659419
0.0153494
0.47823699999999997
-0.393676
-0.10756600000000001
-0.35723499999999997
-0.969302
-0.29801700000000003
-0.405723
1.00967
-0.160018
-3.34522
-1.32283
-0.447219
-1.0904200000000002
-0.0398862
-0.564437
-1.0459
0.0
-0.356179
-1.2209
-0.219282
-1.1115700000000002
-1.6129200000000001
-0.8240049999999999
-0.1292
-0.319868
0.198935
0.36885
-2.51662
-0.72764
-1.5054
0.268286
-1.59766
-0.282425
-1.28909
-1.7991700000000002
-1.1207799999999999
-0.383529
-0.535096
1.6826400000000001
0.0
-4.2609900000000005
-1.50359
0.0
-1.18279
-0.909299
-1.7722
-1.60519
-0.848031
0.0
-1.51268
-0.0738954
-1.0407899999999999
-0.327786
0.524853
-0.41258900000000004
-0.580142
0.279412
-1.3648200000000001
-1.50606
0.0
0.0
-0.0386677
-1.20233
0.0
0.00547342
-2.82198
-1.3708799999999999
1.3659700000000001
-0.402332
-0.07777
-0.122222
-1.0812899999999999
-1.2252299999999998
