0.00820638
2.00094
0.183792
0.447709
2.07345
2.19924
1.5740399999999999
1.7229900000000002
1.23237
1.93215
2.64197
1.87201
1.87201
1.4305700000000001
1.08493
0.49875699999999995
2.23516
0.334704
1.38044
2.12209
1.44973
1.6038
2.79705
2.66227
2.22384
2.81632
3.98235
3.54126
4.55441
4.55441
3.1319999999999997
2.3917599999999997
1.02506
0.546712
-0.0747466
0.9618209999999999
1.53652
0.9987149999999999
0.8075100000000001
1.69818
0.164642
1.2959100000000001
2.23145
1.34849
2.39875
1.86831
1.1541
3.37565
-1.0075100000000001
0.183318
1.34331
1.74291
0.899366
0.850142
0.625654
1.3518
2.50122
2.4020799999999998
2.47004
1.32031
1.22123
2.55862
3.10982
2.24293
2.52675
0.257538
0.6102420000000001
0.23262600000000003
0.645804
0.473999
1.56134
-0.386704
1.73425
0.306559
-2.50641
-2.50641
0.22479000000000002
-2.57721
0.132218
0.243286
1.21727
1.7456099999999999
1.08305
-0.5673729999999999
0.6666569999999999
-0.851309
0.935005
-1.6995900000000002
0.312834
-0.422117
-0.18865099999999999
-0.26277
-1.53086
-0.568986
0.11234300000000001
1.7873700000000001
2.39454
2.25575
1.83303
1.24464
0.09996580000000001
-0.436271
1.5568899999999999
-1.1289799999999999
1.12606
1.5936700000000001
1.2562799999999998
1.0132700000000001
-0.657615
0.32098000000000004
-0.601629
0.0330081
0.8819030000000001
0.477605
-0.565812
0.16436099999999998
1.45205
0.9392959999999999
1.6265100000000001
2.49023
1.51135
2.06434
0.0770731
0.706733
1.18013
0.0694338
-0.8743209999999999
-4.43475
0.235254
1.3262
-1.4283
-1.00786
0.45150100000000004
1.7031599999999998
-0.576171
2.33696
1.80348
0.343559
-1.14496
0.41755299999999995
1.8390099999999998
2.56357
2.72682
1.5841100000000001
-0.0199988
0.35073499999999996
1.12906
1.1339299999999999
0.972801
1.0825200000000001
-1.1209
0.626235
0.759075
1.99747
2.4331400000000003
-0.787457
0.503748
2.19213
0.588274
2.62282
1.30619
0.19969
0.324088
2.4639
0.264019
1.5493299999999999
2.1044099999999997
-0.5232180000000001
-0.497971
-1.03159
1.9994
1.42137
1.42137
0.7170569999999999
0.7170569999999999
-0.9019149999999999
0.45741899999999996
1.34701
-0.814433
0.0379216
0.46045600000000003
-1.2876299999999998
1.17398
-0.251952
1.1865299999999999
1.32829
0.9837440000000001
1.08251
0.424781
0.338097
-0.045232999999999995
2.04535
0.983038
-0.112729
0.645087
0.0649883
-0.020265900000000003
0.8858719999999999
2.1575900000000003
1.80414
-0.418055
1.06244
-0.219547
1.48184
1.76259
1.07535
-0.470808
1.2364700000000002
0.851332
1.69311
-0.224701
-0.079302
-0.08119580000000001
1.8506200000000002
0.12033900000000002
0.796866
0.253743
-0.7058760000000001
2.08885
0.886408
2.1899
2.99086
3.1712
2.7861
1.12176
1.33102
0.880906
0.457425
-1.07311
-1.39005
-0.43534700000000004
2.00575
2.06062
1.14231
0.433914
1.7406
1.4443
-1.6287200000000002
1.53465
0.848988
2.06275
0.16105899999999998
-0.184635
-0.0485205
1.38053
1.09891
-0.0437445
-0.387615
0.210633
1.39048
0.17183800000000002
-1.27682
0.44385399999999997
-2.36956
-2.29862
-0.42707700000000004
1.31788
1.4673399999999999
1.0252299999999999
3.00293
0.261112
0.269606
-0.878469
0.8420000000000001
-0.45194700000000004
-0.221298
1.8507
0.798343
1.16269
0.271908
1.16787
1.36497
2.20629
2.08862
0.568656
0.47471499999999994
-0.0615081
0.21858699999999998
0.847851
0.847851
-0.0139429
2.46953
2.28431
-0.647569
0.170906
0.738183
-0.40584699999999996
0.048984
0.702224
0.702224
0.9685540000000001
0.013579399999999998
2.21571
0.34727800000000003
0.7045640000000001
-1.61758
-0.6405420000000001
-0.408167
0.68672
0.8074560000000001
0.206227
0.8440989999999999
-3.01673
2.85969
0.9112389999999999
3.71474
2.22722
0.21047
-0.134229
2.0676400000000004
1.2642
0.802688
1.8067
-0.194556
1.8565900000000002
2.54025
1.4658
1.14286
1.05597
0.573419
0.9531149999999999
2.11309
2.33847
0.619165
-0.0806305
1.00661
0.766284
3.07746
1.5203799999999998
1.2117799999999999
2.11233
0.20004
1.70712
2.1466
0.43607799999999997
-1.04504
-0.681571
0.8647809999999999
1.5498299999999998
2.23259
2.0139299999999998
2.70897
3.39983
1.6835099999999998
0.830483
1.31934
2.01915
1.93985
0.388366
0.713377
0.0215597
0.802992
0.6636340000000001
1.41585
0.889876
0.0358099
-0.838894
0.309595
0.276439
-0.624387
1.0514700000000001
-0.582708
-1.50915
-0.107427
-1.53719
-0.723877
0.6754640000000001
-0.170241
0.0507529
0.637966
-3.3589300000000004
-0.279679
0.806639
0.15400999999999998
1.79075
1.43472
-0.18670899999999999
2.05519
1.26539
1.17855
1.3381399999999999
2.03494
1.34785
1.93763
1.93763
0.942739
1.20062
-0.825901
1.08784
1.98187
0.0221077
-0.642072
2.19977
1.30345
1.63806
2.3083
2.49607
1.48241
0.601306
1.43069
1.1104399999999999
2.27457
1.53053
0.287277
1.80207
0.031215499999999997
-0.16961199999999999
0.167236
1.18665
1.0196
0.428209
2.6130299999999997
0.964349
1.65087
2.2614400000000003
1.4779
1.48912
0.9565950000000001
0.668329
-0.224004
0.537428
1.16517
1.0946200000000001
1.3176299999999999
-1.06202
-0.885626
0.680001
0.936258
1.0484
1.0484
0.879714
1.22052
0.760918
0.761676
1.49752
2.00998
2.6916
-0.435692
0.575678
1.0538299999999998
-0.534295
0.9072969999999999
1.19099
0.427645
0.179873
-0.212959
-0.22257
-0.546771
0.176706
1.07653
1.00766
-0.501525
1.18632
0.619352
0.920975
-0.876656
-0.948652
2.44061
2.1061900000000002
1.57457
-0.187796
1.61501
0.0462478
0.5104770000000001
