0.8066369999999999
0.426087
0.904588
0.9158729999999999
0.833289
0.7788010000000001
0.321941
0.421443
0.34744400000000003
0.7854260000000001
0.806971
0.7442479999999999
0.7442479999999999
0.833435
0.646558
0.942544
0.85574
0.8364450000000001
0.749708
0.7351800000000001
0.791072
0.7013590000000001
0.33450799999999997
0.407407
0.8714290000000001
0.659356
0.255913
0.345109
0.24014899999999997
0.24014899999999997
0.574442
0.0129386
0.718966
0.732589
0.87936
0.660713
0.32697
0.697397
0.646253
0.5297810000000001
0.784896
0.89184
0.347437
0.558154
0.201586
0.318646
0.8746879999999999
0.649237
0.674496
0.6039220000000001
0.77387
0.527857
0.934534
0.552922
0.554483
0.711334
0.6795760000000001
0.500444
0.137492
0.8484290000000001
0.7936979999999999
0.19791199999999998
0.758547
0.334255
0.46865500000000004
0.29498
0.748319
0.835249
0.806287
0.406546
0.689543
0.787421
0.703237
0.822034
0.625592
0.625592
0.712816
0.7411260000000001
0.777596
0.769195
0.818208
0.217567
0.48977600000000004
0.825175
0.20660900000000001
0.27012600000000003
0.703327
0.9
0.8510270000000001
0.8471870000000001
0.858599
0.536829
0.924975
0.883392
0.848591
0.625107
0.696005
0.8157949999999999
0.6391899999999999
0.8896219999999999
0.795822
0.896034
0.57244
0.900644
0.9339280000000001
0.597611
0.375213
0.861835
0.8351649999999999
0.9303799999999999
0.858411
0.690701
0.785512
0.802137
0.7726
0.734503
0.830364
0.5183810000000001
0.65666
0.474325
0.114619
0.417389
0.379783
0.839161
0.827189
0.80976
0.8215950000000001
0.797374
0.138889
0.659263
0.5969140000000001
0.8671549999999999
0.871447
0.623768
0.747646
0.11411400000000001
0.155301
0.777981
0.8779520000000001
0.942313
0.8319059999999999
0.606395
0.154724
0.785262
0.862405
0.9051239999999999
0.794567
0.81009
0.6629149999999999
0.745421
0.873949
0.40741
0.747984
0.202037
0.397177
0.669366
0.616646
0.40996400000000005
0.628447
0.767176
0.56675
0.858908
0.9270360000000001
0.88745
0.596164
0.25595300000000004
0.8807370000000001
0.704407
0.873016
0.863052
0.11386700000000001
0.136949
0.136949
0.351261
0.351261
0.6502899999999999
0.438957
0.454668
0.919969
0.782946
0.8584290000000001
0.712537
0.5787640000000001
0.8876459999999999
0.58644
0.42528699999999997
0.7539319999999999
0.564278
0.8382059999999999
0.676409
0.777814
0.560157
0.795455
0.640372
0.49404
0.7946350000000001
0.754375
0.6596420000000001
0.7344890000000001
0.283563
0.777229
0.8469549999999999
0.858555
0.6151340000000001
0.587593
0.82549
0.81676
0.7407159999999999
0.45419899999999996
0.83221
0.653618
0.8444370000000001
0.701389
0.264504
0.622861
0.8505879999999999
0.509146
0.8862479999999999
0.6524270000000001
0.603707
0.7983979999999999
0.7401340000000001
0.645552
0.845833
0.8609180000000001
0.6056819999999999
0.339376
0.9259729999999999
0.8402729999999999
0.9782270000000001
0.8295170000000001
0.31440300000000004
0.590234
0.863599
0.882927
0.64141
0.915373
0.7678550000000001
0.221795
0.8176329999999999
0.9
0.682692
0.9456829999999999
0.9399209999999999
0.882274
0.9530569999999999
0.890511
0.907692
0.812284
0.612387
0.5989979999999999
0.7773140000000001
0.840425
0.67247
0.74026
0.828775
0.8743790000000001
0.666808
0.714371
0.896789
0.81101
0.624463
0.9478559999999999
0.816821
0.756898
0.9077649999999999
0.849191
0.724906
0.786404
0.746487
0.767109
0.307424
0.324108
0.8465299999999999
0.617225
0.887201
0.9117930000000001
0.722158
0.688445
0.688445
0.855877
0.215206
0.345036
0.6789930000000001
0.735293
0.40992399999999996
0.38095
0.755572
0.225427
0.225427
0.755538
0.899587
0.884044
0.8412700000000001
0.689314
0.568182
0.9487180000000001
0.9137930000000001
0.889128
0.8541770000000001
0.907443
0.42261899999999997
0.9362540000000001
0.39565700000000004
0.238925
0.248775
0.68461
0.769349
0.845095
0.46130699999999997
0.671323
0.706987
0.0874424
0.012930100000000002
0.804875
0.680687
0.920834
0.647518
0.690288
0.587797
0.722526
0.473391
0.20429
0.28095
0.722534
0.7460829999999999
0.7531720000000001
0.740256
0.9210450000000001
0.85246
0.674977
0.913516
0.6064350000000001
0.440079
0.892915
0.540193
0.197998
0.5929260000000001
0.0929854
0.677685
0.175734
0.0241442
0.267432
0.743922
0.9109360000000001
0.8368120000000001
0.64482
0.738157
0.844727
0.763889
0.8805799999999999
0.577851
0.908783
0.8967940000000001
0.767533
0.669009
0.8175180000000001
0.727155
0.794489
0.851082
0.768547
0.871151
0.773045
0.781378
0.849569
0.571616
0.8734360000000001
0.675337
0.873568
0.858389
0.770779
0.467742
0.8803700000000001
0.872376
0.722671
0.316387
0.946586
0.6593180000000001
0.786592
0.817234
0.784503
0.883834
0.187953
0.1487
0.1487
0.694405
0.8354239999999999
0.9004840000000001
0.8576870000000001
0.737971
0.8958079999999999
0.8204049999999999
0.511452
0.700675
0.526928
0.044241
0.17296199999999998
0.602208
0.436808
0.221755
0.543373
0.8519399999999999
0.836131
0.877864
0.884129
0.899674
0.900251
0.8900440000000001
0.661878
0.351168
0.776378
0.8349200000000001
0.370429
0.7702260000000001
0.724071
0.7102189999999999
0.708464
0.8989870000000001
0.862281
0.32179800000000003
0.240563
0.8358700000000001
0.5605829999999999
0.510628
0.780317
0.8304290000000001
0.857039
0.755592
0.86859
0.86859
0.8547620000000001
0.8078
0.9140459999999999
0.744202
0.844784
0.919465
0.72701
0.9081969999999999
0.790691
0.715025
0.6239319999999999
0.797496
0.39463899999999996
0.8382209999999999
0.911314
0.816717
0.486392
0.845131
0.889917
0.879676
0.7797729999999999
0.9514319999999999
0.36189499999999997
0.626942
0.24006999999999998
0.9038510000000001
0.794329
0.512097
0.807071
0.7657069999999999
0.923481
0.728433
0.79971
0.814695
