0.00957823
1.6285399999999999
-0.423752
0.162071
3.44616
1.4474799999999999
0.799758
-0.943808
0.48077299999999995
0.0371537
-0.254612
0.808329
-0.7236239999999999
0.334395
0.138311
4.24881
1.55322
-1.6634900000000001
0.656374
0.9873350000000001
-0.342536
0.569963
0.182205
4.08019
-0.05429169999999999
3.48291
1.16485
-0.390017
0.68107
1.30936
-0.611975
0.675616
0.352576
2.34218
1.2735100000000001
2.15145
-0.378236
-0.039544499999999996
1.66972
-0.790452
-1.1271
2.00545
-2.5796
0.12889
2.3811299999999997
1.36008
1.1361299999999999
-0.12191199999999999
0.890071
-0.25190999999999997
2.22368
1.4419
-0.876149
-0.060975
0.7256229999999999
-0.226924
1.2323899999999999
-0.255523
2.61534
0.403305
-0.012624
-0.211403
0.00221635
1.4208399999999999
0.437338
0.23495700000000003
0.156141
-0.30130999999999997
0.7536930000000001
-1.21165
-0.208193
0.673714
1.75698
1.4625
1.09705
4.74855
1.6874900000000002
2.3489400000000002
-1.90546
2.53016
3.5249800000000002
-0.39759099999999997
0.9674219999999999
-0.41249600000000003
1.30398
3.1304
0.180147
0.169037
-0.25552800000000003
0.8371149999999999
0.78378
-0.318318
0.686316
1.36481
4.06161
2.09803
-0.17619400000000002
4.272390000000001
-0.181305
0.922931
1.25232
3.1337099999999998
3.22816
-0.113204
0.143036
-0.13963399999999998
4.324409999999999
0.401886
0.0267522
-0.0554749
1.08464
-0.547484
-0.160769
1.38031
-0.183226
0.47262
0.0285672
-0.5304479999999999
0.170666
-0.146357
1.7387099999999998
-0.960476
-0.401199
0.113598
0.553421
2.1937900000000004
0.5651189999999999
4.89166
1.0679100000000001
0.7028310000000001
3.1106700000000003
-0.231742
0.9158860000000001
-0.19276300000000002
0.552129
1.11342
0.26724899999999996
1.05044
1.49109
-0.312717
0.678707
1.9555099999999999
0.5110140000000001
1.34762
0.390334
1.4697200000000001
-0.674203
0.026382299999999997
0.620584
1.9083900000000003
-0.59887
0.503405
-0.49650500000000003
0.0966794
0.7600319999999999
1.51027
-0.336351
1.01773
-1.4628
3.62336
-3.32591
0.415465
3.50605
0.583282
-1.7850700000000002
-0.98095
1.84158
1.61291
1.08901
1.31859
0.270409
-0.46560799999999997
-0.9959129999999999
1.16101
1.09006
1.10056
-0.195771
4.52122
-0.989466
-0.733251
2.16328
-0.062171699999999996
1.0044600000000001
0.8629899999999999
-0.8081050000000001
1.8672900000000001
-0.25957199999999997
0.258275
0.00935622
1.21005
0.22440700000000002
0.8662690000000001
-0.110704
-0.968828
2.1691
0.47288500000000006
-0.06420509999999999
0.12820399999999998
-2.07792
1.23999
-0.625843
1.4887700000000001
1.9537
1.97583
0.348749
1.32774
1.08497
0.576477
-0.252126
0.574519
2.80796
2.64921
-0.325988
-0.8965719999999999
1.2465600000000001
-1.1470200000000002
1.88168
-1.34655
-0.27412
0.8884569999999999
-1.00339
1.59955
-1.31105
2.97229
1.82283
3.3275699999999997
-0.730845
-0.45488599999999996
-0.369892
0.48564399999999996
-0.47964700000000005
1.39662
-0.44166099999999997
0.149578
0.965742
3.6999699999999995
0.19714500000000001
-1.20272
-0.8961030000000001
-0.22085700000000003
1.53396
0.460244
1.58094
3.6720099999999998
-0.723641
-1.01634
0.738298
0.9706940000000001
-0.22961199999999998
0.138261
-0.339021
2.1172299999999997
0.667821
-0.26155500000000004
0.199128
1.7699200000000002
2.1304
-1.15917
-0.953644
0.525139
1.35107
1.61647
2.63976
0.8706799999999999
1.6005200000000002
-1.4340899999999999
0.236735
-0.158149
-0.704196
0.5942970000000001
0.139205
-1.6694099999999998
-0.17703
2.08471
1.49705
0.9959680000000001
-1.30664
-0.635548
3.18706
-0.16230899999999998
-0.6526689999999999
0.101582
-0.44655
0.36638899999999996
-0.293559
-0.934362
-0.573168
-0.192105
-0.0724779
-0.9952559999999999
-1.7370400000000001
-0.418729
-1.36131
-0.6594300000000001
-0.437708
-0.513875
-0.0504994
-0.00447774
-0.700707
-0.16727899999999998
-0.403107
0.0
0.0
0.0
-0.691617
-0.833997
-1.8405099999999999
-0.24005100000000001
-0.152603
-1.09863
0.0928988
-0.696653
0.0
-0.0285632
-0.24475
-0.45439300000000005
-0.014397899999999998
-0.44888199999999995
-2.0017099999999997
0.0
0.485703
-1.22402
0.15074400000000002
-1.41298
-1.76747
-0.656468
-0.41966400000000004
-1.6928900000000002
0.105097
0.0317938
-0.586635
0.373421
-0.39364699999999997
-0.809729
0.0
0.125392
-1.8969599999999998
-2.1326400000000003
-0.444146
-0.9554549999999999
0.070345
-0.168983
-1.67375
-0.722751
-0.49108199999999996
-0.256548
0.00647088
-0.7809050000000001
0.595852
-0.26733
0.34534499999999996
-0.35623299999999997
-1.6096
0.017730900000000004
-0.20969400000000002
0.18744
0.0
0.285023
-0.320468
0.37737
-2.45852
-0.288984
-1.24681
-0.491663
-1.32121
-0.6922229999999999
0.482838
0.04958869999999999
0.519808
-0.685063
-0.386994
0.24122399999999997
0.12785
-0.53013
-1.1153899999999999
-1.3962299999999999
-1.04593
-0.959791
-0.199105
-2.2286599999999996
-0.85746
-0.669529
-1.0101
0.367427
0.9709530000000001
-2.12415
-0.200694
-0.283447
0.791188
-1.72515
0.0339587
0.159079
0.628479
-0.642605
0.326408
0.426885
-0.915766
-0.304259
0.0
-0.755703
-0.7642180000000001
-1.7937599999999998
-0.40779099999999996
0.158872
-0.0738298
0.0
1.1448399999999999
-2.0554799999999998
-0.72607
-0.641811
-0.44622799999999996
0.8485010000000001
-1.66346
-0.915602
-0.494075
-0.707128
-3.1808
-1.1119700000000001
0.0
-0.814912
-2.3397200000000002
1.4051799999999999
0.0
-0.530541
0.725295
-0.638865
0.287047
-1.31009
-0.11618900000000001
-0.23921900000000001
-0.252608
0.20596199999999998
-1.0453
0.541058
0.236578
0.00303239
0.043882
-1.1952
-0.303584
0.0
-0.981397
-0.671556
-0.40436700000000003
-0.657285
0.08967889999999999
2.42252
-0.0467069
-1.5168
-0.292543
0.904272
-0.42894099999999996
-0.192358
0.330425
-0.33994
-0.472966
-0.314567
-0.430536
-0.496255
-1.32819
0.0
-0.636903
-0.49677
-1.7497200000000002
-0.937684
-0.627718
-2.47283
-0.47671
0.0
0.038895
-1.7620099999999999
-0.343771
-0.16301300000000002
-1.55682
0.251535
0.0776177
0.31133
-0.812699
-0.827851
0.775539
0.250355
-0.392329
-1.4097899999999999
-0.443115
-0.334419
-0.709917
-0.338134
-0.35033400000000003
-0.82486
-0.410042
0.134522
0.138053
0.6397649999999999
-1.43423
-0.497262
-0.0374134
-0.17316800000000002
-0.71049
-0.23130799999999999
-0.08686
-0.628687
-1.07597
-0.589421
0.0
-1.29236
-0.655983
1.67861
-0.113694
-0.025698099999999998
-0.108206
-1.97862
-0.547006
0.0298274
-0.324738
0.888905
-0.48018
-0.135598
-0.39160100000000003
-0.6186520000000001
-0.509324
0.6501399999999999
-1.2675100000000001
-0.86292
-0.6644140000000001
-0.381693
0.9455389999999999
-2.71026
0.103077
-0.763261
0.287535
-0.885173
-1.60832
0.0
0.058878599999999996
0.41838400000000003
-0.732975
-0.40720500000000004
0.33858699999999997
0.508297
0.0
0.377635
-0.218077
0.15873199999999998
-0.0305033
0.13888499999999998
-0.43428
-1.39971
-0.5364939999999999
-0.9430379999999999
-0.361199
0.169449
-1.20838
-0.48556499999999997
-0.46308999999999995
-0.870663
-0.5309659999999999
0.136346
0.111937
-0.16906
-0.13811099999999998
0.0
-0.323561
0.037476
-0.80947
-0.911581
-1.19095
0.189116
0.0
0.05479490000000001
-0.10967400000000001
-0.233594
0.0
-0.665329
-0.0634385
1.13995
0.0
0.269825
0.0281384
-0.359082
-1.05942
-1.0209
-0.769393
-0.374789
-0.598105
-0.829808
-0.46201800000000004
-0.24223000000000003
-0.89848
0.214223
-0.77846
-0.83647
-0.395203
0.128582
0.148282
-1.8918599999999999
-0.634205
-2.1193299999999997
-0.299967
0.17529
-0.04179
-0.446763
-1.56484
-0.165719
-0.18498399999999998
-1.60293
-0.10044199999999999
-0.110509
0.340519
-0.9996200000000001
-1.04605
-0.538396
0.06837410000000001
0.989023
0.404071
-0.80342
0.8554950000000001
-0.728498
-0.34241
-1.0092299999999998
0.352369
-0.343885
-0.07114780000000001
-0.634163
-0.8960389999999999
-0.6251329999999999
-1.5648
0.0
0.0
-0.447225
-0.08091849999999999
-1.22733
-0.549676
0.0
-0.067246
-1.7608700000000002
1.2752299999999999
-0.609716
-0.42266099999999995
0.0492464
-2.21429
-0.04947619999999999
-0.44177299999999997
-0.672922
0.274764
-0.642914
0.40365999999999996
0.470193
-1.07136
-0.743167
0.0
-0.512894
-0.8177439999999999
0.06267080000000001
0.207943
-0.8724709999999999
-0.22166
-0.44108100000000006
-0.403604
-0.9801110000000001
-1.20894
0.21477399999999996
-0.87115
0.229767
-0.31969200000000003
-1.1460700000000001
-0.328441
-0.576625
0.148963
0.527591
-0.468722
-1.13614
-0.9518549999999999
-0.329894
0.506386
-0.7474970000000001
0.368723
-0.8783200000000001
0.0
-0.615747
0.203481
-0.28976399999999997
0.352096
-0.42120100000000005
-0.664082
-1.2374
-1.65852
0.0
-0.645989
0.0
0.765828
-0.08715410000000001
-0.856299
-1.12494
-0.692128
0.506709
-0.18399000000000001
-1.15947
-0.54382
0.5191520000000001
0.7942640000000001
-1.9292200000000002
1.38447
-0.623055
-0.568102
-0.45306499999999994
-0.053715399999999996
-0.115427
-0.846799
-0.0237548
-0.157443
0.00136935
-1.37337
-0.9158440000000001
-0.147352
0.687396
-0.0159343
-0.11161099999999999
-0.691569
-0.6859310000000001
0.0
0.310684
-0.454341
-0.965368
-1.13429
0.354514
-0.958199
-0.7678050000000001
0.358717
0.15906900000000002
-0.408213
-0.041832999999999995
-0.369584
-1.60453
-0.853411
-0.349148
-0.882558
-0.8508530000000001
-1.43541
-0.513791
-0.308774
-0.994426
1.31138
-1.24994
0.46551800000000004
-0.63584
-1.39739
-0.398177
-0.314486
0.05631
0.06916839999999999
0.0
-0.0640413
-0.388923
-0.479524
-0.0825821
-0.695206
-0.413724
0.532806
-0.037089
-0.819757
-1.88752
0.312795
-0.104496
-0.969764
-0.09676180000000001
0.0
-1.56531
-0.7471399999999999
-0.569891
-0.707512
-0.426084
0.178358
-0.578745
-0.54233
-0.664007
0.723554
1.04469
0.802092
-0.142543
-0.539273
-0.40892
-1.5251299999999999
1.62189
0.114751
0.0
0.541411
-0.32414699999999996
0.0
-0.446042
-0.8387110000000001
-1.18563
-0.3712
-0.655855
-0.743375
0.192447
-0.225719
-0.891912
-0.5424100000000001
-1.08907
-0.04599280000000001
0.6359239999999999
1.10618
-0.8704379999999999
-0.956794
-0.0238116
-0.716829
-0.301691
-0.307661
0.0
-0.776913
-0.751833
-0.750745
2.84042
-1.06291
0.0940131
2.3451
0.0
0.0
0.348618
-0.43472700000000003
0.30558
-0.531359
-1.0473299999999999
-0.9643719999999999
0.19259600000000002
0.34994899999999995
-0.471183
0.0
-1.57082
0.517312
-0.41970100000000005
-1.07406
0.0
-0.559157
-0.0387075
-0.448194
-0.42081999999999997
-0.14172200000000001
-0.29135700000000003
-0.27165700000000004
-0.297554
-1.39137
-0.133175
0.030192700000000003
-1.1961
-0.0631549
0.548978
-1.107
-0.79146
-0.48807700000000004
0.6197729999999999
0.41628100000000007
0.0657023
-1.10686
-0.427063
-0.81342
-0.0225185
-0.709303
-0.0748583
-0.19265
0.31959899999999997
-0.205148
-0.143773
-1.34582
0.0184879
-0.013319899999999999
0.623378
-0.345142
-1.02855
-0.121314
0.255025
-1.25495
0.759728
-1.4556799999999999
-0.11223499999999999
-0.11520799999999999
-0.531906
-0.172509
-0.884548
0.480187
0.313372
-1.25403
0.102314
0.43373
-0.231186
0.32360300000000003
0.273669
-1.23464
-0.284905
-0.7173470000000001
-0.00393417
0.340901
0.09847230000000001
-0.309041
-0.354461
0.353664
-0.0821543
-1.18425
0.219802
-0.07703120000000001
-1.4083299999999999
0.0
-0.582888
-0.320637
0.37021
-1.4358799999999998
-1.80165
-1.17698
-0.43448100000000006
0.788445
-0.21026399999999998
1.61574
-0.732531
0.14321
-1.61505
1.0479
-0.824417
-0.45469499999999996
-0.579386
-0.841087
-0.53676
0.0546525
1.61671
1.14838
0.0
1.34067
-0.8996059999999999
0.0
-0.425691
1.19334
-0.9900469999999999
-0.63626
-0.578659
0.0
-1.0938299999999999
-1.10839
-1.11911
0.618871
-0.617563
-0.15248599999999998
1.0475
0.0818637
-0.336681
-0.476333
0.0
0.0
-0.889134
-1.3445200000000002
0.0
-0.530509
-1.06971
-0.22820500000000002
2.86836
-0.550246
-0.431101
0.700623
-0.507634
-0.7751239999999999
