0.0472733
0.325559
0.026029200000000002
0.0433049
0.0192547
0.075418
0.28938400000000003
0.168772
0.153558
0.147053
0.032590499999999994
0.16352
0.301622
0.090223
0.0768101
0.0310041
0.0800974
0.136909
0.598206
0.199987
0.277387
0.0216398
0.341127
0.07773939999999999
0.0152471
0.012162000000000001
0.0283752
0.0975327
0.342668
0.188746
0.33899
0.26706199999999997
0.132668
0.0574452
0.260656
0.0114586
0.333625
0.138761
0.114355
0.433382
0.393361
0.28362800000000005
0.0280995
0.370151
0.126522
0.0880041
0.349802
0.558287
0.068218
0.49858900000000006
0.060533300000000005
0.389472
0.18833699999999998
0.532127
0.427964
0.63407
0.298085
0.222913
0.058248699999999994
0.218889
0.452926
0.488695
0.491379
0.00811956
0.22099899999999997
0.308173
0.351366
0.391515
0.258216
0.45298299999999997
0.310838
0.29944699999999996
0.117171
0.0986148
0.0422526
0.048342199999999995
0.06783099999999999
0.028061799999999998
0.103119
0.0118608
0.0200973
0.278023
0.16764500000000002
0.303369
0.43194799999999994
0.13819800000000002
0.46883199999999997
0.19533599999999998
0.043647500000000006
0.441029
0.182158
0.0375783
0.0197179
0.00885362
0.00735839
0.172032
0.42598500000000006
0.139485
0.326891
0.025810200000000002
0.21207199999999998
0.032388799999999995
0.047008499999999995
0.20258900000000002
0.301757
0.6833060000000001
0.220629
0.00955591
0.539038
0.134001
0.25188299999999997
0.185638
0.257822
0.261696
0.096711
0.286096
0.247148
0.31130599999999997
0.617109
0.07640380000000001
0.07202330000000001
0.214758
0.19728199999999999
0.175759
0.39017399999999997
0.0635979
0.536259
0.00864196
0.0948836
0.20641500000000002
0.011143799999999999
0.45409499999999997
0.447169
0.17641400000000002
0.29
0.103762
0.60717
0.0903618
0.135535
0.633346
0.474365
0.186676
0.8399139999999999
0.021934400000000003
0.281325
0.12331600000000001
0.824486
0.728854
0.0723192
0.0705657
0.559184
0.847534
0.8925649999999999
0.297737
0.591538
0.061326599999999995
0.3943
0.0604462
0.661482
0.0108544
0.701811
0.100716
0.0108362
0.064023
0.767402
0.816483
0.013846299999999999
0.106526
0.317261
0.0101083
0.8
0.75476
0.612533
0.242907
0.112046
0.24208400000000002
0.817286
0.00938015
0.7851859999999999
0.8626950000000001
0.150833
0.649014
0.0502361
0.0705474
0.537845
0.315751
0.8664360000000001
0.0237469
0.23125199999999999
0.450166
0.713171
0.0640365
0.767142
0.8366129999999999
0.0420921
0.37598899999999996
0.772407
0.595878
0.712867
0.128235
0.669652
0.156493
0.0645233
0.24680100000000002
0.014129300000000001
0.25054899999999997
0.0228486
0.29299899999999995
0.164838
0.6293
0.0484214
0.035358099999999996
0.8174939999999999
0.805469
0.162557
0.58818
0.0512813
0.744809
0.801532
0.0109209
0.7402880000000001
0.037708099999999994
0.8432559999999999
0.036687199999999996
0.0875663
0.0146704
0.811769
0.400491
0.236017
0.45353999999999994
0.737798
0.030061900000000003
0.807008
0.556863
0.492491
0.0383332
0.6445489999999999
0.8203020000000001
0.8385030000000001
0.847453
0.927499
0.109919
0.123615
0.00576145
0.523197
0.723106
0.30546799999999996
0.060324800000000005
0.270254
0.729467
0.553768
0.0822198
0.196644
0.346569
0.46323800000000004
0.0765088
0.086589
0.720589
0.817288
0.07042899999999999
0.0780747
0.0235636
0.00289903
0.00996472
0.11586199999999999
0.9035709999999999
0.726374
0.723322
0.727394
0.5620229999999999
0.193269
0.718757
0.69795
0.0960478
0.016913099999999997
0.0130274
0.678863
0.814171
0.00732642
0.756389
0.725766
0.812431
0.680671
0.729924
0.480128
0.799397
0.781466
0.9226190000000001
0.720238
0.623196
0.800208
0.780185
0.352273
0.614333
0.78194
0.6933819999999999
0.677913
0.5863010000000001
0.722956
0.7744
0.845455
0.0
0.0
0.0
0.8075319999999999
0.645292
0.596374
0.785465
0.608046
0.514461
0.7799560000000001
0.636033
0.0
0.8386610000000001
0.543381
0.731394
0.77055
0.685968
0.77669
0.0
0.7710020000000001
0.733013
0.852549
0.8752969999999999
0.5114390000000001
0.5757680000000001
0.607744
0.839347
0.866654
0.803154
0.609822
0.761303
0.894763
0.839567
0.0
0.477133
0.958333
0.7042149999999999
0.708607
0.806236
0.72625
0.788748
0.771467
0.753162
0.80483
0.9344319999999999
0.784576
0.771134
0.666667
0.737255
0.643505
0.8450040000000001
0.8646729999999999
0.857181
0.818871
0.831601
0.0
0.753365
0.774579
0.7155560000000001
0.842564
0.589864
0.806148
0.793629
0.646368
0.736283
0.7757229999999999
0.800309
0.373397
0.572222
0.62812
0.778502
0.7575689999999999
0.577778
0.6624399999999999
0.692697
0.747452
0.760586
0.6457430000000001
0.32113800000000003
0.816558
0.7508199999999999
0.6388699999999999
0.781746
0.676676
0.74673
0.775705
0.828549
0.778337
0.770143
0.8120470000000001
0.280379
0.659317
0.737207
0.7606310000000001
0.8329129999999999
0.7601720000000001
0.8135319999999999
0.0
0.811601
0.791333
0.737293
0.8216559999999999
0.8857450000000001
0.738889
0.0
0.829466
0.7474310000000001
0.51585
0.44171400000000005
0.597974
0.13277
0.828307
0.8279280000000001
0.795285
0.646088
0.697619
0.639676
0.0
0.7460319999999999
0.3
0.8043640000000001
0.0
0.6506930000000001
0.214825
0.658795
0.673061
0.62511
0.836692
0.735816
0.8750180000000001
0.786771
0.513424
0.81584
0.8017810000000001
0.623066
0.814606
0.7654880000000001
0.831147
0.0
0.622283
0.670415
0.823267
0.660939
0.684875
0.534672
0.6642859999999999
0.260714
0.7782220000000001
0.8424510000000001
0.271539
0.810425
0.752607
0.590389
0.7806569999999999
0.864557
0.846283
0.06588560000000002
0.636012
0.0
0.709378
0.782838
0.364856
0.787382
0.8235469999999999
0.7594069999999999
0.818074
0.80303
0.689118
0.57506
0.697641
0.933333
0.616107
0.843
0.8924979999999999
0.848656
0.729847
0.8276030000000001
0.715709
0.6309520000000001
0.797367
0.6920350000000001
0.758777
0.782632
0.782877
0.8735379999999999
0.810343
0.869584
0.786799
0.5998829999999999
0.812343
0.7164159999999999
0.749067
0.626292
0.750011
0.778662
0.768387
0.782247
0.794006
0.7314
0.8206040000000001
0.8402799999999999
0.0
0.704343
0.8436739999999999
0.6581199999999999
0.754748
0.616973
0.824843
0.49442200000000003
0.695513
0.40071999999999997
0.45555500000000004
0.680904
0.855801
0.723493
0.674608
0.827399
0.8278190000000001
0.630229
0.76444
0.62307
0.744831
0.478785
0.5918260000000001
0.6962119999999999
0.7523529999999999
0.822557
0.619733
0.826792
0.831548
0.0
0.7724880000000001
0.777058
0.7010609999999999
0.834786
0.65593
0.581495
0.0
0.832741
0.826952
0.817854
0.797516
0.607993
0.74383
0.6903600000000001
0.799715
0.849126
0.8860030000000001
0.741695
0.8316979999999999
0.858859
0.95625
0.791011
0.687874
0.728919
0.7402310000000001
0.766817
0.578212
0.0
0.737529
0.789795
0.669618
0.819471
0.650794
0.776281
0.0
0.0648549
0.48784700000000003
0.71673
0.0
0.576241
0.7846609999999999
0.795909
0.0
0.877771
0.756247
0.806384
0.8310879999999999
0.828641
0.644625
0.678354
0.8618040000000001
0.643634
0.748689
0.812427
0.6855600000000001
0.67988
0.8489329999999999
0.763095
0.8279129999999999
0.806592
0.7893100000000001
0.39115700000000003
0.77835
0.5374760000000001
0.788602
0.758793
0.824614
0.704488
0.72435
0.6075659999999999
0.814148
0.768489
0.7270300000000001
0.81234
0.8098770000000001
0.729737
0.797479
0.549225
0.791679
0.784512
0.388125
0.5492279999999999
0.509524
0.80042
0.7866029999999999
0.8423280000000001
0.816541
0.801255
0.769179
0.70648
0.656555
0.688702
0.561016
0.0
1.0
0.825253
0.711329
0.8562379999999999
0.709938
0.0
0.55
0.72129
0.501537
0.7574
0.53667
0.50266
0.835053
0.673376
0.719394
0.72619
0.643124
0.586395
0.8003100000000001
0.8220629999999999
0.704006
0.85254
0.0
0.8629620000000001
0.739653
0.677189
0.814593
0.814484
0.8190069999999999
0.566499
0.751467
0.800812
0.855727
0.608468
0.8317899999999999
0.746791
0.8303440000000001
0.724225
0.592832
0.7934329999999999
1.0
0.857722
0.8404940000000001
0.689627
0.858238
0.797714
0.183108
0.75672
0.8531709999999999
0.8663719999999999
0.0
0.840009
0.570455
0.810721
0.821224
0.811249
0.757379
0.6330979999999999
0.802535
0.0
0.753157
0.0
0.8362930000000001
0.7621359999999999
0.784522
0.667633
0.8328
0.731869
0.849152
0.8295879999999999
0.339887
0.829089
0.770386
0.6625
0.827169
0.8327180000000001
0.779826
0.761062
0.845822
0.706228
0.8497680000000001
0.708559
0.703695
0.665062
0.702868
0.713008
0.5558420000000001
0.701678
0.775203
0.782341
0.69272
0.789882
0.0
0.564699
0.795043
0.8472850000000001
0.817058
0.804582
0.758899
0.829267
0.801623
0.801257
0.8392850000000001
0.702519
0.8564649999999999
0.846951
0.849239
0.8928510000000001
0.742732
0.804028
0.733478
0.6722229999999999
0.783297
0.565601
0.733995
0.580392
0.916667
0.769359
0.360592
0.805663
0.8825
0.8985719999999999
0.77475
0.0
0.700442
0.803554
0.701691
0.709724
0.7187720000000001
0.5062409999999999
0.74836
0.541895
0.786343
0.833333
0.728406
0.712196
0.82829
0.717195
0.0
0.826493
0.897774
0.820743
0.795407
0.5674600000000001
0.602915
0.8279299999999999
0.76805
0.681503
0.783702
0.811381
0.812062
0.8015180000000001
0.456205
0.835451
0.7797149999999999
0.699326
0.766407
0.0
0.766441
0.760043
0.0
0.721391
0.714359
0.770749
0.805986
0.80143
0.783914
0.725059
0.817675
0.8287700000000001
0.706873
0.681469
0.7702640000000001
0.7581680000000001
0.675693
0.75
0.7924770000000001
0.701044
0.5079130000000001
0.8178380000000001
0.8433370000000001
0.0
0.7623340000000001
0.817317
0.823799
0.556717
0.6701199999999999
0.737479
0.8226979999999999
0.0
0.0
0.81111
0.747462
0.5016930000000001
0.814523
0.544304
0.747346
0.7356520000000001
0.705603
0.7282029999999999
0.0
0.68671
0.707816
0.653174
0.768687
0.805556
0.729807
0.779042
0.8377
0.551032
0.6137859999999999
0.804751
0.615857
0.66695
0.522403
0.740112
0.821859
0.7297680000000001
0.821119
0.64518
0.48721099999999995
0.761161
0.212087
0.724247
0.807876
0.873927
0.743028
0.808137
0.8104100000000001
0.779025
0.7719779999999999
0.753474
0.803824
0.308585
0.8368209999999999
0.611111
0.705229
0.7902319999999999
0.759605
0.591286
0.7163189999999999
0.622321
0.76169
0.8554309999999999
0.8256889999999999
0.7902779999999999
0.692969
0.779057
0.8695510000000001
0.857138
0.872726
0.70308
0.509524
0.69707
0.734403
0.774174
0.71532
0.33471999999999996
0.841342
0.740329
0.724209
0.5277
0.8115060000000001
0.8143199999999999
0.794029
0.301865
0.752261
0.635444
0.802083
0.7700060000000001
0.799724
0.637574
0.613479
0.757342
0.0
0.7792319999999999
0.7614350000000001
0.6932649999999999
0.739677
0.8642860000000001
0.71587
0.794077
0.792596
0.675593
0.779996
0.53
0.615596
0.467149
0.730382
0.707843
0.653751
0.82837
0.754605
0.818461
0.737695
0.545227
0.544268
0.0
0.8335100000000001
0.9375
0.0
0.641368
0.765299
0.568567
0.6690159999999999
0.663508
0.0
0.6911430000000001
0.709696
0.792647
0.774579
0.816222
0.811948
0.735192
0.720067
0.771362
0.788667
0.0
0.0
0.7416
0.558333
0.0
0.776393
0.808002
0.766081
0.1596
0.735921
0.843498
0.839784
0.46293100000000004
0.823907
