0.44772399999999996
0.46327399999999996
0.27429899999999996
0.399692
0.0747544
0.516396
0.660625
0.648946
0.563681
0.9125989999999999
0.138024
0.509318
0.894436
0.633524
0.653045
0.0424782
0.6048560000000001
0.7630520000000001
0.8828280000000001
0.46674
0.818986
0.506143
0.8903979999999999
0.22053699999999998
0.25861999999999996
0.024150799999999997
0.156391
0.10809400000000001
0.745009
0.150658
0.8686530000000001
0.8051590000000001
0.529416
0.16213
0.586935
0.20925300000000002
0.557956
0.796601
0.326049
0.791867
0.759867
0.669898
0.627394
0.839356
0.467213
0.324855
0.548535
0.8499760000000001
0.17929900000000001
0.8579680000000001
0.23093400000000003
0.634663
0.69287
0.761919
0.679509
0.750147
0.337969
0.341528
0.171374
0.40582399999999996
0.745188
0.883007
0.706829
0.01344
0.047761
0.171768
0.686512
0.849901
0.638026
0.384754
0.804837
0.42047299999999993
0.28757
0.182508
0.167931
0.0814384
0.295088
0.149818
0.624988
0.011561799999999999
0.04496819999999999
0.5629970000000001
0.158088
0.657366
0.585044
0.40182199999999996
0.759491
0.171005
0.179151
0.603993
0.28515
0.757386
0.19655599999999998
0.0134958
0.0196168
0.66608
0.330733
0.367491
0.821366
0.105097
0.2283
0.07068189999999999
0.165749
0.686639
0.48994899999999997
0.8791260000000001
0.386466
0.0908422
0.734176
0.746581
0.376202
0.9213129999999999
0.36453800000000003
0.579308
0.72275
0.422008
0.600086
0.9524440000000001
0.922249
0.0958043
0.0797656
0.752825
0.864655
0.631961
0.401468
0.474811
0.738689
0.00723346
0.396964
0.301289
0.0856908
0.888925
0.584133
0.350542
0.8661409999999999
0.478102
0.906284
0.228967
0.260467
0.825492
0.906443
0.696674
0.811063
0.0807168
0.287641
0.09791119999999999
0.9327280000000001
0.846914
0.149851
0.17993299999999998
0.800214
0.898358
0.7803220000000001
0.0195279
0.794531
0.220599
0.508803
0.18167
0.78635
0.0818124
0.847018
0.23878200000000002
0.0931503
0.0265397
0.84977
0.8923
0.15754500000000002
0.0985562
0.478687
0.192088
0.9183049999999999
0.869168
0.772595
0.26217399999999996
0.19700499999999999
0.349296
0.827536
0.00884041
0.962601
0.916219
0.340339
0.781948
0.10617599999999999
0.199843
0.8309489999999999
0.220277
0.908207
0.200218
0.23965100000000003
0.480074
0.749931
0.240033
0.783981
0.9031540000000001
0.144803
0.806405
0.8910469999999999
0.8628790000000001
0.9079280000000001
0.306413
0.861093
0.23585100000000003
0.7307100000000001
0.23167
0.0374261
0.30640700000000004
0.09264960000000001
0.397602
0.175964
0.583412
0.0436127
0.417199
0.8871370000000001
0.870411
0.26055900000000004
0.825508
0.189057
0.784818
0.7248720000000001
0.00486095
0.9456709999999999
0.122591
0.8734780000000001
0.127417
0.492238
0.12193299999999999
0.8303440000000001
0.446215
0.6783170000000001
0.897697
0.7426229999999999
0.171308
0.9155190000000001
0.6497539999999999
0.769641
0.0717259
0.830882
0.911676
0.902281
0.926851
0.897661
0.05880850000000001
0.333782
0.00304692
0.935508
0.708657
0.223586
0.2624
0.753579
0.913845
0.5119859999999999
0.0410923
0.447383
0.370665
0.700802
0.23534899999999997
0.11045899999999999
0.820842
0.859034
0.539818
0.23472300000000001
0.156672
0.0207215
0.0722405
0.29733899999999996
0.9171469999999999
0.860359
0.772505
0.821585
0.833233
0.13305899999999998
0.807214
0.8303889999999999
0.273237
0.0927504
0.03345019999999999
0.701829
0.924491
0.0211969
0.8914799999999999
0.871122
0.856168
0.917739
0.789299
0.743785
0.856466
0.780433
0.8900319999999999
0.814329
0.88576
0.8524430000000001
0.849161
0.8376049999999999
0.880817
0.83749
0.663968
0.8264729999999999
0.524358
0.8629129999999999
0.942743
0.863265
0.0
0.0
0.0
0.831816
0.850457
0.663718
0.8289629999999999
0.6012109999999999
0.8583540000000001
0.710617
0.8781260000000001
0.0
0.918825
0.68072
0.776814
0.9268360000000001
0.7091390000000001
0.9014719999999999
0.0
0.913538
0.846146
0.8152659999999999
0.8826120000000001
0.601635
0.8279110000000001
0.8765219999999999
0.8682059999999999
0.9543780000000001
0.884908
0.82078
0.8608129999999999
0.8805379999999999
0.8521290000000001
0.0
0.747132
0.783296
0.829801
0.8733299999999999
0.882181
0.787828
0.833277
0.855844
0.7791060000000001
0.924916
0.913543
0.906933
0.943609
0.916667
0.8724799999999999
0.8409209999999999
0.839586
0.882703
0.758686
0.8646149999999999
0.7980430000000001
0.0
0.9069889999999999
0.859612
0.8595370000000001
0.851249
0.794313
0.863617
0.830879
0.847691
0.9156920000000001
0.832031
0.8113520000000001
0.700339
0.77503
0.8981520000000001
0.787085
0.544036
0.900893
0.7762399999999999
0.8087449999999999
0.8656469999999999
0.842205
0.8886930000000001
0.815511
0.84025
0.83995
0.691001
0.8973559999999999
0.8570200000000001
0.8711459999999999
0.842892
0.896759
0.8581489999999999
0.856835
0.852174
0.458585
0.210583
0.8548540000000001
0.8296889999999999
0.9181879999999999
0.8590559999999999
0.8509329999999999
0.0
0.9174450000000001
0.877052
0.8645649999999999
0.8630690000000001
0.9099950000000001
0.828051
0.0
0.889236
0.833082
0.808447
0.8932610000000001
0.918534
0.653775
0.877339
0.9060520000000001
0.8532559999999999
0.9008879999999999
0.8211430000000001
0.708956
0.0
0.630786
0.758387
0.881516
0.0
0.896927
0.222737
0.893025
0.810104
0.7775770000000001
0.918427
0.838148
0.832514
0.892058
0.698543
0.815646
0.870332
0.8346100000000001
0.937737
0.862331
0.8644959999999999
0.0
0.9222309999999999
0.799551
0.798215
0.8314739999999999
0.8346709999999999
0.549158
0.8778950000000001
0.8450340000000001
0.836442
0.802409
0.91015
0.83321
0.846398
0.749078
0.907439
0.7816069999999999
0.9163389999999999
0.00605704
0.830124
0.0
0.8003520000000001
0.737483
0.736479
0.8157270000000001
0.891832
0.9277790000000001
0.8818739999999999
0.5967279999999999
0.8646309999999999
0.870834
0.884223
0.8252440000000001
0.7989
0.869502
0.8712479999999999
0.8666459999999999
0.8144600000000001
0.853799
0.80674
0.9209440000000001
0.8938010000000001
0.881956
0.860874
0.754963
0.940124
0.760063
0.8984969999999999
0.88645
0.8562200000000001
0.835354
0.9027139999999999
0.8906350000000001
0.8613799999999999
0.650242
0.787251
0.8904799999999999
0.879754
0.924218
0.8197059999999999
0.857593
0.855138
0.902227
0.0
0.8558549999999999
0.858742
0.824083
0.8199360000000001
0.8540409999999999
0.9244950000000001
0.805265
0.813616
0.883342
0.5410050000000001
0.910207
0.9270459999999999
0.827988
0.9334950000000001
0.760017
0.800859
0.8261229999999999
0.862201
0.9393739999999999
0.794114
0.8986770000000001
0.778886
0.823224
0.728151
0.879978
0.866193
0.8375229999999999
0.815832
0.0
0.714949
0.828887
0.7962279999999999
0.865598
0.748872
0.8327889999999999
0.0
0.892763
0.44618599999999997
0.90396
0.840448
0.875553
0.910042
0.8028270000000001
0.832324
0.8970290000000001
0.782641
0.869978
0.8990670000000001
0.7719739999999999
0.912488
0.536022
0.923416
0.893106
0.8434860000000001
0.894167
0.917773
0.0
0.896757
0.8569120000000001
0.812787
0.870398
0.848269
0.8551129999999999
0.0
0.488598
0.79232
0.856384
0.0
0.8599180000000001
0.8477629999999999
0.849957
1.0
0.8703280000000001
0.870257
0.858942
0.843981
0.8995569999999999
0.831421
0.8783780000000001
0.9085540000000001
0.830734
0.85334
0.8306309999999999
0.911315
0.7854260000000001
0.909351
0.86301
0.8459760000000001
0.875217
0.8905209999999999
0.872849
0.9272879999999999
0.8415030000000001
0.8383959999999999
0.701395
0.89722
0.828249
0.8613790000000001
0.9326770000000001
0.84665
0.736383
0.8842049999999999
0.9213450000000001
0.8720979999999999
0.7795310000000001
0.9051549999999999
0.57932
0.777173
0.754955
0.772359
0.770775
0.827627
0.820267
0.8794219999999999
0.8362790000000001
0.8477290000000001
0.884548
0.828586
0.854426
0.83495
0.852242
0.812679
0.0
0.655556
0.87182
0.8213370000000001
0.899935
0.887963
0.0
0.730117
0.678579
0.571372
0.765428
0.7744260000000001
0.875978
0.818014
0.783324
0.770117
0.928409
0.766059
0.8441780000000001
0.927435
0.841772
0.890827
0.876008
0.0
0.9109139999999999
0.891863
0.881184
0.8823540000000001
0.863886
0.890566
0.751664
0.860151
0.840081
0.8580139999999999
0.911135
0.9105709999999999
0.8364590000000001
0.790042
0.869117
0.746743
0.8517129999999999
0.5772729999999999
0.867733
0.9171959999999999
0.774617
0.916201
0.8756780000000001
0.36180999999999996
0.8551270000000001
0.802232
0.918592
0.0
0.88487
0.920035
0.900125
0.914092
0.8666739999999999
0.886185
0.781365
0.915475
0.666667
0.84605
0.0
0.719437
0.86144
0.8837649999999999
0.728838
0.709723
0.862468
0.888059
0.8497889999999999
0.708914
0.811567
0.684145
0.5932930000000001
0.747379
0.830247
0.764089
0.8815729999999999
0.882159
0.7865810000000001
0.889075
0.375525
0.869734
0.850476
0.908328
0.706311
0.905136
0.7697930000000001
0.881016
0.857823
0.8734040000000001
0.884834
0.0
0.906026
0.634379
0.856401
0.862434
0.715737
0.879971
0.911856
0.8309639999999999
0.906021
0.8295629999999999
0.86203
0.8809819999999999
0.927465
0.884242
0.9054620000000001
0.8628299999999999
0.90085
0.8082729999999999
0.47545
0.715442
0.7711359999999999
0.905877
0.862657
0.855569
0.8278790000000001
0.701838
0.930106
0.8683219999999999
0.921235
0.885342
0.0
0.797312
0.916638
0.94109
0.8706290000000001
0.8514709999999999
0.62813
0.768734
0.74562
0.896706
0.779392
0.767598
0.8231350000000001
0.830839
0.833942
0.0
0.875142
0.9106420000000001
0.871685
0.872418
0.795914
0.8996139999999999
0.893961
0.899109
0.885692
0.840224
0.877584
0.842757
0.8861399999999999
0.847757
0.882634
0.769791
0.743825
0.826599
0.0
0.822557
0.8705139999999999
0.0
0.8635139999999999
0.884885
0.909416
0.851726
0.9373790000000001
0.8216190000000001
0.897817
0.891552
0.8474459999999999
0.854549
0.800041
0.8471219999999999
0.839168
0.439409
0.9462450000000001
0.872317
0.84486
0.853345
0.915185
0.8484520000000001
0.0
0.896717
0.854503
0.884
0.563355
0.862291
0.6894600000000001
0.830034
0.0
0.0
0.8867389999999999
0.828838
0.806287
0.87324
0.8565659999999999
0.867469
0.834942
0.781971
0.8197989999999999
0.0
0.847668
0.837733
0.9118790000000001
0.873482
0.75
0.942206
0.885019
0.8963120000000001
0.8279030000000001
0.8258610000000001
0.814349
0.8466319999999999
0.859809
0.79801
0.8552569999999999
0.8524780000000001
0.868036
0.7932359999999999
0.8083560000000001
0.9168780000000001
0.850852
0.6261329999999999
0.8727940000000001
0.851333
0.929003
0.893019
0.8669620000000001
0.9196559999999999
0.8514959999999999
0.924723
0.8234360000000001
0.9262299999999999
0.903767
0.870384
0.388021
0.845075
0.8804379999999999
0.903488
0.832741
0.8353940000000001
0.716325
0.767447
0.911443
0.8783569999999999
0.775435
0.773269
0.7466649999999999
0.8606389999999999
0.87067
0.8777590000000001
0.733089
0.843576
0.67197
0.907142
0.9081819999999999
0.879545
0.763304
0.8512059999999999
0.8935190000000001
0.49261000000000005
0.900909
0.8559530000000001
0.8187180000000001
0.8464370000000001
0.308823
0.896284
0.740526
0.9204370000000001
0.815567
0.872585
0.8158479999999999
0.8433780000000001
0.797913
0.0
0.8801709999999999
0.861624
0.711974
0.8098479999999999
0.908012
0.698202
0.8814780000000001
0.783403
0.762667
0.838708
0.8442299999999999
0.9141819999999999
0.9081
0.858033
0.707633
0.839565
0.789874
0.82296
0.8528680000000001
0.470729
0.825298
0.640882
0.0
0.7480829999999999
0.861843
0.0
0.834076
0.9268120000000001
0.631013
0.802253
0.809422
0.0
0.867251
0.69187
0.9187930000000001
0.839249
0.866756
0.783567
0.851981
0.9350930000000001
0.8257700000000001
0.8517370000000001
0.0
0.0
0.8927370000000001
0.8644959999999999
0.0
0.8754139999999999
0.811521
0.8831
0.018219
0.831092
0.876518
0.875826
0.8381129999999999
0.91399
