-2.15362
-0.7709729999999999
0.295605
0.643599
1.2706899999999999
1.03509
0.8293459999999999
0.790061
0.474775
0.937
0.897591
0.636713
0.636713
0.127166
0.5754229999999999
-1.05365
-0.585188
0.9450780000000001
1.18554
0.287781
0.776131
0.27915300000000004
1.8708799999999999
0.684086
1.44282
2.0337099999999997
2.3254099999999998
2.421
2.5464
2.5464
1.2606700000000002
3.08813
-0.00968792
-0.360691
0.7469819999999999
0.324682
0.24124
-0.312652
0.437342
0.817521
0.962634
0.148009
1.6472099999999998
-0.0101665
4.261340000000001
1.2578200000000002
-0.325893
0.648255
-0.440824
0.370373
1.47414
1.53608
2.62758
1.9462599999999999
0.0891508
-0.0369211
0.540722
2.06129
2.93248
0.813086
0.8594129999999999
0.036833099999999994
-0.373206
1.23644
0.933629
0.656506
-2.4451400000000003
0.907824
1.0780100000000001
-0.356267
0.447017
-0.39164499999999997
-1.02138
-0.10330999999999999
-0.464289
-0.464289
-0.232325
-1.6405
0.137245
-2.53491
0.171992
-0.783805
-0.582759
0.247795
-0.7211529999999999
-0.176538
-0.14949500000000002
0.814462
0.142213
-0.594531
-1.44061
-0.25584
-1.33043
-0.8581129999999999
-1.4283299999999999
0.855301
1.57365
0.586671
0.963694
-0.397939
-0.664201
0.818566
-0.566078
-0.96111
0.0793075
1.08479
-0.191182
-0.47101000000000004
-0.333338
-0.564551
0.8503799999999999
1.14816
-0.881091
0.6038399999999999
-1.4200700000000002
-1.6107200000000002
-0.792491
1.7611700000000001
-0.188635
0.133077
-0.43281000000000003
0.172555
3.02372
0.161325
-1.87937
0.643676
0.664643
-0.647935
0.952677
-3.4381800000000005
-1.49726
0.16656600000000002
-0.9769479999999999
1.4138
-2.48673
1.60005
0.817729
-0.29062
-0.125856
0.366586
-0.0798663
3.63407
4.619330000000001
0.0154532
-0.249058
0.602598
-0.902903
-0.27019099999999996
-1.56082
-0.832952
-0.856615
-0.17516099999999998
0.411634
1.26134
-0.602337
-0.40058299999999997
-0.216836
0.8956879999999999
0.350964
-0.9284129999999999
-0.230221
-1.14774
-0.176092
-0.252075
-0.66206
-1.9320099999999998
-0.281215
-0.406506
-0.781989
0.13409200000000002
0.145428
-0.318602
-0.318602
0.404997
0.404997
0.107457
0.726191
0.768898
-0.503698
-1.07769
-0.20940599999999998
0.0189264
1.93983
0.8946280000000001
-0.9858379999999999
-1.11594
-0.34670300000000004
0.41553900000000005
0.267669
-0.43891899999999995
0.10144
0.624026
0.793824
0.119077
-0.21472399999999997
0.254156
-0.049937
-0.199725
-0.14966600000000002
0.644932
-1.1486399999999999
-0.525242
-0.940868
0.7444430000000001
1.6503700000000001
-0.105683
-0.0841517
-1.14792
-0.11641800000000001
-0.5238649999999999
0.195799
0.0632224
-0.755594
0.760999
-0.295221
-0.067481
-0.256653
0.240885
-1.44077
-0.888999
-0.439537
0.687322
0.47666400000000003
-0.37571
-1.81823
0.683439
0.674929
-1.30754
-1.52251
2.92079
0.129993
-0.14183199999999999
-0.278472
-0.68576
-0.029717400000000005
-0.56226
-0.5026390000000001
0.0189642
0.21765900000000002
-0.222291
-1.09494
-1.08375
-0.0507081
-0.0209791
0.17993599999999998
0.821609
0.239779
-1.1676600000000001
-0.264832
-1.1051
-0.7462439999999999
-1.72955
-0.377328
-1.69042
-3.3572699999999998
-0.0609438
-0.477376
0.787994
0.41983400000000004
0.565056
-0.514358
0.328769
0.180374
-0.837031
-1.20713
-3.23315
-0.776407
0.623211
0.124048
-0.34781
-0.9552959999999999
-1.21879
1.3245
-0.018699
0.515622
0.8149109999999999
-1.45959
-0.11268
1.1332
1.1332
0.164054
-1.4024299999999998
2.36658
0.638655
-0.9523280000000001
0.980877
0.306026
1.61729
1.20191
1.20191
0.789407
-1.0146
-1.6142
-1.1790399999999999
0.48088000000000003
1.01963
-0.8355239999999999
-2.0221299999999998
-0.479824
-0.00756725
0.288325
-0.021666
-0.8766120000000001
2.29489
2.00482
2.2143200000000003
1.20553
-1.22615
0.689226
0.654567
0.705327
0.5341899999999999
-0.020692
0.166321
0.296823
1.5575
0.15362
0.0248955
0.632881
-0.674875
-1.7577099999999999
1.46753
1.05932
1.11055
0.38464899999999996
2.15654
1.1010799999999998
0.339294
0.308203
0.5378539999999999
0.486067
-1.24214
-1.2216
1.62195
-0.573058
2.11945
2.58415
1.8592099999999998
1.36626
1.03433
0.28521199999999997
0.276017
0.854935
0.0994276
-0.46460799999999997
0.279724
1.0518299999999998
0.00131075
-1.78817
-0.07465989999999999
-0.0392029
1.37973
0.5179520000000001
-0.10540799999999999
-1.2553
0.279746
-0.40116799999999997
-0.786716
0.759313
-0.32664699999999997
-1.02249
0.043673500000000004
-0.9920030000000001
-0.6729539999999999
-0.231794
1.08471
-0.311628
-0.043233999999999995
-1.3789
-0.498543
-0.921407
-1.58711
-0.938942
-1.31558
-0.5476979999999999
1.4453
-0.285256
0.692412
1.48118
0.883583
-0.247698
0.0618874
-0.0764898
0.762883
0.762883
-0.355854
-0.951773
1.14262
-0.33353499999999997
-0.0569433
-0.0106863
0.592303
2.13885
2.67216
0.473879
1.3978700000000002
2.2612200000000002
1.20341
0.19964200000000001
-0.048544300000000006
0.348926
0.402071
-1.1136700000000002
0.313295
-0.870006
-0.779867
-0.0976033
-1.09585
0.12255899999999999
1.27888
0.870743
0.6854060000000001
2.11685
1.44165
1.7425700000000002
1.19231
0.495442
-0.200074
-0.391286
-2.1459799999999998
-0.196546
0.768698
0.588272
0.516493
0.290068
-0.527907
0.8528979999999999
1.14961
1.60133
1.60133
1.6633099999999998
-0.303832
-0.09267539999999999
-0.815416
0.8511989999999999
1.59858
1.26806
0.0678648
0.9729120000000001
-0.19787000000000002
-0.147566
-0.33070900000000003
-0.000617259
0.6610779999999999
-1.1254899999999999
0.226419
0.718916
0.10366600000000001
-0.0970802
-0.38429800000000003
0.570742
-0.177812
-0.41177600000000003
-0.524287
0.180728
-1.93641
-0.48061499999999996
-0.604749
-1.99757
-0.9639790000000001
-1.84685
-1.0613299999999999
-0.596919
-1.84223
