-0.559053
0.677662
-0.220608
-0.245959
0.433579
0.020184099999999996
2.03831
0.650609
0.219615
0.455002
0.406558
1.17919
1.17919
1.22455
0.5952810000000001
-0.0588288
-0.756594
0.810104
0.9404299999999999
1.05758
0.628468
-0.0786663
1.35601
0.6496029999999999
1.19631
1.51695
1.37173
2.31407
2.45495
2.45495
0.863979
2.53036
0.748649
0.426501
1.07538
1.01653
0.436968
-0.170238
0.630102
0.88889
0.655788
0.720596
1.7256099999999999
0.180481
2.60775
0.828873
-0.256973
1.02265
0.206896
-1.05968
1.89133
2.5638900000000002
1.9171900000000002
2.60068
1.34349
0.71355
0.124426
0.47334
1.7120099999999998
0.572732
0.14585599999999999
0.6251180000000001
-0.051917700000000004
0.497935
-0.234767
0.0431293
0.38055700000000003
0.518271
0.921162
-0.36341100000000004
1.8050400000000002
-0.126681
-0.42372299999999996
-0.780616
-0.46497
-0.46497
0.37796799999999997
-1.51724
0.968376
1.0296399999999999
-1.46024
-0.10676600000000001
-0.9418280000000001
-1.5288899999999999
0.181729
-0.668896
-1.04427
0.394014
0.0688054
-0.9361149999999999
-1.26981
-0.47527200000000003
-0.571466
0.180856
-0.9815440000000001
-0.24219200000000002
1.62067
0.202072
0.053187
-1.77941
-0.224311
-0.37593000000000004
-0.191884
-0.379186
0.0314756
1.17943
0.786288
-1.57428
-1.32631
-1.30334
-0.306832
0.7707229999999999
-0.595013
-0.269329
-3.16505
-1.598
-0.212081
1.7990599999999999
-0.682288
-0.199434
-0.510456
0.8513709999999999
1.53649
-1.25043
-0.115972
0.502211
-3.19152
-0.847316
0.573752
0.199472
-0.945321
-0.12013499999999999
-1.01981
0.351709
-2.9791
1.18831
0.578878
-0.35229499999999997
-0.300881
-0.34630500000000003
-0.00365137
1.76404
3.19201
-0.467631
-0.136673
-0.930883
-1.43146
-0.9917790000000001
0.10619200000000001
-0.00312054
0.24848499999999998
0.314882
-0.356567
1.19529
0.836241
-1.22306
-1.10996
-0.0324808
-1.52085
0.713217
-0.16608499999999998
-0.020547700000000002
0.168128
-0.044482
0.803774
0.602719
-0.0717817
-0.0296587
0.20281
0.7925770000000001
1.24625
-0.102902
-0.102902
-0.8102520000000001
-0.8102520000000001
0.255909
0.801198
0.573837
-0.904466
-0.634976
-0.0973876
0.345438
1.01098
0.261386
-0.16472799999999999
-0.274179
-0.957606
0.715874
0.46083500000000005
-0.7320220000000001
-0.768154
0.25506599999999996
-1.27712
-0.0483252
0.9883350000000001
0.13852799999999998
0.380081
0.154832
-0.172477
0.793734
-0.857023
-0.8208110000000001
-0.9009159999999999
1.44776
1.23363
-0.29983000000000004
0.37953200000000004
0.243206
-0.453016
-0.979567
-0.304799
-0.930622
0.490379
0.03693869999999999
0.0345587
0.407996
-0.813863
0.47438
-1.7387299999999999
-1.53039
-0.524895
0.272708
0.410074
0.454088
0.0828092
1.28977
1.09585
-0.349555
-0.48472600000000005
2.86674
-1.2583
-1.76932
0.19675399999999998
-0.534438
-0.45172299999999993
0.0168079
-0.32327
0.528267
0.278439
0.34110100000000004
-0.527432
-0.792474
-1.02844
-0.344963
-0.11673
0.084093
0.195551
-0.666647
0.116638
-0.11194100000000001
-0.635525
-0.7478819999999999
-1.1205399999999999
-0.0580165
-0.559932
-0.173505
-1.28853
0.161922
-0.8638709999999999
0.262943
0.18645
-0.00897633
0.230994
-0.47745200000000004
0.017821
-1.1534200000000001
0.12203599999999999
0.353533
0.0860337
-0.314179
0.316654
-0.87866
0.657288
0.278331
0.381146
0.138621
0.0264666
0.13789500000000002
-0.170624
-0.170624
-0.927844
0.307108
1.9725700000000002
-0.0335034
-0.522728
1.3418700000000001
0.232429
0.6168600000000001
1.5123799999999998
1.5123799999999998
1.56482
0.360059
1.6418
-0.761691
1.1309
0.48861499999999997
0.25648699999999997
-1.4228399999999999
0.42810600000000004
0.748483
-0.202229
0.375677
-0.8205129999999999
1.1129799999999999
0.668903
1.66513
1.0254299999999998
0.5074390000000001
-0.378379
0.65512
0.586583
0.40017800000000003
0.286508
-0.231819
-0.024918400000000004
0.787042
0.23423200000000002
-0.34697
0.332185
0.174422
-0.286933
1.9610599999999998
1.8396
1.10005
1.02462
2.23828
1.1285100000000001
0.41422200000000003
0.319918
1.3054299999999999
0.852841
-0.148787
0.405281
1.2149299999999998
0.346177
2.4738599999999997
2.44728
2.08711
2.48398
0.621883
1.21312
1.30154
0.806822
-0.270142
-0.234771
0.0305253
0.71809
0.491612
-1.56138
0.0204846
-1.65873
1.06715
0.45836800000000005
-0.188961
-0.30338000000000004
0.0118354
-0.994085
-0.523142
0.899034
0.15423399999999998
-0.0999023
-0.9192040000000001
0.0755798
-1.8542299999999998
-1.1739899999999999
-0.389857
0.242101
-0.05539109999999999
-0.8267700000000001
-0.9146489999999999
-1.53009
0.068509
-0.316733
-0.312744
-0.14787899999999998
0.491011
-1.3456299999999999
0.929695
1.20341
1.34502
-0.663287
0.23713499999999998
0.29182199999999997
0.9419549999999999
0.9419549999999999
0.487784
-1.04287
-0.05644880000000001
0.129726
-0.048113
0.28936799999999996
-0.381732
0.8622540000000001
1.2791299999999999
-0.45196099999999995
0.6378229999999999
1.4913
1.47088
0.306571
0.50362
-0.070372
0.8405819999999999
0.140244
-0.294535
-2.19975
-0.21721100000000002
-0.152552
-0.235842
-0.00648091
0.761628
-0.343179
0.10187
1.85958
1.43822
1.2806899999999999
0.9668690000000001
1.3886
0.47458
-0.275859
-1.08964
0.22400599999999998
-0.432708
-0.0604748
0.0796567
1.0424
-0.852406
0.943149
0.16031099999999998
1.22831
1.22831
0.902216
-0.396073
-1.50911
0.17269
-0.101078
0.270669
1.38269
-1.83197
0.5168590000000001
0.420522
0.135722
-1.24716
0.0257182
0.628944
-0.7873180000000001
0.457833
-0.284825
-0.687704
0.236475
-0.33255300000000004
0.276475
-0.455434
0.462153
0.0873829
0.5763010000000001
-0.816004
-0.294885
-0.391536
-0.47301000000000004
-0.753637
-1.9682099999999998
-0.679276
-0.533351
-1.22509
