0.6642779999999999
1.6321
0.0718639
1.5936299999999999
3.35402
2.06223
1.01365
0.5296960000000001
0.29238200000000003
0.8458829999999999
2.4043
1.6192600000000001
0.7818229999999999
0.608344
0.019988099999999998
3.89946
1.27152
-0.3437
-0.0841955
0.212633
1.4293200000000001
0.7807430000000001
-0.057149900000000003
2.29295
0.374388
4.2022699999999995
1.9100599999999999
0.885077
0.7977310000000001
1.15886
0.5862310000000001
0.7481720000000001
0.9032190000000001
1.48246
1.71228
3.95362
-0.204126
0.624057
1.6845700000000001
0.471801
0.359469
1.24888
-1.04011
0.7627470000000001
1.45341
1.1425100000000001
0.898906
0.666258
2.1156200000000003
-0.578547
2.7557400000000003
0.8463219999999999
1.1139
0.309355
-0.0588219
0.327702
2.27407
0.9914290000000001
2.66431
0.7670100000000001
-0.18099400000000002
0.241488
0.491345
1.95638
0.18654
0.875985
0.07331510000000001
0.571725
1.09277
0.00233207
0.009147200000000001
1.18511
2.4662599999999997
0.9055489999999999
3.3525300000000002
3.01182
3.2303
3.87514
-0.8370120000000001
2.9542200000000003
4.31672
0.554928
2.20169
0.1801
0.582739
2.59832
0.409495
0.354419
1.0763200000000002
1.5716
1.091
0.333923
1.05306
2.07134
3.68287
1.97993
0.764247
2.35725
0.340875
2.15148
1.5548600000000001
2.46628
2.33337
0.07518680000000001
1.5387899999999999
-0.16606700000000002
2.20149
2.09934
-0.152835
0.316533
2.4286
0.389438
1.3637299999999999
1.57511
0.864441
1.37525
0.857093
-0.246709
0.549762
0.829859
2.14899
0.282039
1.17446
1.2547
0.9575
2.03397
1.09191
4.99823
2.96817
1.07952
4.14697
0.527409
1.7346599999999999
0.496612
0.243995
0.595901
0.638325
1.3757700000000002
2.37587
0.21361
0.678974
1.43544
0.719665
1.8990099999999999
1.49927
2.45138
-1.3777700000000002
0.678941
3.1210000000000004
3.6128199999999997
0.0887099
0.19827
-1.4737
0.185705
0.585461
2.80651
0.512266
3.63343
-0.41327200000000003
4.21189
-1.8357599999999998
1.86507
3.79621
1.86411
-0.460713
0.029541
3.7777800000000004
2.4417400000000002
1.7365400000000002
3.0693
-0.423941
0.579929
-1.0348
2.2557400000000003
2.80365
2.4277599999999997
-1.56596
5.31449
-0.465844
-0.12248099999999999
3.0323900000000004
0.865507
2.61337
2.62086
-2.5037599999999998
3.0112900000000002
0.339405
1.4444700000000001
1.59324
1.8696700000000002
-2.0308
2.77738
0.228517
-0.534144
3.66529
1.7282400000000002
-0.413199
-0.160611
-2.79225
2.61301
0.21143299999999998
2.6001
1.8609900000000001
3.27262
2.6856
3.3971199999999997
3.58932
2.3464099999999997
1.54349
1.36669
3.3799900000000003
2.55769
0.296194
0.22601300000000002
3.4397599999999997
-0.00106306
3.4853300000000003
-1.33754
-1.01789
3.00326
-0.181225
3.31039
0.208569
2.99895
2.87098
4.45248
0.142406
0.755684
-1.7672900000000002
0.22137300000000001
-0.437726
3.1408
-0.471304
0.724063
1.5389899999999999
4.64684
-0.569064
-1.28407
-0.598176
0.520594
-3.36898
2.58906
3.06596
3.6097900000000003
-1.07966
-0.58235
2.8069599999999997
1.7531599999999998
0.8332639999999999
0.12584800000000002
0.510537
3.76496
1.6831099999999999
1.50029
0.789353
2.63314
2.79658
-0.0120848
-0.803657
1.7389599999999998
2.7730599999999996
2.98686
4.7495199999999995
2.7593900000000002
2.9701
-0.608975
0.0662631
1.09479
-2.1459799999999998
1.20905
1.80597
-0.882875
1.07267
2.9405099999999997
4.5104
1.8040200000000002
-1.59166
-0.587121
3.4299699999999995
-0.10180800000000001
-0.11046099999999999
1.00779
-0.0244356
0.769702
0.703008
0.402067
-0.366278
-1.52383
-1.79568
-0.8193860000000001
-0.8131729999999999
0.22789099999999998
-1.94167
0.46344399999999997
-0.6451319999999999
1.05186
-0.777541
0.5686260000000001
-0.9239440000000001
-0.19279200000000002
-0.15648499999999999
0.0
-4.09468
0.0
-0.34079899999999996
-0.7751979999999999
-2.27652
-0.139067
-0.320874
-1.30215
0.650976
-0.8004600000000001
0.0
0.310803
0.110634
-0.7725029999999999
0.24198000000000003
0.401389
-0.568114
0.0
-0.6807300000000001
-0.0246593
-0.023155000000000002
-0.0219612
-0.820426
-1.35029
0.461037
0.372923
-0.49650299999999997
-0.0221815
-0.7893720000000001
0.49263900000000005
-0.738751
-1.2885
0.0
0.7625270000000001
-1.61028
-1.1120299999999999
0.0931823
-1.1191799999999998
-0.892108
0.310406
-0.28324699999999997
0.344654
-0.42649499999999996
-0.292975
0.42331899999999995
-0.42471400000000004
-4.409680000000001
-2.18099
0.465077
-0.14344500000000002
-1.39742
-0.026115100000000002
-0.352777
-0.0407145
0.0
-0.240537
0.135824
-2.35238
-1.13903
0.159371
-0.382626
0.16428900000000002
-2.4204
-0.000653397
0.753239
-0.291147
0.341618
-0.183258
0.228361
0.513083
0.89385
-1.3941299999999999
-1.95307
-0.0549409
-2.2311
-0.5203220000000001
-3.01136
-1.04972
-0.639209
-0.364309
0.365874
-0.784464
0.635904
-0.33076700000000003
-0.0784895
-0.199454
0.870072
-2.1226700000000003
-0.240749
-1.37036
0.784316
-0.385135
0.816878
1.3603
-0.33733
0.507467
0.0
-1.0379399999999999
0.563312
-0.558189
-0.742011
0.200266
-0.176993
0.0
0.9236110000000001
-0.709508
-3.3764
0.44123
0.667288
0.9450069999999999
-0.520988
-0.511741
-0.856935
-0.956728
-2.56657
-3.18939
0.0
-2.20643
-2.38064
-0.890307
0.0
-0.275737
2.8039400000000003
-0.183806
0.593759
-0.238779
0.196722
-0.7126100000000001
0.717854
-0.08715830000000001
-1.8445900000000002
0.946593
-0.28971199999999997
0.554689
0.34877199999999997
0.317558
-0.216299
0.0
-0.583978
-0.490617
0.985058
0.418417
0.662212
2.27671
-2.60937
-1.6467599999999998
-0.10154400000000001
0.7927029999999999
-0.300638
1.0064600000000001
-0.153625
0.527478
-0.22648600000000002
-2.87365
0.0934159
1.05508
0.010832099999999999
0.0
0.283254
0.5919449999999999
-1.6385900000000002
-3.3477900000000003
0.47257
-0.5213369999999999
0.686362
-3.93931
-1.3828799999999999
-0.77864
0.0431121
-1.9960099999999998
-2.38872
-0.055515499999999995
0.7082649999999999
0.235875
-0.1274
-1.67705
-0.333034
0.900983
0.1753
-0.8071689999999999
1.0306899999999999
0.118932
-0.519949
-2.91876
-0.28181
-1.2512
0.0229609
-0.399754
0.16600499999999999
0.31138699999999997
-0.967405
0.410412
0.298623
0.331125
-0.5598380000000001
0.320256
1.2665600000000001
-0.211154
-0.23801399999999998
0.42172299999999996
0.0
-0.71194
0.601171
-3.19218
0.497676
-0.199596
0.0864939
-1.54405
0.6262979999999999
0.8416959999999999
-4.06399
-0.00839449
0.238456
-0.528943
-0.364666
0.363126
-0.129134
0.381598
-0.7433350000000001
-0.18103
0.44359899999999997
0.376513
0.19751300000000002
-0.295094
0.556624
-0.307564
0.0878778
-0.22794
-2.2987599999999997
0.0
0.49943000000000004
0.23061900000000002
0.609635
0.598812
0.8536739999999999
0.012927200000000002
0.0
0.319454
2.08398
0.11517899999999999
0.8547899999999999
0.21367600000000003
0.290096
-0.866201
-0.48867200000000005
-0.57211
-1.8618
0.360558
-0.7812819999999999
-0.671467
-3.68285
-0.128079
-0.390886
0.118756
-0.31405500000000003
0.352486
0.60731
0.0
-0.708534
-0.198527
-0.614396
-0.401219
-0.767446
-1.00064
0.0
1.35026
0.355621
1.4091799999999999
0.0
-0.251245
0.0987214
0.337431
-4.30941
-1.04874
0.273978
0.00233452
-0.947132
0.61963
0.559288
-0.131721
-0.385148
0.026167000000000003
-0.128151
0.118802
-0.649454
0.39002600000000004
0.0986738
-0.400751
-0.21978699999999998
0.986916
0.583873
-0.910489
0.00030717099999999996
0.385575
0.32207600000000003
0.0608798
0.202847
0.477125
-0.10741300000000001
0.25354899999999997
-0.155604
0.159107
-0.13630599999999998
-0.0515288
-0.0568844
0.34562
-0.838411
-0.426659
-0.239087
-2.13958
-3.23495
-0.656312
-2.4236400000000002
-0.154
0.545675
-0.845088
0.268978
0.5192479999999999
0.9471510000000001
0.45126700000000003
0.16860999999999998
-0.754223
-2.03497
0.0
-4.38259
0.535044
-0.0350364
-0.0696682
-0.110871
0.0
-3.9103
-4.18711
1.53823
0.362708
-0.94326
1.2700799999999999
-2.00307
-0.056204
0.535709
-4.02537
-0.318701
-0.98892
0.108748
1.0354299999999999
-0.159045
0.201844
0.0
0.0794325
-0.09114900000000001
-0.244973
-0.298667
-0.521439
0.139426
-0.9740620000000001
-0.590432
0.367976
-0.363268
0.364556
0.45647200000000004
0.321337
0.997807
-0.13943
0.390306
0.10913699999999998
-3.52549
1.0007
0.41629099999999997
-0.370723
-0.476725
-0.249453
0.103651
-0.5476300000000001
0.52532
-0.424592
0.0
-0.46281000000000005
0.40025
0.630641
0.87492
-0.657817
0.309489
0.269356
-0.910776
-3.65676
0.0982319
0.0
0.541462
-0.694128
-0.753448
-1.09906
0.584045
-0.0111141
-0.933593
-0.364065
0.640117
-0.927452
0.182846
-1.761
0.8223600000000001
-0.430454
0.307109
0.0202464
0.37588499999999997
0.0467297
-0.772982
0.266945
0.328255
0.566066
-0.792269
-2.8435599999999996
-0.63721
-0.19548
0.146763
0.472376
-0.285208
0.156726
0.0
1.49349
0.605596
-0.319285
-0.8386530000000001
0.09000520000000001
-0.783199
0.143792
-0.29696100000000003
-0.00243338
-0.8298719999999999
-0.132981
0.178418
-0.342901
-0.462114
-0.234114
-0.310413
-0.287443
-0.17341700000000002
0.550912
-3.56069
0.23054000000000002
-0.293354
-0.8881700000000001
-3.82651
-0.08976260000000001
0.35205
-0.494882
0.17316900000000002
0.112419
0.26260500000000003
0.0
0.00207541
0.325106
0.11904200000000001
0.610773
-0.6200100000000001
0.625081
0.663582
-0.081091
1.42916
-1.8643599999999998
0.615741
0.332539
-0.4753
-0.0554254
0.0
-0.787778
-0.7211569999999999
0.88144
-0.191315
-1.25921
-0.237762
0.434808
0.42669399999999996
-1.03983
-0.318229
0.9589780000000001
0.648177
0.0694863
-0.613851
-0.651776
-1.46176
-3.19809
1.23364
0.0
-0.47739
0.513826
-4.1946
-1.6571
-0.230371
-0.0722709
-0.191522
-0.9238540000000001
-1.77676
-0.0593505
-0.626029
-1.18839
0.445125
0.460736
0.143043
-0.148776
2.10184
-3.99674
-0.41151899999999997
0.281511
-0.13252
0.73624
0.15972999999999998
0.0
-0.5118199999999999
0.0263702
-0.0815256
1.2434100000000001
-0.101299
0.83621
0.569602
0.0
0.0
0.15670499999999998
0.359321
-0.113246
0.22666799999999998
0.26121300000000003
-0.708882
-0.0334506
0.155424
0.00963602
0.0
-0.51535
-0.195775
-0.16179000000000002
-1.50292
-4.27168
0.00840826
0.550871
-1.57835
-1.8057
0.4276
-0.657198
-0.324462
0.354175
-1.8095900000000003
0.876817
0.27326999999999996
-0.0891545
-0.110616
0.44733500000000004
-0.16530899999999998
-0.087354
-1.17317
1.32826
0.06673580000000001
0.0267615
0.48811800000000005
0.0783469
0.28531999999999996
-0.583298
-0.38166500000000003
-0.972044
-1.56576
1.18974
1.32213
-3.53076
-0.8767389999999999
-0.317871
0.221521
0.403501
0.927321
-2.30523
1.34677
0.913269
-0.803852
-2.97612
-0.660582
-0.225782
-0.386482
0.35771
0.747653
0.43424300000000005
-1.43805
1.33903
-0.413263
0.539313
0.183739
0.728741
1.2306700000000002
0.205166
-0.482942
0.33035
-0.29612
0.246207
-0.292257
1.47576
-0.0748307
-3.3717300000000003
-0.664242
-0.21737199999999998
-0.737525
-0.10973
0.0668087
-0.243272
0.0
-0.974017
-0.167537
0.752945
-0.947507
0.07193780000000001
-0.24735500000000002
0.237328
0.374849
0.9123629999999999
1.80329
-2.86381
0.6240479999999999
-0.012695
1.02804
-0.38668800000000003
0.431187
-0.0647357
-1.7238
-0.518464
-0.306744
0.706527
1.5923100000000001
0.0
-3.6800300000000004
-3.11196
0.0
-1.55613
-0.16885
-0.8992030000000001
-0.32812600000000003
0.6530819999999999
0.0
-1.12663
0.9088290000000001
-1.4916
0.346177
0.659086
0.537946
-1.37842
0.6293850000000001
0.6837979999999999
-0.14588199999999998
0.0
0.0
0.43239799999999995
-1.94704
0.0
-0.366126
-2.62795
-0.982835
0.855299
0.250812
-0.198108
0.596988
0.0203351
-0.21122600000000002
