-0.259816
1.2572
0.639679
0.0828979
3.04732
1.8711799999999998
0.253309
-0.23961999999999997
0.460665
0.402094
1.0016
1.68661
-0.219504
-0.33523400000000003
0.653935
4.15419
1.80253
-0.326489
-0.127091
0.177042
-0.325619
-0.216394
-0.892716
3.94116
0.0242892
3.11134
0.290119
-0.014849600000000001
1.01463
1.68145
0.823399
0.16558599999999998
-0.00946331
2.13937
0.8456549999999999
3.10467
-0.0745988
-0.9282940000000001
1.59089
-0.0115192
-0.32356599999999996
2.42949
-0.792779
-0.116529
2.16975
0.64746
0.785976
0.139037
0.8027569999999999
-0.36695900000000004
2.10629
0.982145
-0.25018
0.50169
-0.0817784
-0.037205699999999994
0.531552
-0.524341
3.00431
0.299582
0.10165
-0.08385139999999999
-0.305802
1.19655
0.697797
-0.0377276
0.192945
-0.51731
0.561311
-0.580649
0.36292399999999997
0.101118
2.00791
1.13608
1.6994200000000002
3.94706
1.57425
2.25189
-0.616398
3.09572
2.77935
0.315734
1.85133
-0.287164
1.55386
2.32036
0.9695290000000001
0.417595
0.11368800000000001
0.781421
1.35969
0.409146
0.909984
0.474318
3.7389
1.57415
1.00389
3.23696
0.45376000000000005
1.0144799999999998
1.36673
2.87727
3.5162
-0.27253299999999997
1.3743299999999998
1.06803
3.15124
1.06701
-0.6261909999999999
-0.16071300000000002
1.61447
-0.209625
0.129992
0.7620100000000001
0.0364369
0.43414899999999995
0.600605
-0.0223087
1.00044
-0.223545
1.95308
0.557121
0.542247
-0.10316800000000001
0.178708
1.6722599999999999
0.644179
3.90181
1.30723
0.872705
2.4618700000000002
1.1133600000000001
-0.0150156
-0.674758
0.0504027
1.67495
1.66979
1.03254
1.6164
0.884858
0.570788
1.20697
-0.984928
0.39772399999999997
0.391142
0.488575
-0.978769
1.25336
0.370492
2.14019
-0.0838403
0.655406
-1.21834
-0.0109085
0.5520510000000001
2.25182
-1.28142
0.428451
-0.188094
3.44633
-0.9697979999999999
0.308855
2.8850700000000002
0.253986
0.855944
0.160485
0.9085709999999999
0.655582
-0.40433800000000003
1.10963
0.40997
0.741269
-2.0062599999999997
0.541087
1.62734
0.9728620000000001
-1.3203
4.00031
-0.635934
-0.594271
1.9228299999999998
-0.569612
0.952233
1.04102
-1.48593
1.6723
-0.9111360000000001
-0.00189794
-0.09160549999999999
-0.71416
-1.8123200000000002
0.534838
-0.232647
-0.467305
2.6684099999999997
0.607467
-0.056145600000000004
-0.0868534
-0.33076700000000003
0.8998389999999999
-0.234553
1.84696
1.8581599999999998
2.25808
0.446083
1.60548
1.43739
0.31487
-0.144125
0.9138930000000001
2.81351
2.51303
-0.13553099999999998
-0.114692
1.1627100000000001
-0.19291
1.64651
-1.28473
-2.59635
0.18369000000000002
-0.280731
1.27909
-0.158146
2.6629400000000003
2.25543
2.73597
-1.27747
-0.187718
-0.1617
-0.15088
-0.149086
0.732354
-1.01296
1.01158
0.847708
3.40973
-0.807478
-0.21223899999999998
-0.41267200000000004
-0.467346
-0.0728903
-0.130494
1.61719
3.22059
-1.37693
-0.658974
0.728533
-0.126083
-0.691008
-0.07971619999999999
-0.253809
2.20571
1.00595
0.10313699999999999
0.10988699999999998
1.9954900000000002
2.0735
-0.5226069999999999
-0.750252
1.0939
1.81912
2.0467
2.34007
0.752657
0.415972
-0.00662481
-0.6593100000000001
0.612313
-2.56433
0.776826
0.205835
-0.729966
0.37057399999999996
1.52912
1.9069900000000002
1.30511
-1.42651
-0.0344441
2.92178
0.418759
-0.856834
0.08048889999999999
-0.698912
0.36015
-0.590565
-0.577701
-2.2242599999999997
-1.66576
-2.44978
-0.47350699999999996
-0.354923
0.10311700000000001
-1.7250599999999998
-0.293757
-1.30995
-0.214067
0.150976
-0.298953
-0.23685
-0.156782
-0.181444
0.0
0.0
0.0
-0.286643
-0.309967
-1.6853200000000002
-0.629999
-0.19117
-0.243617
-0.318011
-0.797948
0.0
-0.018992099999999998
0.6506649999999999
-3.1071299999999997
-0.152999
0.227992
-0.6136119999999999
0.0
-0.548451
-0.8875649999999999
-0.30304899999999996
-0.8396030000000001
-0.787299
-0.8594
-0.06289940000000001
-0.208479
0.584205
-0.13344
0.0390844
0.738216
-0.10505199999999999
0.6820729999999999
0.0
0.609717
-1.09237
-0.152367
-0.272998
-0.041404199999999995
-0.308096
-0.47462600000000005
-0.182419
-0.234486
-0.6428729999999999
-0.42868
0.0499935
-0.20498000000000002
0.0
0.579045
-0.45108400000000004
-0.8993180000000001
-0.8469700000000001
-0.31793899999999997
0.12575799999999998
-0.21922600000000003
0.0
-0.634554
-0.406783
-1.60522
-0.9307979999999999
-0.160737
-1.1294899999999999
-0.739111
-1.09859
0.787719
0.764836
-0.808282
-0.42511000000000004
-1.30182
0.189887
-0.12728699999999998
1.1202
-0.14307899999999998
-1.52854
-0.745512
-0.24323000000000003
-0.07998480000000001
-0.283963
-2.00866
-0.459767
-1.6647900000000002
-0.772338
-1.24275
0.297046
-0.187592
-0.684814
-0.936193
0.476354
-0.814231
-0.104949
-1.37917
0.169274
-0.6563220000000001
-0.243844
0.595471
0.759247
-0.24290100000000003
0.0
-0.266691
-0.548614
-0.270789
-0.95821
0.31892800000000004
-0.405262
0.0
0.502638
-0.23781100000000002
-1.2161899999999999
0.201765
0.208673
0.334613
0.39860300000000004
-1.8639
-0.020904
-0.9594020000000001
-1.15877
-0.326941
0.0
-1.01702
-1.68556
-0.160339
0.0
-0.997416
0.303859
-0.581186
0.959779
-2.08138
0.289984
-0.26888
0.27283
-0.472695
-2.3967400000000003
0.543888
-0.47273000000000004
0.024434400000000002
0.231587
-0.759872
0.307527
0.0
-0.20261099999999999
-1.74078
0.30189099999999996
0.265594
0.949586
2.21074
0.587119
-1.39935
0.0505629
1.06647
-0.954458
0.478167
-0.31700900000000004
-1.2535399999999999
-0.899279
-0.6900689999999999
-0.852341
-0.6179680000000001
-1.43016
0.0
0.29836
-1.05236
-1.20651
-1.8921400000000002
-0.7595430000000001
-1.49571
-0.042038099999999995
0.416145
-1.7861599999999997
0.225742
-0.7192689999999999
-0.8043
-0.906553
-0.0758206
-0.388913
-0.255782
-0.0378454
-0.519043
0.0171112
-0.205925
-0.49242299999999994
0.668254
-0.461045
-0.21786599999999998
-0.32142
-0.609657
-0.655554
-0.47557299999999997
-0.8367829999999999
-0.524978
-0.310023
-0.227767
-0.303752
0.52164
-0.0487083
-0.641922
-0.9063889999999999
-0.373575
-1.2838
-0.506888
-0.880811
-0.292387
0.0
-0.224827
0.41073699999999996
-0.558845
0.43162399999999995
-0.666892
-0.655512
0.214548
-0.42088400000000004
-0.5506479999999999
0.25860500000000003
0.994165
0.14172300000000002
0.11187000000000001
-0.68925
-0.242356
0.369894
0.11251900000000001
-0.287312
0.380519
-0.197069
-0.8108390000000001
0.861489
-0.6051310000000001
-0.600106
-0.950018
-0.105998
-0.9267049999999999
-0.945678
0.0
0.15248699999999998
-0.352929
0.227096
-0.414338
-0.793112
-0.0897237
0.0
0.45140399999999997
1.18564
-0.264748
-0.565642
-0.6855680000000001
0.542736
-0.796315
-0.864397
0.00319474
-0.181026
-0.849591
-1.11398
-1.05671
0.263901
-0.634166
-0.494755
-0.40771
-0.197643
0.253944
-1.1671
0.0
0.785205
-0.5923579999999999
-1.15254
-1.24405
-2.23067
0.305408
0.0
-0.111114
-0.278035
-0.78495
0.0
-0.553203
-0.452317
-0.0481305
0.0
0.178411
0.160667
0.13895
-1.09181
-0.181595
-0.622222
0.12926500000000002
0.171287
-1.44448
-0.266099
-0.496533
-0.8281860000000001
0.438565
-0.0175128
-0.579014
-0.5111479999999999
0.139043
-0.0772875
-0.447938
-0.45665600000000006
-0.680592
-0.78798
0.0593256
-0.06400159999999999
0.0551117
-0.00737998
0.518853
-0.897655
-0.487811
-0.468678
-0.140899
0.569674
-1.06538
-1.42646
0.254387
-0.41625
0.315821
-1.63465
0.354502
0.282967
-0.878707
-0.401072
-0.437987
-0.0948294
0.28228400000000003
-0.43789399999999995
-0.205134
-1.14785
-0.178504
0.21710900000000002
0.0
0.0
-0.327467
-0.24010900000000002
-0.0559807
0.282534
0.0
0.146779
-1.87985
1.21376
-0.0384142
-0.800602
0.47572700000000007
-1.7482400000000002
0.140949
-0.513791
-0.0760837
-0.203342
-1.5913700000000002
0.12321300000000002
0.153971
-0.518614
0.20285799999999998
0.0
0.125029
0.121857
-0.13984100000000002
-0.13459300000000002
-1.0114299999999998
-0.535754
-0.6505569999999999
-0.727784
0.47711499999999996
0.0551524
0.446353
-1.02286
-1.08501
-0.408314
-0.27442
-0.134873
-0.6838069999999999
-0.170968
0.236886
-1.0774700000000001
-0.5488390000000001
-0.037991000000000004
-1.07322
0.15217999999999998
-0.975883
-0.8859969999999999
0.12316600000000001
0.0
-0.7764479999999999
-0.482538
0.319721
1.07386
-0.187585
-0.776359
-0.495762
-1.41349
0.0
-0.44355600000000006
0.0
0.631626
-0.119149
-0.6582100000000001
-0.7656609999999999
-0.12039000000000001
0.9877100000000001
-0.7028369999999999
-0.340318
-0.909374
-1.66533
0.456074
-1.7833700000000001
0.723722
-0.8707299999999999
0.519129
-0.6310859999999999
0.138231
-0.869934
-0.750486
-0.576805
-0.856662
-0.0384793
-0.900027
-1.0610600000000001
-0.15998099999999998
0.139852
-0.246286
-0.480984
-0.523612
-1.3633
0.0
1.57546
0.0277802
-0.414771
-0.109332
0.669949
-0.325682
-0.553367
-0.0805203
0.434307
-0.692174
-0.0115883
-0.0634761
1.3054299999999999
0.35955
-1.09204
-1.19275
-1.06714
0.371151
-1.00894
0.9742559999999999
-0.692988
0.16983499999999999
-0.79571
0.00333651
-0.5702229999999999
-0.814477
-0.445986
-0.717828
-0.0709818
-0.265679
0.0
-0.917866
0.322331
-0.1983
-0.748417
-1.2216799999999999
-0.6623399999999999
0.279627
-0.335908
0.312445
0.7872140000000001
0.180488
0.526874
-0.46874099999999996
-0.8106260000000001
0.0
-0.878338
-1.8675
-0.42521400000000004
-0.223581
-1.9253799999999999
-0.210825
-0.950311
-0.360533
-0.32107800000000003
-0.263815
0.927278
0.343213
-0.14507899999999999
-0.23095100000000002
-0.37964699999999996
-2.71755
0.12609800000000002
0.593321
0.0
-0.713217
-0.470837
-0.170968
-0.802902
-1.46522
-0.407992
-0.276698
-1.27119
-0.8981020000000001
0.380977
0.5517810000000001
-1.02683
-0.274926
-0.14289200000000002
0.115819
0.43472200000000005
0.504195
-1.41455
-1.432
-0.444068
-0.73798
-0.09597699999999999
0.368654
0.0
-0.902217
-0.567427
-0.048452999999999996
1.89884
-1.44119
-0.611102
1.34449
0.0
0.0
-0.575699
0.35444499999999995
-1.07689
-0.9249959999999999
-0.379141
-0.39721799999999996
-0.949259
-0.235279
0.320758
0.0
-0.851324
-0.36212300000000003
-0.297944
-0.749996
0.0
0.327899
-0.140327
-1.11867
-1.1664700000000001
-1.0073299999999998
-0.922375
0.259739
-0.491437
-1.70354
0.304726
0.431112
-0.671137
-0.895583
-0.47569300000000003
-0.532904
0.112094
-0.6005510000000001
0.26260900000000004
0.6994020000000001
0.16555899999999998
0.94316
0.46280299999999996
-0.410095
0.00705825
0.507115
-1.4324
-0.428533
0.112875
0.528424
-1.00324
-1.0972600000000001
-0.935494
-0.877568
-0.31953899999999996
-0.377893
0.228948
0.379434
-0.344206
-0.790272
-1.6766599999999998
-1.94177
-0.224507
0.305841
-1.5762399999999999
-0.332892
-0.657029
-0.837118
-0.26433
-1.4451
-0.163511
0.350181
-0.953277
1.08331
0.12822999999999998
-0.923098
0.127666
-0.36827
-0.61748
0.315977
0.601721
-0.401156
-0.539087
-0.430555
-0.300385
-0.9963559999999999
-0.7258789999999999
-1.18062
0.673955
0.0
-0.9359860000000001
-0.547996
-0.08302230000000001
0.799385
-0.660291
-0.312676
0.49586899999999995
0.5825779999999999
0.08347669999999999
1.0154100000000001
0.125461
-0.49723100000000003
-1.35969
-0.702306
0.671596
-0.6958949999999999
-0.997873
-1.1791
-0.0677693
-0.165573
1.21851
0.0662849
0.0
-0.962498
-0.7972859999999999
0.0
-0.739454
-0.747585
-0.853843
-0.384538
-0.46959700000000004
0.0
-1.4463700000000002
0.47058500000000003
0.7900560000000001
0.231888
-1.07449
-0.268807
-0.535809
-1.12818
-0.767529
-0.959175
0.0
0.0
-0.0780296
0.43705900000000003
0.0
-0.406928
-0.780891
-1.7930000000000001
1.78121
-0.12276199999999998
-1.5405799999999998
0.0883262
0.200216
-0.45908000000000004
