0.875342
0.705357
0.916952
0.794203
0.800461
0.831577
0.461243
0.6269640000000001
0.508012
0.7660779999999999
0.8227780000000001
0.8336540000000001
0.8336540000000001
0.85541
0.632458
0.924176
0.957543
0.8106939999999999
0.689656
0.779972
0.660625
0.733556
0.47208999999999995
0.137931
0.709677
0.679455
0.358144
0.667559
0.45037299999999997
0.45037299999999997
0.5870340000000001
0.0042734999999999995
0.790509
0.789898
0.868517
0.743577
0.352403
0.674806
0.766971
0.665664
0.928999
0.8814049999999999
0.312
0.43859799999999993
0.0832187
0.704343
0.9195200000000001
0.615955
0.740795
0.672499
0.798358
0.5544399999999999
0.96539
0.5902729999999999
0.613398
0.8137840000000001
0.766491
0.617404
0.444168
0.867818
0.8450469999999999
0.214238
0.7549819999999999
0.655455
0.532188
0.5182770000000001
0.861107
0.733175
0.6890689999999999
0.5902729999999999
0.652778
0.787829
0.7627
0.849532
0.656612
0.656612
0.777778
0.8414659999999999
0.773544
0.812992
0.8624959999999999
0.383328
0.526842
0.9280579999999999
0.592633
0.6300100000000001
0.759655
0.9574469999999999
0.889518
0.930409
0.9035110000000001
0.491259
0.9443879999999999
0.921791
0.8879940000000001
0.803858
0.863341
0.8623629999999999
0.315763
0.9128069999999999
0.913235
0.896457
0.734848
0.949573
0.946141
0.8053130000000001
0.498688
0.8787360000000001
0.685714
0.897727
0.8766809999999999
0.8168479999999999
0.822355
0.7502409999999999
0.8898729999999999
0.779795
0.891141
0.5000600000000001
0.674797
0.656199
0.15037999999999999
0.365218
0.5100210000000001
0.543624
0.828783
0.8931549999999999
0.8335110000000001
0.85295
0.544118
0.705182
0.823574
0.9055049999999999
0.855758
0.681098
0.888228
0.245484
0.396254
0.8366110000000001
0.89851
0.9549690000000001
0.862108
0.473825
0.0886798
0.897384
0.8935709999999999
0.8492790000000001
0.8601850000000001
0.841397
0.646463
0.748178
0.9201969999999999
0.38013
0.692539
0.22109099999999998
0.465674
0.839443
0.663283
0.43765299999999996
0.711717
0.8234540000000001
0.519874
0.783496
0.788505
0.8577370000000001
0.8305440000000001
0.64337
0.9335030000000001
0.744894
0.90566
0.893357
0.18304600000000001
0.21452399999999996
0.21452399999999996
0.522768
0.522768
0.797864
0.69212
0.656633
0.954142
0.80814
0.834731
0.864057
0.662462
0.6261
0.638493
0.809917
0.708773
0.717173
0.842267
0.749825
0.801358
0.581799
0.670455
0.777359
0.697228
0.710138
0.752212
0.8155720000000001
0.610588
0.18301800000000001
0.84696
0.860516
0.913183
0.55529
0.461848
0.791321
0.852517
0.784469
0.7584890000000001
0.907668
0.802926
0.833975
0.878336
0.410458
0.668411
0.925158
0.517134
0.911947
0.723785
0.54348
0.854147
0.793928
0.863107
0.8809290000000001
0.8703420000000001
0.813746
0.754433
0.9108510000000001
0.865368
0.9666879999999999
0.8982049999999999
0.6435029999999999
0.615318
0.800736
0.9096049999999999
0.673874
0.8957280000000001
0.8370569999999999
0.617576
0.815022
0.9369370000000001
0.767763
0.9525379999999999
0.9487180000000001
0.9620360000000001
0.930315
0.901639
0.9244190000000001
0.826075
0.6831470000000001
0.750364
0.778575
0.862002
0.768351
0.7721520000000001
0.680617
0.940602
0.8359709999999999
0.700292
0.9372290000000001
0.899435
0.809801
0.949843
0.849772
0.912173
0.946419
0.821678
0.8529059999999999
0.817534
0.739488
0.8272870000000001
0.36245900000000003
0.434586
0.8473569999999999
0.701961
0.8726209999999999
0.78854
0.5533680000000001
0.809688
0.809688
0.909159
0.212115
0.32797800000000005
0.42380200000000007
0.743062
0.385094
0.528564
0.8167939999999999
0.252645
0.252645
0.5139239999999999
0.935515
0.89949
0.8235290000000001
0.8695950000000001
0.853801
0.9516129999999999
0.946925
0.9125700000000001
0.906911
0.90915
0.42028000000000004
0.8742209999999999
0.459779
0.0911716
0.168741
0.718913
0.754985
0.8212969999999999
0.6795979999999999
0.82194
0.7704270000000001
0.2374
0.0264069
0.9034540000000001
0.756771
0.9036280000000001
0.711335
0.736159
0.6580050000000001
0.760284
0.460149
0.201216
0.22459099999999999
0.5420729999999999
0.728763
0.8123100000000001
0.854791
0.921222
0.840816
0.7268640000000001
0.959142
0.645177
0.267214
0.881913
0.45223199999999997
0.155182
0.493334
0.0980664
0.7175819999999999
0.18729300000000002
0.0274281
0.14638800000000002
0.607215
0.9511930000000001
0.8995110000000001
0.775995
0.848878
0.907449
0.8515870000000001
0.8530690000000001
0.639145
0.92881
0.8735569999999999
0.601617
0.43973900000000005
0.892431
0.873734
0.8549979999999999
0.871395
0.8271860000000001
0.9134389999999999
0.886307
0.8643709999999999
0.8820709999999999
0.8336790000000001
0.828003
0.833353
0.9010360000000001
0.88381
0.8522379999999999
0.527778
0.9181600000000001
0.838153
0.83114
0.6462720000000001
0.922924
0.47738500000000006
0.880685
0.8234290000000001
0.74332
0.882316
0.155177
0.165651
0.165651
0.7825979999999999
0.8753340000000001
0.879547
0.825937
0.7964289999999999
0.860556
0.849239
0.204715
0.5808479999999999
0.5324800000000001
0.08946169999999999
0.0756296
0.826342
0.6360140000000001
0.20135
0.560085
0.878142
0.923178
0.885066
0.8915629999999999
0.877777
0.9260940000000001
0.879282
0.708336
0.31461999999999996
0.8666219999999999
0.8468370000000001
0.715866
0.638634
0.453708
0.6411859999999999
0.77176
0.8839940000000001
0.913014
0.302906
0.255243
0.869926
0.642779
0.620955
0.8110149999999999
0.8776360000000001
0.874685
0.792298
0.790441
0.790441
0.906863
0.836724
0.9352659999999999
0.8845
0.902992
0.9309430000000001
0.740001
0.83125
0.720249
0.724206
0.800543
0.887753
0.503913
0.8701270000000001
0.9154399999999999
0.911798
0.47622299999999995
0.89507
0.9524450000000001
0.9083399999999999
0.9079790000000001
0.953953
0.567439
0.7563300000000001
0.46669499999999997
0.982936
0.789099
0.6795720000000001
0.8082590000000001
0.839026
0.938887
0.747213
0.818
0.852141
