1.6664
1.6206200000000002
1.61956
1.9756900000000002
2.29778
2.00088
0.552751
1.28735
-0.0959188
0.522878
3.9043900000000002
0.130499
0.514498
2.1789400000000003
1.62656
2.88699
1.38381
1.7835
-0.35887399999999997
1.5582200000000002
0.826709
2.2581700000000002
1.4168100000000001
2.30196
2.6227099999999997
3.3682800000000004
2.67048
-1.17325
0.388382
1.0593
0.321008
2.00148
0.18474100000000002
1.33449
1.1232
3.24447
-0.202956
1.43022
0.437213
0.804419
-0.322098
0.6958489999999999
2.57974
-0.142328
0.660107
0.802826
-0.9000299999999999
1.31321
2.08207
1.2864200000000001
1.56546
-0.06307549999999999
0.27742
0.0102171
0.375644
0.14490799999999998
0.973353
0.6949960000000001
1.38926
-0.8421559999999999
-2.06703
-0.216579
0.769888
1.55084
-0.731264
0.862001
0.6366890000000001
0.644875
1.69629
0.585028
1.10535
0.327253
2.1208
0.678134
2.17137
1.55059
2.65504
2.69752
0.640295
1.61879
2.22506
-0.570511
0.9998290000000001
1.12586
-0.71638
0.666747
0.217887
0.81301
1.18811
-0.331869
-0.145898
1.62602
2.78931
1.62012
2.59622
1.55188
-0.10574000000000001
2.05687
0.15686
2.01474
0.671968
1.47517
2.35576
0.70631
-0.38343
0.65491
2.3484700000000003
3.03915
0.0113945
1.35286
1.7772
1.08968
-1.30437
0.644053
1.11489
0.37759000000000004
1.308
1.01368
-1.36205
-0.9939790000000001
1.0640399999999999
1.08094
1.59309
1.27081
-0.05938240000000001
0.258707
-0.03377380000000001
2.93529
2.05364
0.7570060000000001
3.2535
-0.457611
0.0221531
2.37525
0.570349
1.15516
-0.756732
0.422073
0.59454
0.21710100000000002
-0.16006700000000001
2.1790599999999998
-0.144157
2.2307900000000003
1.05321
1.9495200000000001
-0.31261300000000003
-0.0924214
1.71223
3.1051
-2.00805
-1.66471
-0.341023
0.5041439999999999
-0.474191
1.82709
-0.0951802
2.43283
-1.4480899999999999
2.55974
1.9785400000000002
1.9710400000000001
2.67585
1.1332799999999998
-1.52568
-2.2048
3.05606
1.38204
0.683466
1.7021
-2.82016
-1.4384700000000001
1.66136
1.09371
1.76793
0.856201
1.13324
2.82443
2.85891
-1.153
1.4496200000000001
1.96302
2.64393
2.40064
-1.05464
0.657812
-1.9593599999999998
1.9909400000000002
0.24958200000000003
0.261261
-0.271036
2.3206599999999997
-2.17387
0.460867
2.49106
0.258743
-1.07976
0.23573200000000002
-1.00221
2.01002
-0.0652256
1.62353
3.1021799999999997
1.8546599999999998
2.57475
1.93907
2.63502
2.49966
0.655738
-1.54498
2.19886
3.10747
0.607536
-0.949584
1.54769
-1.4345299999999999
2.44908
0.49226400000000003
0.7234689999999999
2.56906
-1.3615
3.01625
-2.78978
1.6013600000000001
2.22044
3.14432
0.880717
0.563537
2.13006
-2.08797
-0.11883599999999998
2.4735099999999997
0.564263
0.246883
0.22925
3.34895
0.600001
-0.194217
0.314548
-1.17828
-1.41434
1.7022700000000002
1.97689
2.30094
-0.352638
-1.9241599999999999
0.9142959999999999
1.57703
1.43523
-0.650285
-0.065502
1.9820400000000002
1.3796
-0.57522
-0.203003
2.24627
2.55896
-0.8870100000000001
0.128626
5.4578
0.876175
2.46243
3.9088
3.6176699999999995
3.2842800000000003
-1.317
-0.350269
-1.9038400000000002
-1.49199
0.514187
-0.0974293
1.45937
-0.564785
1.68272
2.02315
0.871344
1.5098200000000002
-1.2497200000000002
2.6379599999999996
-0.709367
0.138099
-1.2642799999999998
-1.61362
-0.8748549999999999
-0.605205
-2.22045
-0.518241
1.78215
-0.102125
-0.416329
0.7702140000000001
-1.93307
-0.595513
-3.08061
-1.5749600000000001
-0.356061
0.23853000000000002
0.0786097
0.154083
1.01104
-1.8958099999999998
0.0
0.0
0.0
2.21415
1.5968
1.0684200000000001
-0.394023
-0.941765
0.040816000000000005
-2.2686
0.688936
0.0
-2.99611
0.493982
-2.18003
-1.36484
-1.11312
0.376658
0.0
-3.69275
-2.80278
-1.8436400000000002
0.084303
-1.1481299999999999
-1.15354
-0.225206
-0.23284000000000002
-1.01088
0.00951092
0.10810399999999999
-1.20708
1.43982
-1.65378
0.0
1.1782700000000002
2.2905
-0.562142
0.0817402
1.03309
-1.23495
-1.1517600000000001
-3.6199
-1.3851200000000001
0.19583
-0.30283000000000004
-1.92386
-0.302602
0.974092
0.676184
-1.47884
-3.45042
1.80972
-1.15129
0.2943
-0.7202930000000001
0.0
-0.9997379999999999
-0.880502
0.0
-1.33646
1.17565
-1.64957
-1.58609
0.681462
0.9991979999999999
-1.34176
-1.65451
-0.708924
1.1412200000000001
1.3182399999999999
-0.53833
-1.58254
2.19331
-0.744848
-0.812194
-1.9846599999999999
-0.471779
-0.797887
0.9130940000000001
-1.6404299999999998
1.25163
1.58844
0.68011
-1.3798700000000002
-1.40711
-2.54937
-0.0548298
-0.47866499999999995
2.12145
-1.3304799999999999
2.83355
-0.019734599999999998
0.44223999999999997
0.278646
-0.5592739999999999
-1.07304
-0.694494
0.0
-0.221716
-2.16758
-1.0583799999999999
-1.29295
-1.88222
-2.60045
0.0
-1.10643
-1.7684
-1.19933
-0.640034
-2.52632
1.79857
-3.1148599999999997
0.895978
-1.66258
0.0455832
-0.10067000000000001
-0.27117199999999997
0.0
-1.41345
1.64337
-1.0845
0.0
-3.22517
0.619923
-1.62246
-2.0270200000000003
0.29833000000000004
-3.37359
-0.5910380000000001
-2.8914400000000002
-1.54453
0.952998
-1.49974
-1.61848
-0.814796
-1.4198
-0.889048
-1.1432799999999999
0.0
-0.439834
1.60401
-1.3691
-1.00227
-0.8434719999999999
-1.6670200000000002
0.676184
2.075
-1.2405
-0.8831370000000001
1.21799
-0.797029
-2.2873799999999997
-0.611567
-2.26618
-0.846568
-1.50378
0.9315459999999999
1.01357
0.0
-0.9611040000000001
-0.10347100000000001
1.00847
0.0
-0.924435
-0.422575
-0.301811
0.0
-0.671525
0.92455
-1.09994
0.226534
-1.4731299999999998
-0.147086
-0.627761
-1.40876
-1.85963
-0.874792
-0.7591
-1.4000700000000001
-0.8593219999999999
-0.5262359999999999
-0.327894
-0.571852
-3.2772300000000003
-0.0750155
-1.2076200000000001
-0.926321
1.26763
-0.105126
-1.03021
-0.232227
-0.748682
-0.7429819999999999
-1.35507
-0.20605
-0.668694
-0.66014
-1.9885
-1.84207
-0.333962
-1.097
0.0
0.42709600000000003
-0.6609649999999999
0.169046
-0.15922999999999998
-0.0987881
-0.030355200000000002
0.7284470000000001
-0.7997489999999999
0.406825
-0.0169565
-0.11457
-0.8263780000000001
-0.24794899999999997
-1.6483599999999998
-0.149783
-1.09084
-1.10341
-0.5401729999999999
-0.951944
-2.3445
-0.738729
-0.768251
-1.0908799999999998
-1.2392100000000001
1.37499
-1.26904
-2.01686
1.2087
0.0
-2.33272
-1.69911
-1.1267
-1.8095599999999998
0.014597799999999998
-1.182
0.0
-1.48056
-0.15987
-1.72565
0.4281
-2.23298
-3.19559
-0.440217
-0.211799
-1.50014
1.80972
-0.771193
-0.569879
1.1304299999999998
-0.257011
0.663346
1.05245
1.42829
-0.5017020000000001
0.0428858
-1.06338
0.0
0.676184
0.8973190000000001
-0.6261909999999999
-3.13179
-0.44500100000000004
-1.68517
0.0
2.9463
1.0615700000000001
0.0858543
0.0
0.394014
-1.17923
-1.38876
0.0
2.16056
-0.8984840000000001
-0.0124903
-0.469974
-2.0836099999999997
-0.381637
-0.3338
-1.92907
-1.02014
-1.9662400000000002
-0.911198
2.16152
-0.747791
-0.54343
0.49791599999999997
1.07247
-0.0972285
-0.18171800000000002
-2.0249599999999996
-0.9191549999999999
0.0112623
-1.6511799999999999
-0.707481
-1.9634599999999998
-1.40153
-0.646147
1.50863
-1.93118
1.03588
0.373584
-1.2907600000000001
-1.04139
-0.504713
0.72172
1.4910700000000001
-2.1301
0.9427770000000001
2.65326
-1.32704
-0.778188
1.22234
-1.70642
-1.0593299999999999
-1.53431
1.01289
-1.4395799999999999
-0.598282
-1.62929
-1.08665
0.110426
0.0
0.09402999999999999
-0.292385
-0.493435
-2.16511
-1.715
0.0
0.0
1.4917200000000002
-0.057860800000000004
-0.133707
-2.56102
0.17793699999999998
0.29581599999999997
0.273257
-0.620664
-0.263783
-0.436221
0.5729310000000001
1.5095
-0.902906
0.0459215
-1.16524
0.0
-2.74841
0.172492
0.656151
-1.5901100000000001
2.9664900000000003
-0.6826810000000001
-0.42266000000000004
-1.2454399999999999
-0.779962
0.16912
-0.00337024
-1.55372
-0.843261
-2.1089
2.4254700000000002
-1.38339
-1.9931400000000001
-0.186002
-0.826046
-0.637396
2.6306700000000003
-0.1779
0.27065300000000003
0.508652
-0.420804
-2.2103900000000003
-2.37472
0.0
-0.25396199999999997
0.852241
-0.0426413
-1.8722599999999998
-3.26729
-2.0567
1.05301
-0.947355
0.0
1.3817700000000002
0.0
0.290627
-0.201728
0.10051
1.72537
0.9375049999999999
-0.8564709999999999
-2.0674900000000003
0.351292
1.57186
1.0401
-0.9881040000000001
-0.8091659999999999
-0.141349
-2.23375
-0.22428800000000002
-2.4232299999999998
-0.11421300000000001
-0.636257
-1.8976099999999998
-0.9754280000000001
-1.37018
-0.174407
-1.01634
0.676184
-0.25923
-0.818234
-0.897257
-0.7329060000000001
-0.865028
-2.1015900000000003
0.0
-1.3301100000000001
-0.376104
-0.384207
0.8505229999999999
-2.24512
0.304153
-2.56737
1.96367
-0.687733
-0.0256587
-1.8853400000000002
-1.97964
-0.18468199999999999
-1.56434
-2.4093
-1.6459
-0.697483
1.22055
-0.17975
0.8619899999999999
-0.200352
-1.39618
1.20931
0.0
-1.49174
-0.0105196
-0.823643
2.24517
-1.44471
-1.14303
0.0
-2.58778
-0.728853
0.27171100000000004
-2.56996
-2.51748
0.211511
-0.248698
-2.53766
-1.4165299999999998
-0.761352
-1.7256200000000002
-2.3369400000000002
-1.1217
-0.919587
0.0
-1.35935
-0.951001
1.5318100000000001
-1.15709
1.0087700000000002
-3.7338400000000003
0.587156
-0.809505
1.14921
0.031119900000000002
-0.44723100000000005
-1.79875
0.13816099999999998
-1.07043
-0.0917262
0.5651970000000001
-0.27117199999999997
-0.623975
0.0
0.24210700000000002
-1.5251299999999999
0.0
-0.6555840000000001
1.41962
-1.2390700000000001
-0.694995
-2.4377
-1.53321
-1.1267399999999999
-0.0234207
-1.5647
-0.665399
0.914402
0.146846
-0.505963
-0.9206409999999999
0.0
2.0143
1.7045299999999999
-2.36198
-0.25688
-0.879279
0.0
-1.0287600000000001
-0.71438
-1.8186400000000003
-1.66638
-0.6985439999999999
-1.435
0.308297
0.0
0.0
-1.50528
-1.18154
-0.76475
-1.0706799999999999
-1.8463900000000002
-1.05187
-0.9194200000000001
0.010642200000000001
-0.955794
0.0
0.562766
0.163851
-2.40607
-0.455244
0.0
-0.156368
-0.814357
-0.522802
-2.70961
-0.525612
-2.04352
-1.8406200000000001
-3.47136
-0.941627
-0.0993566
-2.22801
-1.08711
-1.82835
0.583266
-1.7368700000000001
-2.1227099999999997
1.21926
-0.0955956
-0.380447
-0.843274
-2.4322
-2.84667
-1.45161
-1.37734
0.972369
-1.4264
-3.21738
1.50567
-2.14938
0.0
-0.21725100000000003
1.6980000000000002
-1.60679
1.08041
1.2576
0.12944
-0.0731573
-1.99745
-2.46184
-2.16736
0.5353600000000001
0.449762
-0.374614
-2.1503099999999997
-1.28129
-0.24382600000000001
0.6724359999999999
-0.537086
-0.5579270000000001
-0.075999
-0.23319299999999998
0.8536159999999999
-3.02955
-0.9513590000000001
-0.7712479999999999
-0.249888
-0.779058
-0.224044
0.49921899999999997
0.521012
-1.77427
1.7369900000000003
1.7195200000000002
-1.6541400000000002
-2.53773
-0.49166099999999996
-0.553038
0.653442
0.0
-0.932219
-2.56723
-1.09353
-1.21391
-2.51398
-0.8065359999999999
-3.05456
-2.77164
1.74891
-1.14749
0.900057
-3.6622199999999996
-0.591287
-1.1807
0.098446
-3.65896
0.622898
0.656808
-1.1440299999999999
0.5761149999999999
-2.58889
-1.0574
0.0
0.601168
0.39615100000000003
0.0
0.374132
-1.6663299999999999
-0.305058
-1.1748100000000001
-0.165992
0.0
-1.12598
-1.90789
0.590819
-0.847765
0.23767600000000003
-1.33922
-1.31459
-0.303823
-1.22684
-1.54084
0.0
0.0
-1.11053
1.83733
0.0
0.213377
-0.447953
0.358767
-0.9316610000000001
0.05946900000000001
-1.60622
-1.6895900000000001
0.0761747
0.9706020000000001
