-0.915322
-0.513038
-1.15209
0.585201
2.49329
0.864252
-0.258094
-1.03789
0.163329
-0.369183
1.9015400000000002
-0.652228
-2.16836
-0.662628
-0.05785169999999999
3.3642
0.344493
-1.65005
-1.09074
-1.48419
-0.79665
-0.455045
-1.27125
1.33419
-1.27645
4.43818
2.51031
0.840132
0.791296
0.788451
0.0630178
-0.291545
0.197201
1.22326
-0.369698
4.618869999999999
-0.886792
-0.215344
0.821592
-0.9967010000000001
-0.656461
-0.233657
-2.31825
0.0170607
-0.0233889
-0.153609
0.0609023
-0.688116
1.7711299999999999
-1.21638
2.2001
0.17761500000000002
0.47607200000000005
-0.629472
0.14116199999999998
0.462499
2.49739
-0.336598
2.78104
-1.1922700000000002
-0.342546
-1.46181
-0.770216
3.9549800000000004
-0.17495
0.36988000000000004
-0.229023
-0.261992
-0.551373
-0.734401
-0.308142
-0.796151
3.9064300000000003
0.29029499999999997
5.0589900000000005
1.80529
4.42788
4.62599
-2.09084
3.7086099999999997
5.9219599999999994
-1.48976
3.9086199999999995
-0.516632
0.055914599999999995
2.08112
-0.587557
1.10595
1.45377
-1.9317
1.0418100000000001
-0.803316
2.24106
4.0137599999999996
4.72165
1.5623799999999999
-0.7051189999999999
0.466552
-0.9009520000000001
2.8967099999999997
0.945384
2.8877
2.04218
0.11006800000000001
1.27121
-0.625937
0.302502
4.28337
-1.00186
-0.20752800000000002
2.70759
-1.5751
1.1362299999999999
0.9969040000000001
-0.204149
1.6510099999999999
0.9131610000000001
-0.41206800000000005
-1.0952899999999999
0.599427
2.67095
-0.544473
-0.085047
-0.459908
0.369667
0.8964850000000001
-0.23568699999999998
5.90024
3.9393599999999998
2.3877
5.71364
-0.702218
1.80552
-0.314623
-1.22819
-0.460672
-0.548983
0.45716899999999994
3.5843
-0.950367
-0.15302000000000002
0.43273900000000004
-1.44759
3.26174
2.0188099999999998
3.59626
-2.49602
-0.1395
4.5221800000000005
5.2214
-1.9943099999999998
-0.8955930000000001
-0.516663
-0.324727
0.409846
4.177
0.699229
4.65754
-1.1724700000000001
5.28481
-0.344652
3.7130699999999996
5.27252
3.14518
-1.9386400000000001
-0.451003
5.62708
4.10166
1.46597
4.0693
-1.31384
-1.1227
-0.29951
2.3672
3.3475800000000002
2.40484
-2.10207
6.7290399999999995
-0.535496
-1.29546
4.09912
-0.0939299
3.21656
4.31438
-0.7783180000000001
3.06396
-0.989714
1.0797299999999999
0.5576180000000001
0.978359
-1.38726
3.69525
-1.15244
-1.0644200000000001
5.3845
-0.392458
-1.20202
-0.7506149999999999
-2.2344
3.9591
-0.0304046
3.4508199999999998
1.77742
2.9336900000000004
3.89701
3.9874300000000003
5.0508
2.93662
3.22553
0.13863599999999998
5.49066
2.26133
-0.02271
-0.219716
2.20202
-1.16251
4.15017
-0.45806099999999994
-0.976432
5.34895
-1.81456
4.836930000000001
-0.281437
2.82666
1.01683
5.42396
-1.29964
1.20626
-0.5337029999999999
-0.07768589999999999
-0.966717
5.0048699999999995
-0.5407569999999999
-0.163902
-0.0363236
5.29249
-3.3601900000000002
-0.8417
-1.52115
-0.235093
-0.6247090000000001
3.26776
2.83038
4.56695
-0.815982
-1.15665
3.4561599999999997
1.9863400000000002
0.12929200000000002
-0.381868
0.485625
4.95063
0.909817
1.44597
0.0167955
4.147480000000001
4.28463
-0.6817
-1.78938
2.30721
4.06944
4.96235
5.41145
4.42224
3.8903
-1.16929
-1.43764
-0.0113863
-0.127039
0.133632
3.49566
-0.447859
-0.792928
2.0485599999999997
5.17825
3.60549
-2.41324
-1.70291
5.6296
-0.0868048
-0.84025
-0.6566310000000001
-0.6443220000000001
-0.338312
-1.11447
-0.52662
-2.18538
-0.665233
-1.1067200000000001
-0.799288
-1.9760400000000002
0.177258
-0.874821
-0.590564
-0.685056
-0.420307
-1.20405
-0.7647579999999999
-0.8236450000000001
-0.243481
-1.3248
0.0
0.0
0.0
-1.8389900000000001
-0.624405
-1.09465
-0.60207
-1.40345
-2.43938
-1.276
-1.11495
0.0
-1.01831
0.501243
-2.42581
-0.8217639999999999
-0.536197
-3.23007
0.0
-0.728003
-1.70892
-3.25904
-2.0832
-1.41554
-1.28373
-0.892914
-1.26766
-0.9963270000000001
-1.61865
-0.207677
-0.193298
-0.32810300000000003
-1.56559
0.0
-0.666482
-2.2935
-1.30497
-1.18464
-0.55286
-0.66585
0.37161500000000003
-0.378635
-1.30965
-1.77788
-0.349432
-0.342906
-0.950277
0.5593819999999999
-0.869137
-0.7083689999999999
-0.7990189999999999
-1.2804200000000001
-1.03977
-1.1470799999999999
-1.34239
0.0
-0.8029430000000001
-1.16611
0.022705700000000002
-0.6856760000000001
-1.56913
-1.12238
-0.261872
-1.07621
-2.2829099999999998
-0.78384
-0.475851
0.0498196
-1.38596
-1.12701
0.047787
0.208472
-1.89841
-1.1196
-1.99435
-2.39813
-1.31247
-0.11079000000000001
-1.93477
-1.89142
-0.64559
-1.8494599999999999
-1.59837
-0.404095
-1.66762
-1.4014
-0.185256
-0.819092
-1.7598599999999998
-2.06314
0.399791
0.527173
-1.88258
0.204808
1.29331
-0.8970799999999999
-0.794772
0.0
-0.52868
-0.9758709999999999
-1.21423
-2.1638900000000003
-1.37322
-1.30998
0.0
-0.363054
-1.7210299999999998
0.9457690000000001
-0.322024
-1.33002
0.07176
-1.12842
-1.22367
-1.0214
-0.939034
-0.99423
0.859427
0.0
-0.38263400000000003
-1.07289
-1.0177200000000002
0.0
-0.792094
1.09582
-1.03601
-0.804531
-0.6194390000000001
-0.7741
-0.538883
-1.02935
-0.308788
-0.9041620000000001
0.11627699999999999
-1.81929
-0.61983
-0.5102909999999999
-1.60594
-0.832816
0.0
0.09269630000000001
-2.2088
-1.2639
-0.472554
-0.671532
-0.0433728
-0.975593
-1.7481799999999998
-1.6381700000000001
-1.34457
-0.41206099999999996
-0.03778069999999999
-1.00892
0.407997
-0.794439
-0.159136
-0.40834699999999996
2.59206
-0.00235292
0.0
-0.278494
-0.725025
-0.974583
-0.205506
-1.50473
-1.70878
-1.41032
0.0
-1.19652
-2.8448700000000002
-1.60475
1.31142
-0.8558819999999999
-0.849663
-1.31926
-1.4680799999999998
-1.02532
-0.647159
-0.265739
-1.33378
-0.47300299999999995
-2.3545
-1.0342799999999999
-0.0634561
-0.44531400000000004
0.0
-0.282373
-0.610909
-0.761854
-0.594449
-1.17489
-0.146861
-1.96268
0.14511
-0.00552603
0.13906
-0.7232310000000001
-1.6441700000000001
0.68172
-0.775947
-1.25735
-0.7423890000000001
0.0
-1.80817
-0.45258000000000004
-0.826833
-0.520564
-1.48403
-0.461683
0.692507
-0.905158
-0.378427
-0.479709
-0.00787249
-0.798172
-0.917859
-2.23453
-1.09274
-0.542043
-1.24124
-0.6159220000000001
-1.14648
-0.362464
-1.27086
0.338262
-0.637567
-0.995122
-0.0215429
-0.12350799999999999
-0.305668
-1.82797
0.0
-0.8144140000000001
-0.21521500000000002
-0.839342
-0.8908709999999999
-0.17940799999999998
0.394876
0.0
-1.20081
0.723247
0.24238099999999999
-0.26913200000000004
-0.611426
-0.982957
-0.937053
-1.45678
-1.21214
0.0541679
-1.17011
-1.1917200000000001
-0.559825
-0.31855300000000003
-0.947069
-1.36201
-0.294458
-0.581926
-1.22101
-0.731628
0.0
-0.614822
-0.65541
-1.59463
-0.11600799999999999
-3.3501800000000004
-1.95928
0.0
1.9982099999999998
-2.64173
-0.981684
0.0
-2.2919
-1.65137
-0.22516799999999998
0.0
-1.22536
-0.7669199999999999
-0.9859530000000001
-0.5453020000000001
-0.26745
0.0355723
-1.06711
-1.43278
-1.3836
-1.10152
-0.23491599999999999
-0.9493299999999999
-0.615789
-1.44544
-1.18591
-0.666718
-1.57837
-1.32179
-1.07653
-0.726068
-0.5215489999999999
-0.907766
-1.34894
-1.22633
-0.665708
-1.39242
0.384196
-0.776766
-1.9626400000000002
0.150633
-1.25963
-0.803004
-0.629207
-1.0403200000000001
-2.0540599999999998
-1.09858
-1.8983299999999999
-0.259685
-1.06331
-1.98385
-1.86158
-0.9180649999999999
-1.14806
-0.629736
-0.115896
-0.188322
-0.5948359999999999
-1.41202
-1.7187400000000002
-2.51852
0.0
-0.135518
-1.39784
-0.22726500000000002
-0.835899
-1.01331
0.0
-0.295061
0.00126101
-0.052677800000000004
-0.954622
-1.23464
0.421397
-1.61428
-1.23634
-0.632154
-0.340752
-1.4444299999999999
-2.5032900000000002
-0.991867
0.162313
-0.623258
-1.0094
0.0
-1.1092
-1.07876
-1.35629
-0.735163
-2.20004
-0.962659
-0.74632
-0.52194
-1.89793
-0.489605
-0.594813
-0.7054739999999999
-0.601668
-1.0813
-1.11815
-0.5073770000000001
-0.160049
-0.244804
0.393758
-0.708374
-1.72889
-1.37867
-0.588733
-0.841791
-2.27809
-1.1210799999999999
-1.0007700000000002
0.0
-1.46964
0.6801510000000001
-0.29487199999999997
-0.219991
-1.85139
-1.01257
-1.2969600000000001
-2.2919400000000003
0.0
-1.25158
0.0
-1.51926
-0.188903
-1.65075
-1.0798
-0.818675
-0.44430699999999995
-0.806427
-0.11808900000000001
0.334142
-0.628256
-0.470929
-2.13341
-0.739325
-1.35255
-1.06635
0.303611
-2.86078
-1.36956
-1.7138
1.42495
-1.4104
-0.010808400000000001
-0.270514
0.449107
-0.96629
-0.33241
-0.24649699999999997
-0.4621
-1.54082
-0.439388
0.0
-1.18541
-0.6259319999999999
-1.9812
-0.6981569999999999
0.792916
-0.7047
-1.5029700000000001
-1.30447
-1.1888299999999998
-1.54439
-2.5346
-2.14412
-1.5596299999999998
-0.626097
-0.55914
-0.718967
-2.42448
-1.77361
-0.589583
-2.56819
-1.5812700000000002
-0.850093
-0.795977
-0.937707
-0.862085
-0.94421
-1.37085
-0.13811600000000002
-1.3467799999999999
-0.614111
0.0
-1.04834
-0.776301
-0.573254
-0.630432
-0.257286
-1.06227
-1.1114700000000002
-0.9486020000000001
0.334959
0.372409
0.245115
-0.42272
-0.851384
-0.27657600000000004
0.0
-1.07027
-0.7940520000000001
-1.01728
-2.31633
-1.4786700000000002
-0.47278400000000004
-0.651227
-0.757894
-2.6213599999999997
-0.8247120000000001
0.0543395
-0.155614
-0.762104
-1.67071
-0.520475
-1.9453099999999999
-1.2543600000000001
-1.1367399999999999
0.0
0.0838809
-1.42565
0.0
-1.41277
-2.10007
-0.5048590000000001
-0.571637
-1.71015
-1.18618
-1.31999
-0.793427
-1.57798
-1.6643599999999998
-0.4891
-1.34697
-0.84816
0.210669
0.0
-1.34311
-0.335883
-0.139178
-0.42289899999999997
-0.754591
0.0
-0.399039
-1.51701
-1.23043
-0.166719
-0.983145
0.47925100000000004
-1.1119
0.0
0.0
-1.20469
-1.1146399999999999
0.35480700000000004
-1.62467
-1.30759
-1.8404599999999998
-1.13568
-1.02098
-0.897949
0.0
-2.12368
-1.28633
-0.588117
-1.40852
0.0
-0.685717
-0.98882
-0.6253340000000001
-1.81417
0.048332
-1.28895
-1.0387899999999999
-0.7659050000000001
-1.26578
-0.464351
-0.569763
-0.883756
-1.0299
0.878925
-1.1224100000000001
-0.729937
-1.08172
-0.42718500000000004
-0.753434
-0.8371370000000001
-1.16973
-1.0846200000000001
0.0735918
-1.96538
-1.04748
-1.3176299999999999
-0.405023
0.0781212
0.135794
0.0
-1.37869
-0.0734209
-0.93161
-0.26050999999999996
-1.09881
-1.41696
-0.28034699999999996
-0.569408
-1.04483
-1.0548799999999998
-0.184289
-0.8922540000000001
-0.455086
-0.79709
-1.1906299999999999
-1.0529
-1.23071
-0.370846
-0.5242899999999999
-0.776977
-0.980621
-0.9291969999999999
-1.5122200000000001
-0.365254
-1.3443200000000002
-0.8580620000000001
-0.622984
-0.776896
-0.214256
0.623931
-0.145379
-0.710952
-1.29026
-1.35554
-0.721395
-1.11016
-0.672108
-1.1763700000000001
0.0
-0.593972
-0.80597
-1.33627
-1.5406600000000001
-0.958217
-1.3287200000000001
-0.862469
-1.27235
-0.734189
-0.538463
-0.387873
-0.386641
-1.69077
-0.369738
-2.12863
-0.594637
-1.4288299999999998
-1.79613
-1.2698399999999999
-1.16495
-0.185779
1.25101
0.0
-1.58924
-1.44363
0.0
-1.77555
-1.47432
-1.2698399999999999
-2.03666
-1.3529
0.0
-1.0072
-0.383685
-1.7608099999999998
-0.221331
-0.32197800000000004
-1.25397
-2.58334
-0.67408
-1.23613
-1.87755
0.0
0.0
-1.27169
-1.55568
0.0
-1.72017
-1.7968099999999998
-0.701996
0.443276
-0.543708
-1.15896
-0.114469
-0.446723
-1.44345
