0.527849
0.805634
-0.149085
0.788851
2.61556
1.51981
0.9045139999999999
-0.28324499999999997
0.141718
-0.125369
3.22933
0.753337
-0.919276
0.746002
0.478757
3.46544
1.00482
-0.9185180000000001
-0.104645
-0.5216029999999999
0.564029
0.730279
-0.435569
1.82
-0.03791130000000001
3.20226
1.90398
0.8504879999999999
0.900226
0.811407
-0.184598
0.0592636
1.0942100000000001
1.49728
0.470818
3.7616400000000003
-0.432358
-0.611158
2.34626
-0.207362
0.0286289
0.824433
-0.23283600000000002
-0.309609
1.20682
0.45886800000000005
0.516637
0.455032
2.74708
-0.487098
2.25041
-0.0772873
0.9601049999999999
0.184272
-0.0453606
0.394629
2.63943
0.169304
2.80159
0.293275
-0.0286877
-0.8384780000000001
0.771055
4.129659999999999
-0.10044600000000001
0.817138
0.183589
0.08996069999999999
-0.8332149999999999
-0.845565
-0.259232
0.0846215
1.60084
0.9058370000000001
3.6894099999999996
1.71355
2.42512
3.22684
-0.980457
4.677969999999999
4.80947
0.442604
3.07343
-0.512857
0.496493
1.21061
0.483044
1.81182
1.36686
0.289196
0.720754
-0.330421
2.30609
4.29901
3.03835
0.662949
0.324936
0.660682
0.106946
3.13145
0.449679
2.88702
3.5568400000000002
0.465545
1.9275900000000001
0.00098563
0.157478
3.45307
-0.059375800000000006
0.458428
2.16141
-1.10636
-0.024622799999999997
1.33406
0.738622
2.31681
0.84515
-0.315261
-0.143353
1.538
2.47118
0.48816000000000004
0.300795
0.320864
0.476416
1.68413
0.022111099999999998
3.991
3.1667
3.11
2.85279
-0.0206038
3.23869
0.38611100000000004
-0.725807
-0.24457600000000002
0.45986499999999997
1.25591
3.04468
-0.617468
-0.258635
1.01399
0.161937
2.94656
2.68013
3.91643
-2.01402
-0.209504
3.46823
3.16095
-1.05425
-0.24676599999999999
-0.929784
1.39755
0.630016
3.21001
0.787683
3.57179
-0.779375
3.36839
-1.4051799999999999
3.11387
2.82115
3.02103
-0.6796810000000001
0.415728
3.3254699999999997
3.98671
1.9807400000000002
2.3807099999999997
-1.37788
-0.370125
-1.3303
2.56061
3.13519
3.27046
-2.06242
4.03993
-1.02659
0.182132
3.21827
0.22589800000000002
1.73488
3.63866
1.88946
3.51966
-0.334998
1.12684
2.38141
1.53245
-0.372713
2.75765
0.328935
-0.24016700000000002
3.8985800000000004
0.0942924
-0.419818
-0.671916
-1.71295
3.6251900000000004
0.432046
2.0573599999999996
1.88257
2.8068299999999997
3.61691
2.8648
3.48224
1.95566
2.8012099999999998
0.972137
5.60784
2.79872
-0.404325
-0.5347970000000001
2.8658200000000003
-0.0732945
2.5448
-0.31085100000000004
-0.38411100000000004
3.02795
-1.08464
3.7973199999999996
-0.801917
3.01435
1.69173
4.4282699999999995
-1.82788
1.92986
-0.257876
0.736247
0.018137900000000002
2.8807
-1.17981
1.01035
0.8348450000000001
3.22255
-0.93745
0.12319200000000001
-0.804706
-0.553447
0.46820200000000006
4.09531
3.25333
3.16133
-0.624212
-1.06199
3.36308
2.03917
0.11343800000000001
-1.03125
0.314605
3.4244199999999996
2.68645
1.8284799999999999
0.91317
1.87296
3.17456
-1.29359
-0.34287399999999996
2.44346
3.9223800000000004
3.99661
2.93951
2.2901
3.1766900000000002
-0.170328
-0.499306
0.242446
0.21577800000000003
0.7810010000000001
3.6051
-1.66336
0.928323
2.60732
4.19217
3.18198
-2.07849
-0.44149099999999997
2.80887
-0.37601100000000004
-0.332805
-0.08067239999999999
0.263336
0.715921
-1.6997099999999998
-0.32615700000000003
-0.86254
-1.26076
-2.36152
-2.2981599999999998
-0.418038
-1.30816
-1.37148
-0.0847625
0.40871
-1.5175299999999998
-1.08738
-0.232839
-2.0352799999999998
0.300966
-0.679405
0.0
0.0
0.0
-0.878862
-1.04893
-0.8472209999999999
-1.3255700000000001
-0.012478200000000002
-1.16046
-0.23885900000000002
-1.7926400000000002
0.0
-0.501313
0.638455
-0.819233
-0.292027
0.785511
-1.85122
0.0
-1.7027599999999998
-0.192677
1.23361
-0.355852
-1.37667
-0.59832
-0.101251
-0.540154
-0.250802
-0.63575
0.238492
0.362926
-0.40747
-1.3261399999999999
0.0
0.0486479
-0.937378
-0.584123
0.8672629999999999
-1.13345
-0.5243720000000001
-0.566656
-0.0275612
-1.1168200000000001
-0.38155
-0.869698
0.474459
-0.23324099999999998
-0.964299
0.378284
0.895142
-1.11399
-1.62182
-0.8695450000000001
0.29691599999999996
-0.704677
0.0
-0.21138400000000002
0.0640935
-0.953824
-1.09366
-0.18626099999999998
-0.937342
-0.6302300000000001
-1.36591
-1.1157299999999999
-0.31317399999999995
-0.0122117
0.37102199999999996
-2.02589
-1.1705299999999998
-0.00222715
0.297377
-1.61958
-2.745
-1.3692600000000001
-0.659539
0.07515960000000001
0.270438
0.148337
-0.21874200000000002
-1.01776
-0.181678
-1.06446
-0.6271720000000001
-0.9446450000000001
-1.064
0.148598
-0.019506799999999998
-3.12182
-0.556631
1.9709400000000001
1.04443
-1.00819
-0.0724327
0.812184
-1.15527
-0.757829
0.0
-0.660201
-1.1531200000000001
-0.229068
-0.60837
-0.436403
-0.545147
0.0
0.09064910000000001
-0.733217
0.416465
-0.00544436
0.388995
0.334529
-1.19587
-0.701671
-0.20343699999999998
-1.16182
1.9253900000000002
-1.30125
0.0
-0.3426
-1.98758
-1.22058
0.0
-0.737312
2.2435400000000003
-0.728635
-0.415731
-2.14569
-0.201621
0.9574590000000001
-0.108708
0.11059100000000001
-1.63742
0.632736
-0.836058
-0.159581
-0.00597988
-0.831134
0.00524227
0.0
-1.45208
-1.3477299999999999
-0.578071
-0.539219
0.0121589
0.20677399999999999
-0.229121
-0.9700129999999999
0.138732
-0.376161
0.183063
-0.208725
-0.439929
-0.316965
-0.481357
-0.626488
-0.040162199999999995
1.49498
-1.06453
0.0
0.321211
0.24025300000000002
0.0340435
0.426101
-0.255619
-1.26457
0.396434
0.0
0.202773
-0.0172449
-0.537241
-2.5436
-0.173041
-0.9199780000000001
0.253469
-0.9152520000000001
0.15013800000000002
-2.25306
0.13049000000000002
0.385862
-0.516442
0.727051
-0.918877
-0.22934899999999997
0.155974
1.5099
-0.694009
-1.53539
-0.661972
-1.1792799999999999
-0.26348
-0.138369
0.03467990000000001
0.328972
0.388889
-0.129412
-0.559264
-0.241162
0.627304
0.45591099999999996
-0.36595300000000003
0.227294
0.0
-1.68746
-1.07035
-1.0277
0.172539
-0.7507010000000001
-0.35112600000000005
-1.39982
0.888915
0.433018
-0.213902
0.276329
-0.5828180000000001
-1.08969
-0.9059709999999999
-1.0021
-0.9190459999999999
-0.415092
-0.784189
-0.437067
-0.140372
0.6037819999999999
0.31911
-0.657169
-0.256121
-1.97469
0.0504543
0.343493
-2.55845
0.0
0.14948399999999998
-0.016807299999999997
-0.052034800000000006
-0.306935
-0.305652
-0.0282152
0.0
-0.767415
0.6365729999999999
-0.988823
-0.44890699999999994
0.287499
0.265219
-2.3245
0.473999
-0.29890900000000004
-1.8763299999999998
-1.11537
-1.6538700000000002
-2.2200599999999997
-0.11553800000000002
0.0240582
-0.909424
-0.141118
-1.8228400000000002
-0.0314378
-1.61601
0.0
-1.0925200000000002
-0.584435
-0.724592
-0.176188
-0.37598200000000004
-1.86075
0.0
2.16391
-1.41393
-0.345447
0.0
-0.684566
-0.49437
1.0499100000000001
0.0
-1.51295
-0.344519
-0.21361100000000002
0.121452
-0.9520290000000001
0.0405721
-0.199561
-0.797033
-1.9545099999999997
-0.13406500000000002
-0.448101
-0.802516
-0.45859700000000003
-0.593482
-0.7990689999999999
0.29635900000000004
-0.054957900000000004
-0.131071
-0.6555949999999999
-0.220056
-0.34373200000000004
0.195848
-0.185258
0.19512000000000002
-0.135133
-1.47607
-0.622155
0.156171
-1.3711200000000001
-0.621259
-0.811739
0.31502600000000003
-0.570964
-2.25561
-0.6975680000000001
-1.28735
-2.2982099999999996
0.592437
-0.524563
-0.150167
-0.782337
-0.75348
-0.501259
1.33322
-1.04061
0.583635
-0.310316
-1.28249
-1.6531
-2.57678
0.0
-1.04105
-0.489076
0.238598
-0.23466399999999998
0.317241
0.0
0.142034
-2.7467200000000003
0.9435389999999999
-0.156398
-0.228395
1.34419
-1.5411
-0.058730399999999995
-0.349576
-0.318693
-0.742321
-2.3416200000000003
-0.8190109999999999
0.0836934
-0.400469
-0.177144
0.0
0.187099
-0.544745
-0.746934
-0.916171
-0.700104
-0.631746
-1.75657
-1.81465
-0.685307
-0.301435
-0.386711
-0.406393
0.448466
-0.24174299999999999
-1.07566
0.527764
-0.8133060000000001
0.0652785
0.563569
-0.324044
-1.12952
-0.67099
-2.02313
-0.43110600000000004
-0.312246
-0.8013520000000001
-0.839781
0.0
-1.8273
0.44164
-0.317234
-0.521189
-0.690175
-0.204013
-0.8831450000000001
-2.07154
0.0
-0.585983
0.0
-0.316682
-0.622199
-0.8522200000000001
-1.3283399999999999
-0.42995
0.583443
-0.857068
-1.3027
0.517355
-1.3153700000000002
1.07592
-1.2252100000000001
-0.39871999999999996
-0.302546
0.25954099999999997
-0.950784
-0.8961969999999999
-0.632831
-1.73925
0.8335790000000001
-0.24226399999999998
-0.11958699999999998
-0.5803510000000001
0.491379
-1.06659
-0.0921849
0.328156
0.683621
-0.258892
-0.736783
0.0
-0.40416799999999997
-0.332291
-0.570326
-2.2701599999999997
0.0983302
-0.393842
-0.46001899999999996
-0.150176
-0.9685
-0.460438
-1.72396
0.47595699999999996
-0.6290020000000001
0.308514
-0.737453
-0.705066
-1.00558
-0.5017510000000001
1.02401
-1.27101
-1.05965
0.326144
-1.6981099999999998
-0.27994600000000003
-0.44444700000000004
-0.8827959999999999
-0.979109
-1.7604
-0.40044
0.218795
0.0
-0.0931251
0.20397300000000002
0.11701099999999999
-0.27765300000000004
-0.023605900000000003
-0.520506
-0.39900599999999997
-0.157163
0.862392
-1.3553899999999999
-0.0832589
-0.265777
0.0626384
-0.9953069999999999
0.0
-0.7954180000000001
-1.25655
-1.31345
0.000376902
-0.692521
-0.769679
-1.05779
-0.442799
-3.9926699999999995
-0.794998
0.21703899999999998
0.12082799999999999
-0.553874
-1.43435
-0.3491
-0.865608
-2.00264
-0.41798100000000005
0.0
-0.57308
-0.0388698
0.0
-1.4424
-0.729809
-0.674952
-1.0259200000000002
-1.9547700000000001
1.06279
-0.144009
-1.83008
-0.744374
-0.410603
-0.184057
0.454157
-1.42813
1.28529
-1.3513899999999999
-0.46393500000000004
-0.462055
-0.794906
0.3015
-0.5809300000000001
0.0
-0.792347
-0.648333
-0.179079
-0.57791
-0.49007399999999995
-0.615908
0.141629
0.0
0.0
-0.6607770000000001
-0.065558
-0.0641604
-0.125941
-0.6251140000000001
-1.01175
-1.08206
-0.5440619999999999
1.24698
0.0
0.0323287
0.12039200000000001
0.342634
-1.28968
0.0
-0.037114499999999995
-1.49081
-0.700926
-1.87632
-0.63358
-0.44263800000000003
-0.42573
0.348086
-1.76774
-0.137785
0.8922680000000001
-0.418497
-0.607462
0.252188
-0.8924059999999999
-0.8472719999999999
0.0368394
0.691624
-0.29240900000000003
-0.605011
-0.381358
-0.761679
-0.225806
-0.914241
-0.229627
-0.7900010000000001
-0.869793
0.09249389999999999
0.246682
0.0
-0.696956
-1.48214
-1.10683
-0.7761979999999999
-0.388943
-0.325829
0.00817916
0.341675
0.6077819999999999
1.75909
-0.9290780000000001
-0.298108
-0.731842
-0.584018
-0.37404
0.489554
-1.2566
-0.0609186
-0.5186609999999999
-0.47211400000000003
-0.148411
-0.195875
0.7551720000000001
-0.77266
-0.274892
-0.548135
-0.0419358
-0.858497
-0.233844
1.21655
-0.8043239999999999
-0.32660500000000003
-0.228929
-0.291245
-1.14632
0.028735200000000002
-1.19789
-0.703763
0.0
-0.41329399999999994
-0.270185
-0.485308
-1.17141
-1.17468
-1.10548
-1.02976
-0.08554049999999999
-0.246247
-0.45936499999999997
-0.04312
0.457312
0.67264
1.03601
-0.965168
-0.160557
-1.05437
-1.46348
-0.106724
-0.6058819999999999
-0.24615900000000002
0.735152
0.0
-0.47292
-0.538572
0.0
-1.01144
-0.6393479999999999
-2.68479
0.37902399999999997
0.115443
0.0
-0.993166
-0.218444
-0.827572
1.23125
-0.346029
0.0012795999999999999
-1.6496400000000002
0.0447672
-0.1126
-0.392866
0.0
0.0
-0.00924366
-3.16435
0.0
-0.754967
-0.803162
-0.116803
0.609769
0.649744
0.18493099999999998
0.29858
0.11781400000000002
-0.312299
